   0
   0.1042682023933809   0.029545460611982155
   0.019437207602348638   0.03879740037787199
   0.06848770560063851   0.011934730888934977
   0.11704293889686117   0.07711810981092664
   0.0535868605489294   0.08398437977880009
   0.09379933299888184   0.06509730860863903
   0.0584472727537189   0.08661725428544059
   0.08860023872767626   0.06852984757787034
   0.05872425408341585   0.009759153547986184
   0.08247580253037254   0.02841345905072145
   0.018414184155228046   0.006786653145722991
   0.10409869758219438   0.07956408080955298
   0.015188835074239609   0.005192209177345778
   0.11385107268716951   0.027784135939602442
   0.08945262578432961   0.015200123553856332
   0.09372706688959048   0.08650045759160056
   0.012193045116836542   0.02848787005705661
   0.024038095958196202   0.01419384538813862
   0.07721494643575115   0.020306983061338973
   0.01848668645840189   0.016566287837349907
   0.11127622675248283   0.017156012009972903
   0.10867964909021194   0.0832346229912957
   0.019975365797509637   0.07873528832459906
   0.05956232579681559   0.04780094530557325
   0.0539805866472068   0.01920908997269298
   0.05257324185404474   0.06043036910746621
   0.022335888814775436   0.06381547392415109
   0.05154194449680659   0.08756571417914702
   0.036130982652821664   0.05159738762393006
   0.04848281448650585   0.02712654599021896
   0.038780152487766624   0.08648092278383852
   0.07947369077694404   0.08847642685637509
   0.08851930731695173   0.04509733247961827
   0.07275058757834683   0.0635975959000508
   0.08650104326732037   0.03763523892138781
   0.0939983862336706   0.011286243819979688
   0.07904424956196228   0.08261770503787444
   0.1005722664749434   0.030774404646982865
   0.10917781032431573   0.03582611674369645
   0.05504579410292334   0.005995898252051435
   0.040607234122921124   0.028638626626281045
   0.09504893868024714   0.05974417423097476
   0.029628506754568802   0.01881563271512371
   0.03783295830920871   0.012218772464984436
   0.037378926479226304   0.003925037457606462
   0.11515287835043622   0.002578134650492483
   0.05379167247588796   0.0769910812844322
   0.0905158813517762   0.02447621382957545
   0.09319181339764898   0.026663888108120558
   0.0781652541673328   0.058986844959521605
   0.013674463685178457   0.04647272206321116
   0.026363495477160614   0.017826177660360387
   0.0383974508328271   0.05459154223996708
   0.07720596631969139   0.052673500496398885
   0.015795276551735574   0.0772717962763145
   0.00889851983441663   0.04283317365395938
   0.01042367626197538   0.010385466965602712
   0.06394459168401223   0.03219259955166692
   0.10111723735100626   0.05942561502598226
   0.11017722460065328   0.043170424276767795
   0.0316996767271799   0.012508338359633935
   0.06777134632181939   0.08351620372085575
   0.08565781708213246   0.007478606622409395
   0.06304429909498015   0.052509073902695665
   0.015413988264063509   0.08749910620445937
   0.06610752462053791   0.019195845119674048
   0.004914479578614196   0.05432833138172432
   0.09859343898498514   0.06962030902510136
   0.024741015529438273   0.03904013822422606
   0.06674889478514856   0.03952597819899556
   0.09984769372066125   0.07920152640728163
   0.08332759068557752   0.08350890502595719
   0.03025530243589743   0.05460090526396094
   0.08151207952194921   0.060324564404378285
   0.016293531165354872   0.010060884170031372
   0.04599975368032065   0.032917563347587546
   0.009425747519005268   0.04820242703848099
   0.09847191203142404   0.07323431226145824
   0.0497969344522641   0.030208480839509683
   0.034740263411190096   0.02292647096170912
   0.06536089120222562   0.04987325587472457
   0.0944664861381994   0.07844009787396627
   0.1184650303866781   0.06561083031476019
   0.034827760248152276   0.0816832100598284
   0.029802577846783633   0.08784961207499174
   0.07124134046469414   0.07353931537390436
   0.045930359311861985   0.06196500843813513
   0.043188240927269674   0.004809444547034458
   0.07044994807828293   0.02923366188093369
   0.00626793138381391   0.01426916044823875
   0.059541187331233855   0.05968832995064099
   0.005154650961787034   0.059783480946298054
   0.04012764921260109   0.03311342169860189
   0.09792517391894147   0.022921724135507967
   0.02350404654285774   0.01994682605615944
   0.09092476401280032   0.0755597262821568
   0.05633198437192065   0.062435730680762164
   0.10142915584716862   0.04313240834544918
   0.017125404016012976   0.057732119442817045
   0.08315403480834743   0.03370466003563832
