   0
   0.06174443259915734   0.0668649426792697
   0.07037380547755367   0.012086743324357451
   0.034513192258881026   0.02230280991017495
   0.06964499524312769   0.04822806838650645
   0.05340437332342494   0.013697830670313282
   0.03101597503757424   0.034549701989345996
   0.04084298011340934   0.03211846027845505
   0.058830579951960386   0.0639668034972423
   0.10036617211487156   0.06274386672399604
   0.08862674793710289   0.026698393212940024
   0.07543875404413307   0.03999878567737688
   0.10596363535232817   0.0524859533447694
   0.05364860003640629   0.03365013862379505
   0.11517955916292472   0.08105649511184537
   0.07805295231987901   0.05720787170763816
   0.03501389302733935   0.05300282880241145
   0.04798702685121871   0.06177863123327864
   0.0353348519025281   0.07756343033702454
   0.0022550693873357773   0.035828737857391636
   0.049890051067446595   0.05238073064472824
   0.039822429313052625   0.07739832888399363
   0.016224706218184108   0.007837949194060403
   0.056661547907835744   0.06708420267843869
   0.02579640184751356   0.05098585260749496
   0.06026807735790202   0.011152097511084046
   0.03162653088517436   0.07296934134944562
   0.017135657164581302   0.043253459238201036
   0.041966301961059924   0.06671945134232994
   0.058847771937060304   0.005358451959996003
   0.0763340215419958   0.06271110915450877
   0.11246577438089679   0.07359388423928916
   0.056698894566865894   0.045968733227981166
   0.01554417868648707   0.047280765509895344
   0.0693028644060442   0.017950080817341927
   0.08215814104786962   0.031189649929760848
   0.08425269187498932   0.06635191321357808
   0.0970235420306791   0.057914930397395675
   0.04608877249400227   0.04543848456933246
   0.06767598507567002   0.0670809488630715
   0.04178121118243156   0.05628356271298903
   0.004455048722231389   0.04013317864172997
   0.11408202723128058   0.03769901673089449
   0.020060863768527774   0.05520277132126113
   0.11065884489949424   0.08165966804294547
   0.04287020844397834   0.013545769581956236
   0.052579142357519766   0.08010328920183644
   0.03926499639570384   0.06032402867008161
   0.0905203325019221   0.007669280684070353
   0.0242393821325723   0.08814460054487433
   0.09701164738600825   0.08388648932726617
   0.10288691945657746   0.056605875017255884
   0.08570634481074307   0.057725912966433944
   0.08028127984426676   0.03505804455966825
   0.05305875909644949   0.0590864719597258
   0.08306579365104239   0.05439741049118867
   0.08530579353284387   0.014754614239667811
   0.04591303799881854   0.017378341602741956
   0.044170037037133215   0.050037198660382344
   0.08414419074482765   0.024686336104797924
   0.004163969852039222   0.061266307935368504
   0.024619671930569822   0.00666836232458639
   0.0061213581522313616   0.07656322034212562
   0.012778505157393417   0.07108282291997294
   0.07526591113438699   0.05122964402279125
   0.09736388877779453   0.005432775641049818
   0.11611172676059371   0.08540503876435747
   0.08247066448862486   0.08290184490079132
   0.10240999267649414   0.021791480970001793
   0.10169053123769789   0.01174122378938318
   0.00792384489326849   0.002015236872041254
   0.002335531738935   0.01703531261503505
   0.05775918066287885   0.04045960190603454
   0.08929245451049263   0.07419910870869044
   0.10703785798351895   0.038405947771734415
   0.04994068579308532   0.0754808924331474
   0.030113080998714802   0.014374554146801274
   0.10627663630715617   0.034849759584545746
   0.010560193030409348   0.06029235358320108
   0.05032519297561195   0.005809768023401425
   0.01907747356645293   0.04596698930317599
   0.05180860242370929   0.06359793389687161
   0.0771444097411718   0.07257790433522675
   0.05956936588917691   0.033415135840890814
   0.09212106249418239   0.0026690059937984215
   0.022171397956747586   0.0656496962967086
   0.011098143183751248   0.009092316511174913
   0.07422711473625251   0.019994238440547315
   0.10423541350213165   0.006874726338346345
   0.06828724743455046   0.07819815830671475
   0.029972999921490214   0.05698212186794259
   0.03027404009239416   0.04794382537751862
   0.019394339998035158   0.021572179516138493
   0.051400764881712614   0.04176004249532152
   0.015506673726871936   0.08778464965214475
   0.04316714304198664   0.004343692660783936
   0.06769719993690032   0.07173554469487708
   0.036011213083770026   0.009649059097288179
   0.09338150805693464   0.0304535169181527
   0.006907518480884011   0.03015376048366711
   0.07289940073839847   0.026081697503422076
