   0
   0.03057565288590399   0.045264004155498756
   0.007759241985924209   0.05443526941282569
   0.10652935638230122   0.0881853591327514
   0.098177982098383   0.07728631540746937
   0.03949751830166111   0.050801808853251466
   0.06105529791281049   0.032333603913912844
   0.05781860292086597   0.05415320468060484
   0.014341574074899359   0.08464351318348146
   0.018799885032558156   0.06340715644511777
   0.09082666326663458   0.014613958620893852
   0.06552481553272696   0.08797162292431003
   0.09569626095135807   0.05165665998634478
   0.006304598488061818   0.005167570683253594
   0.07937021959693492   0.06262354897381409
   0.006859305805763254   0.08527882260751506
   0.057972361843663965   0.03993848152599995
   0.09044376807430547   0.005513957441958666
   0.09373927220159159   0.0338475236327257
   0.005169629786088514   0.03135168799526831
   0.10503987416154426   0.009372035392064519
   0.08371731261016069   0.06089637892544523
   0.06644810395195623   0.011438380960400705
   0.011480278827024732   0.03824441167904899
   0.06748767705630926   0.057266528360950884
   0.09193887442145185   0.04845488383970949
   0.002251063565351757   0.04042692128098026
   0.10472214370573191   0.04552960784661887
   0.11008393551024055   0.01602090349254828
   0.11138341445231713   0.06683773386026105
   0.09592194890569258   0.019204663158509456
   0.050668417921800546   0.05176001069097778
   0.09119976978673157   0.055069377422774145
   0.041209472480372954   0.007617496695284597
   0.0946097012143615   0.0077927093245573065
   0.09527755554348304   0.01315823176967472
   0.055701429257529834   0.011120507927412657
   0.11639460545460883   0.016760469035736414
   0.09187305292215538   0.022409498701626538
   0.09055302026190785   0.08641536526870106
   0.027398835559200543   0.06558256062489569
   0.10912556730186891   0.020313504244799246
   0.04889585437116182   0.0363335877808404
   0.03973456626377569   0.027099662158757663
   0.10588648087412271   0.035598966477241
   0.01145624956611868   0.07900794172708078
   0.06337019522355408   0.01584713936233789
   0.09478796350864407   0.003322810549593584
   0.03394809135274723   0.019955549023077432
   0.010263829522180086   0.056563701189587146
   0.11057957864349219   0.04888068571828162
   0.021468779884473727   0.01646175470347772
   0.06849315089475318   0.050982362446248666
   0.01847141015441681   0.08018694081290402
   0.049121744414079106   0.027737215430666446
   0.08918808485150208   0.05966935363659628
   0.07475141347335594   0.04946804580261156
   0.02722652867015372   0.08563747890480271
   0.022273791235716406   0.010948339084495336
   0.10789535845540947   0.04014815357185012
   0.04363552087627778   0.08626978740961298
   0.02140702311593082   0.031113871850094142
   0.03529965260263447   0.07507466113511509
   0.10628378357330079   0.06044238405051696
   0.002206977358330988   0.011945499314162111
   0.08322329643483263   0.049138784456494375
   0.03686022650808525   0.07875491347848607
   0.009587424030158428   0.046581091234455044
   0.05282752346943063   0.005381534862293407
   0.08238902546215769   0.006872899916883998
   0.11425737262300453   0.08334208728180272
   0.08757281462775947   0.06291477142190559
   0.0803692652620395   0.07370496895587515
   0.08921029829512811   0.03009572698293357
   0.041648966416174174   0.024066879434875996
   0.07426862231642616   0.01690627768498915
   0.0947791863688303   0.039355255150485075
   0.04617373016801342   0.011331887792369814
   0.014420945139452806   0.010486574678633896
   0.1003320988517135   0.0540699430837029
   0.10869258590608484   0.029805279934397327
   0.012834593567452009   0.068972905599073
   0.07477466377881455   0.03697788071304213
   0.11284223527997447   0.023593881193430463
   0.012968203252372886   0.023011635245347117
   0.02893926719980524   0.038405580977395486
   0.11313887526317311   0.08779862714150624
   0.05364028153031381   0.05008156483513767
   0.025925963185076797   0.0737508434696211
   0.112723563188438   0.07921585649999642
   0.04008847544397174   0.05848488414558433
   0.0627092728392479   0.06152124948662956
   0.04539460503082019   0.05309408965844457
   0.11576412277960045   0.05874713159638757
   0.05027261287839946   0.08165066991336174
   0.09315926474440288   0.06090927804578953
   0.07482704524433824   0.02404567838479805
   0.05411647842929107   0.03865657228005853
   0.053326284052565565   0.03342947683733958
   0.11668120791187366   0.05069524943996497
   0.048315937623254944   0.07297103242661651
   0.05446355583030213   0.04358323054918889
   0.021032329524094322   0.003912815578692177
   0.07706800371504775   0.0025532262540802105
   0.00710528221047812   0.024836391365211347
   0.08424049116161982   0.0661267638199364
   0.08062943737526214   0.031664246345163946
   0.060196358732249544   0.04848635852395603
   0.07953396004713717   0.009614277268178033
   0.0639544447033608   0.05180707759550931
   0.018669614917798043   0.04880854032805335
   0.010417236088623312   0.02863111056770665
   0.02497340306030099   0.044148568472199404
   0.07817311469712984   0.04360610368700294
   0.03388699672186864   0.06489508112514095
   0.05756769477987915   0.06686572129287
   0.07344605280628869   0.04105573216913767
   0.04485516996859748   0.0402872447726888
   0.09951111976285348   0.072070598318934
   0.1167424644323578   0.037285640809583666
   0.002944462386150198   0.02869143108995714
   0.10611755803143373   0.06925343411806327
   0.11269323271468192   0.05736952457631592
   0.09043540424171566   0.08070058049840931
   0.08555284830931104   0.010820247824896986
   0.01908744170561786   0.0370411520539414
   0.015362736228543067   0.017231034884557576
   0.003661618946986371   0.05436933397726492
   0.023261921915916476   0.08540472684365318
   0.018098018195299322   0.041075283343994906
   0.014681896624032586   0.03407040806899585
   0.04816842286356285   0.014410224854787169
   0.10735630238048244   0.0520843246502106
   0.10398807205609296   0.07478820052423266
   0.042670382870853174   0.06699772809180778
   0.0723796263035416   0.057642443963094724
   0.05127236839125368   0.056589587200328605
   0.08104288230851357   0.05858882755252144
   0.08699909394661823   0.07718031950143571
   0.06613112233015883   0.006452132266539892
   0.04988719308838637   0.05978948382850984
   0.03813542993605823   0.020119707860010383
   0.042297312066068654   0.048706559218873215
   0.058177042250891216   0.0066606547318635665
   0.05473025946550925   0.07486566150900126
   0.08099962582863016   0.053700780304973404
   0.021073372835292765   0.07321345376725699
   0.02257205165192205   0.04775190980018583
   0.04304558930169193   0.06026638183942791
   0.02053706280275415   0.05508891949761627
   0.009518699083847285   0.032079477808072354
