   0
   0.10345689611641076   0.010464423769999684
   0.07068676817654476   0.08411781976206693
   0.027800495522848762   0.021883934163739627
   0.10195660634634285   0.04755731587518839
   0.056759216942955375   0.08076610580463789
   0.06567051486916613   0.08208588286489413
   0.04510111090377259   0.029016169295899917
   0.08272030847845761   0.0024000603556033843
   0.10028802948491629   0.02905313091571315
   0.10170488865150959   0.06038550846868084
   0.08308984758225578   0.023477803594323842
   0.09068692379229153   0.029719038410747134
   0.02276296819457205   0.04227870361543451
   0.10445501677385592   0.055895945130889926
   0.044653348912559655   0.08499105102509925
   0.1044392688851821   0.026687269942584323
   0.00963609087970234   0.026957580970773738
   0.046557915224506766   0.06274934154059403
   0.055761612632825426   0.07029189072075984
   0.01930898872476146   0.005044529635742076
   0.10284266089737487   0.0723160951911514
   0.011487008905771704   0.07613407201708892
   0.09476293779573697   0.04480432030174514
   0.07725732015654611   0.010610093925297569
   0.11558721564717944   0.011987952961548145
   0.0892228068731533   0.002349703394747325
   0.0876033661141027   0.05293835796374699
   0.08499386008888313   0.07791427129216683
   0.07602702260780808   0.020556252450394736
   0.014720150313125803   0.007065855374919867
   0.08123736328525068   0.07372726968806623
   0.07546530087221408   0.06458868077524209
   0.0662673372758502   0.03484982972011092
   0.01938339063936045   0.08092498432864037
   0.0730759823041666   0.0569435854935484
   0.08399288531706728   0.07057456208916893
   0.00331460970444373   0.07015383780826047
   0.03150974570097242   0.0037310897010517517
   0.04703312574324995   0.0873517969853917
   0.07470870765713035   0.06900794351957824
   0.03793737328907831   0.0551026127997474
   0.00959702718275875   0.035688661297658304
   0.1024786218151882   0.023551968181250067
   0.022158097245991024   0.03459383488286295
   0.014268860104547362   0.07116613193732751
   0.10434444216248247   0.015928303277462568
   0.03253229084468558   0.022769909734783222
   0.012827817707759233   0.06673949243956759
   0.07314364855878164   0.0745078371962613
   0.08338831542962653   0.04792633426795303
