   100
   0.0015   0.01   1.0   2.36487352612537
   0.0015   0.01   1.0   1.0690339164845137
   0.0015   0.01   1.0   0.6164549904160007
   0.0015   0.01   1.0   0.9410110361272307
   0.0015   0.01   1.0   2.1694253386380287
   0.0015   0.01   1.0   5.048160569223251
   0.0015   0.01   1.0   2.5154222872814866
   0.0015   0.01   1.0   3.359185423776116
   0.0015   0.01   1.0   0.7660415803820532
   0.0015   0.01   1.0   5.4631579791239435
   0.0015   0.01   1.0   2.310440945293716
   0.0015   0.01   1.0   4.271861960776689
   0.0015   0.01   1.0   0.20717823894142468
   0.0015   0.01   1.0   1.0670054095756003
   0.0015   0.01   1.0   4.608250972913624
   0.0015   0.01   1.0   4.485858702997148
   0.0015   0.01   1.0   2.3120648479406687
   0.0015   0.01   1.0   3.898210397746105
   0.0015   0.01   1.0   0.9832078722306147
   0.0015   0.01   1.0   1.4897184208743173
   0.0015   0.01   1.0   4.504883799363836
   0.0015   0.01   1.0   4.473104615218981
   0.0015   0.01   1.0   4.986215427246035
   0.0015   0.01   1.0   6.129373510355609
   0.0015   0.01   1.0   0.6721420853487434
   0.0015   0.01   1.0   5.3360199519854135
   0.0015   0.01   1.0   4.550430815390638
   0.0015   0.01   1.0   2.8087335487210945
   0.0015   0.01   1.0   2.2058927887113753
   0.0015   0.01   1.0   3.0041040830678387
   0.0015   0.01   1.0   0.4351758986927026
   0.0015   0.01   1.0   3.4810750944412203
   0.0015   0.01   1.0   3.593941623321303
   0.0015   0.01   1.0   5.842046884331552
   0.0015   0.01   1.0   4.4386209924009234
   0.0015   0.01   1.0   1.1588963324637915
   0.0015   0.01   1.0   4.339942545015207
   0.0015   0.01   1.0   2.964140368041898
   0.0015   0.01   1.0   2.081082544684831
   0.0015   0.01   1.0   0.6111492757794824
   0.0015   0.01   1.0   4.910903450173042
   0.0015   0.01   1.0   0.869123013637852
   0.0015   0.01   1.0   1.4912390606501988
   0.0015   0.01   1.0   3.7535413571272866
   0.0015   0.01   1.0   3.684278963944179
   0.0015   0.01   1.0   3.3530693922002217
   0.0015   0.01   1.0   3.7597289751412624
   0.0015   0.01   1.0   4.792803363867252
   0.0015   0.01   1.0   0.9617346936061815
   0.0015   0.01   1.0   5.9631307537727976
   0.0015   0.01   1.0   1.3857894741467003
   0.0015   0.01   1.0   1.7427086154647233
   0.0015   0.01   1.0   3.2619099582511617
   0.0015   0.01   1.0   5.133441725265284
   0.0015   0.01   1.0   4.438236686717624
   0.0015   0.01   1.0   1.532420887230382
   0.0015   0.01   1.0   3.7337080464663073
   0.0015   0.01   1.0   4.626453249039552
   0.0015   0.01   1.0   4.522831781373191
   0.0015   0.01   1.0   4.426002048362637
   0.0015   0.01   1.0   5.742139560005023
   0.0015   0.01   1.0   0.2891990012239534
   0.0015   0.01   1.0   3.6204525528513596
   0.0015   0.01   1.0   6.148808328841353
   0.0015   0.01   1.0   4.612160512245185
   0.0015   0.01   1.0   1.2564245913557655
   0.0015   0.01   1.0   4.35227035679232
   0.0015   0.01   1.0   2.1756090168239077
   0.0015   0.01   1.0   0.09259231248090734
   0.0015   0.01   1.0   6.28138116251733
   0.0015   0.01   1.0   3.3365758483496397
   0.0015   0.01   1.0   0.2889269943514561
   0.0015   0.01   1.0   1.2690255233005394
   0.0015   0.01   1.0   0.5052407717356245
   0.0015   0.01   1.0   3.3898927610086482
   0.0015   0.01   1.0   0.25109136925339837
   0.0015   0.01   1.0   2.2522881850402103
   0.0015   0.01   1.0   5.731816185620711
   0.0015   0.01   1.0   1.6226440565109477
   0.0015   0.01   1.0   3.161268933575995
   0.0015   0.01   1.0   0.7320945410275853
   0.0015   0.01   1.0   6.155557607434303
   0.0015   0.01   1.0   1.1992595361295106
   0.0015   0.01   1.0   3.364572310056878
   0.0015   0.01   1.0   0.821011049261723
   0.0015   0.01   1.0   4.594936932312794
   0.0015   0.01   1.0   1.665412278501036
   0.0015   0.01   1.0   1.0512675999352
   0.0015   0.01   1.0   1.2120968640948129
   0.0015   0.01   1.0   2.2299070664254335
   0.0015   0.01   1.0   4.432621860093345
   0.0015   0.01   1.0   2.07174423038884
   0.0015   0.01   1.0   5.906200314382657
   0.0015   0.01   1.0   2.6752524126377075
   0.0015   0.01   1.0   5.81029554877497
   0.0015   0.01   1.0   0.6078651085446599
   0.0015   0.01   1.0   0.8177775306462776
   0.0015   0.01   1.0   0.0033790994679118334
   0.0015   0.01   1.0   3.7811875520940914
   0.0015   0.01   1.0   1.0685472742061333
