   100
   0.0015   0.01   1.0   5.678888557965946
   0.0015   0.01   1.0   4.458805059580091
   0.0015   0.01   1.0   1.4840263216269514
   0.0015   0.01   1.0   3.3360128473068102
   0.0015   0.01   1.0   4.132782409863025
   0.0015   0.01   1.0   2.4388108760748786
   0.0015   0.01   1.0   3.1000547194058434
   0.0015   0.01   1.0   2.409765532132838
   0.0015   0.01   1.0   3.039374974306925
   0.0015   0.01   1.0   3.5483224386625287
   0.0015   0.01   1.0   3.1720531453373133
   0.0015   0.01   1.0   3.9527635367451963
   0.0015   0.01   1.0   5.330185911126287
   0.0015   0.01   1.0   4.389040583370171
   0.0015   0.01   1.0   0.22525424058529464
   0.0015   0.01   1.0   3.877060160959668
   0.0015   0.01   1.0   1.9096920942897475
   0.0015   0.01   1.0   4.968026593940178
   0.0015   0.01   1.0   5.4943012911902125
   0.0015   0.01   1.0   1.5560269444667751
   0.0015   0.01   1.0   0.025333654402555018
   0.0015   0.01   1.0   0.9472362479229137
   0.0015   0.01   1.0   4.243890931444353
   0.0015   0.01   1.0   5.596219659748056
   0.0015   0.01   1.0   0.09960580601181356
   0.0015   0.01   1.0   2.9170579852234306
   0.0015   0.01   1.0   6.148608172462513
   0.0015   0.01   1.0   3.613577057071553
   0.0015   0.01   1.0   0.9126147191478419
   0.0015   0.01   1.0   4.086730736243798
   0.0015   0.01   1.0   2.2267795882252734
   0.0015   0.01   1.0   1.63485628079854
   0.0015   0.01   1.0   1.01219681612116
   0.0015   0.01   1.0   4.077288952958416
   0.0015   0.01   1.0   2.007376843130924
   0.0015   0.01   1.0   4.948129465025134
   0.0015   0.01   1.0   4.78101894902699
   0.0015   0.01   1.0   2.859075425585453
   0.0015   0.01   1.0   0.8347424090125328
   0.0015   0.01   1.0   5.882038945006388
   0.0015   0.01   1.0   2.228125744227836
   0.0015   0.01   1.0   2.7294772827512843
   0.0015   0.01   1.0   5.252998629801133
   0.0015   0.01   1.0   5.367868389482105
   0.0015   0.01   1.0   4.774053767511065
   0.0015   0.01   1.0   1.2057145839368908
   0.0015   0.01   1.0   5.8534416201912
   0.0015   0.01   1.0   0.16053623847813797
   0.0015   0.01   1.0   1.2585941694380658
   0.0015   0.01   1.0   0.27241036868605334
   0.0015   0.01   1.0   5.7077491131330556
   0.0015   0.01   1.0   5.290867705669661
   0.0015   0.01   1.0   3.631790941283539
   0.0015   0.01   1.0   2.795549064309084
   0.0015   0.01   1.0   2.6183047860440234
   0.0015   0.01   1.0   5.054837103212958
   0.0015   0.01   1.0   5.3361268531078325
   0.0015   0.01   1.0   3.5888381233724873
   0.0015   0.01   1.0   1.708464868282713
   0.0015   0.01   1.0   2.164498973453938
   0.0015   0.01   1.0   3.0031970593744717
   0.0015   0.01   1.0   3.781294073796198
   0.0015   0.01   1.0   3.9165799192915633
   0.0015   0.01   1.0   1.7317312041984145
   0.0015   0.01   1.0   2.267168959068339
   0.0015   0.01   1.0   1.1046413620170679
   0.0015   0.01   1.0   3.535620189945118
   0.0015   0.01   1.0   5.768524817501343
   0.0015   0.01   1.0   2.0363631764640497
   0.0015   0.01   1.0   5.67284349129591
   0.0015   0.01   1.0   1.0464997419787787
   0.0015   0.01   1.0   0.08769839776161846
   0.0015   0.01   1.0   1.7377372194887852
   0.0015   0.01   1.0   4.923070791483768
   0.0015   0.01   1.0   2.9418107758689205
   0.0015   0.01   1.0   4.096784134873772
   0.0015   0.01   1.0   2.3259346994420462
   0.0015   0.01   1.0   5.547985351174345
   0.0015   0.01   1.0   0.8595197887608084
   0.0015   0.01   1.0   3.4910373437067377
   0.0015   0.01   1.0   0.4235590053101992
   0.0015   0.01   1.0   3.9424658804736765
   0.0015   0.01   1.0   4.42641682099256
   0.0015   0.01   1.0   1.5787262112676297
   0.0015   0.01   1.0   5.301466740497253
   0.0015   0.01   1.0   4.0730185473241045
   0.0015   0.01   1.0   0.1735733912607349
   0.0015   0.01   1.0   5.231761144884045
   0.0015   0.01   1.0   2.2870901482942045
   0.0015   0.01   1.0   1.1622894992603698
   0.0015   0.01   1.0   1.8457093863630043
   0.0015   0.01   1.0   1.645437230793656
   0.0015   0.01   1.0   2.2775995588674216
   0.0015   0.01   1.0   4.261576536247832
   0.0015   0.01   1.0   1.8434911936065754
   0.0015   0.01   1.0   2.56663509681881
   0.0015   0.01   1.0   0.8199187589251642
   0.0015   0.01   1.0   2.0770361334252865
   0.0015   0.01   1.0   5.429948723661216
   0.0015   0.01   1.0   1.9943436305900573
