   50
   0.0015   0.01   1.0   0.8510795382315446
   0.0015   0.01   1.0   1.089402683670971
   0.0015   0.01   1.0   4.200844354681503
   0.0015   0.01   1.0   0.8722255164458941
   0.0015   0.01   1.0   1.1239503381363922
   0.0015   0.01   1.0   1.5112757318535175
   0.0015   0.01   1.0   6.266461933245237
   0.0015   0.01   1.0   3.551736336855189
   0.0015   0.01   1.0   5.147829216086568
   0.0015   0.01   1.0   2.700646351026735
   0.0015   0.01   1.0   3.809060462107081
   0.0015   0.01   1.0   0.15618537914440217
   0.0015   0.01   1.0   3.546195963594066
   0.0015   0.01   1.0   1.499760895713628
   0.0015   0.01   1.0   5.676882661449669
   0.0015   0.01   1.0   3.469894068884911
   0.0015   0.01   1.0   0.18616575729828588
   0.0015   0.01   1.0   2.7070960783443816
   0.0015   0.01   1.0   3.3377030599215365
   0.0015   0.01   1.0   5.606959393099121
   0.0015   0.01   1.0   3.497121079954097
   0.0015   0.01   1.0   3.3905002581752446
   0.0015   0.01   1.0   0.02583716296944112
   0.0015   0.01   1.0   5.222313869107571
   0.0015   0.01   1.0   5.7511484777565975
   0.0015   0.01   1.0   2.4852810189978882
   0.0015   0.01   1.0   5.694231990887141
   0.0015   0.01   1.0   5.168783699295388
   0.0015   0.01   1.0   4.634467656211425
   0.0015   0.01   1.0   1.8286122012349642
   0.0015   0.01   1.0   5.151810551216978
   0.0015   0.01   1.0   1.2415792404765922
   0.0015   0.01   1.0   4.420854251971436
   0.0015   0.01   1.0   2.339616079772562
   0.0015   0.01   1.0   1.903734732872127
   0.0015   0.01   1.0   3.814455981023851
   0.0015   0.01   1.0   4.160974534668105
   0.0015   0.01   1.0   5.392887565227938
   0.0015   0.01   1.0   4.108057381704335
   0.0015   0.01   1.0   1.5928908612123105
   0.0015   0.01   1.0   5.047733399489773
   0.0015   0.01   1.0   4.552058071495908
   0.0015   0.01   1.0   5.698617360879468
   0.0015   0.01   1.0   5.610229641271439
   0.0015   0.01   1.0   4.524869683476458
   0.0015   0.01   1.0   3.543399786334939
   0.0015   0.01   1.0   3.0656134087041593
   0.0015   0.01   1.0   3.477384400027905
   0.0015   0.01   1.0   4.402432841268168
   0.0015   0.01   1.0   2.745968149672696
