   150
   0.0015   0.01   1.0   3.413057369519119
   0.0015   0.01   1.0   2.0707270020938933
   0.0015   0.01   1.0   2.7088099223952735
   0.0015   0.01   1.0   0.6055439497372943
   0.0015   0.01   1.0   0.713361925006428
   0.0015   0.01   1.0   2.4281169599729013
   0.0015   0.01   1.0   5.2784336243023
   0.0015   0.01   1.0   5.6792507287551794
   0.0015   0.01   1.0   1.8679078404904954
   0.0015   0.01   1.0   6.18958083624016
   0.0015   0.01   1.0   5.652267387764893
   0.0015   0.01   1.0   2.8013516583894935
   0.0015   0.01   1.0   2.949690535106122
   0.0015   0.01   1.0   0.8601198659745803
   0.0015   0.01   1.0   3.3868163944938603
   0.0015   0.01   1.0   3.8426055478483945
   0.0015   0.01   1.0   6.074956937947207
   0.0015   0.01   1.0   4.503799620333373
   0.0015   0.01   1.0   3.0924635487967587
   0.0015   0.01   1.0   0.670737937271873
   0.0015   0.01   1.0   2.9232600073866726
   0.0015   0.01   1.0   1.3565385487509438
   0.0015   0.01   1.0   4.911878639442642
   0.0015   0.01   1.0   3.631934182101395
   0.0015   0.01   1.0   0.07699752378128553
   0.0015   0.01   1.0   0.8920904380343484
   0.0015   0.01   1.0   3.9049181977124365
   0.0015   0.01   1.0   2.5563861096272817
   0.0015   0.01   1.0   5.0161731001953624
   0.0015   0.01   1.0   2.5989827042822977
   0.0015   0.01   1.0   5.11886717073942
   0.0015   0.01   1.0   2.5694239800827394
   0.0015   0.01   1.0   3.5294841823692504
   0.0015   0.01   1.0   0.05071264048361449
   0.0015   0.01   1.0   1.9296273450131878
   0.0015   0.01   1.0   6.166972088935206
   0.0015   0.01   1.0   0.7387381848594683
   0.0015   0.01   1.0   0.43440115512228
   0.0015   0.01   1.0   2.5920917042803704
   0.0015   0.01   1.0   0.4849259020964676
   0.0015   0.01   1.0   5.517177292257239
   0.0015   0.01   1.0   4.146050867205489
   0.0015   0.01   1.0   2.33209803561979
   0.0015   0.01   1.0   4.722104897670751
   0.0015   0.01   1.0   2.4329984349959495
   0.0015   0.01   1.0   2.213110464912306
   0.0015   0.01   1.0   2.0311377409891658
   0.0015   0.01   1.0   5.8497671910386195
   0.0015   0.01   1.0   5.228272918080722
   0.0015   0.01   1.0   5.574327321765119
   0.0015   0.01   1.0   3.049807545026337
   0.0015   0.01   1.0   3.0040995650144353
   0.0015   0.01   1.0   1.3391199108080345
   0.0015   0.01   1.0   1.314269415280926
   0.0015   0.01   1.0   1.8917332902709068
   0.0015   0.01   1.0   3.7276804027076986
   0.0015   0.01   1.0   2.234579341427289
   0.0015   0.01   1.0   1.7711376088027582
   0.0015   0.01   1.0   3.8016155594066317
   0.0015   0.01   1.0   0.5369254291434555
   0.0015   0.01   1.0   1.4346781925516643
   0.0015   0.01   1.0   1.4187347582088803
   0.0015   0.01   1.0   2.435079363128297
   0.0015   0.01   1.0   0.428223284364109
   0.0015   0.01   1.0   0.6085837125986615
   0.0015   0.01   1.0   3.0356213393732756
   0.0015   0.01   1.0   3.611109121024839
   0.0015   0.01   1.0   1.2144337603030035
   0.0015   0.01   1.0   5.567526332534772
   0.0015   0.01   1.0   5.730837567416808
   0.0015   0.01   1.0   2.205213069364125
   0.0015   0.01   1.0   3.9082623716650993
   0.0015   0.01   1.0   4.7144540740351735
   0.0015   0.01   1.0   5.904876559748536
   0.0015   0.01   1.0   5.914334065929403
   0.0015   0.01   1.0   3.4566177450610707
   0.0015   0.01   1.0   1.6197247601544553
   0.0015   0.01   1.0   1.0187588819072475
   0.0015   0.01   1.0   2.790250024664855
   0.0015   0.01   1.0   1.5998206648247109
   0.0015   0.01   1.0   4.930375682307696
   0.0015   0.01   1.0   0.4327999270527401
   0.0015   0.01   1.0   1.6276722408927797
   0.0015   0.01   1.0   1.9416741634365042
   0.0015   0.01   1.0   4.293999925942565
   0.0015   0.01   1.0   5.613080573741099
   0.0015   0.01   1.0   5.5950385912587945
   0.0015   0.01   1.0   5.196570840468826
   0.0015   0.01   1.0   3.395897397058315
   0.0015   0.01   1.0   5.900111151471134
   0.0015   0.01   1.0   2.6533921672680107
   0.0015   0.01   1.0   2.1165089945767352
   0.0015   0.01   1.0   2.339872661858728
   0.0015   0.01   1.0   0.7464836066252775
   0.0015   0.01   1.0   4.773109904941824
   0.0015   0.01   1.0   1.0241929122899074
   0.0015   0.01   1.0   5.785054392761241
   0.0015   0.01   1.0   5.389407154445864
   0.0015   0.01   1.0   5.092446654955143
   0.0015   0.01   1.0   6.2768267949511865
   0.0015   0.01   1.0   1.8994081312433895
   0.0015   0.01   1.0   6.011323124837347
   0.0015   0.01   1.0   0.8861595384969952
   0.0015   0.01   1.0   4.332179449769134
   0.0015   0.01   1.0   0.9246113732326934
   0.0015   0.01   1.0   3.088266817066313
   0.0015   0.01   1.0   1.7659322632596097
   0.0015   0.01   1.0   0.6937777668161271
   0.0015   0.01   1.0   0.08176540541457396
   0.0015   0.01   1.0   2.0791200025973238
   0.0015   0.01   1.0   4.881425705253406
   0.0015   0.01   1.0   2.725231735723622
   0.0015   0.01   1.0   1.9130468421610791
   0.0015   0.01   1.0   2.497621531329886
   0.0015   0.01   1.0   1.8546036817035059
   0.0015   0.01   1.0   6.250861474221646
   0.0015   0.01   1.0   0.9066814983754462
   0.0015   0.01   1.0   2.299408735378822
   0.0015   0.01   1.0   3.5481260993721504
   0.0015   0.01   1.0   2.7797914141736566
   0.0015   0.01   1.0   4.0552104244857
   0.0015   0.01   1.0   0.6031138653659623
   0.0015   0.01   1.0   4.470260248038264
   0.0015   0.01   1.0   5.298168167060923
   0.0015   0.01   1.0   5.115440672847119
   0.0015   0.01   1.0   4.596309989292844
   0.0015   0.01   1.0   3.6981717313638116
   0.0015   0.01   1.0   5.904557893437225
   0.0015   0.01   1.0   5.524906650182315
   0.0015   0.01   1.0   0.3901815236883706
   0.0015   0.01   1.0   0.20732534439484596
   0.0015   0.01   1.0   5.107992957135247
   0.0015   0.01   1.0   1.1664615935954543
   0.0015   0.01   1.0   2.7581565875167695
   0.0015   0.01   1.0   3.710206037729704
   0.0015   0.01   1.0   4.9684212083568715
   0.0015   0.01   1.0   5.760596162275106
   0.0015   0.01   1.0   1.6721047623946055
   0.0015   0.01   1.0   0.8955125446879064
   0.0015   0.01   1.0   3.5150141433281927
   0.0015   0.01   1.0   5.152982962556899
   0.0015   0.01   1.0   5.3084350497982475
   0.0015   0.01   1.0   0.2574111136766931
   0.0015   0.01   1.0   0.5422563199379036
   0.0015   0.01   1.0   4.98435525371242
   0.0015   0.01   1.0   0.8860884631254372
   0.0015   0.01   1.0   5.097487630870087
   0.0015   0.01   1.0   0.8861429811069599
   0.0015   0.01   1.0   4.172381127797123
   0.0015   0.01   1.0   5.433919495529212
