   0
   19.902736772319581   19.9497677005244
   19.989241411194473   0.045293335596168
   0.001537634801478   19.931630349262207
   0.037029205986322   0.0722040196462226
   10.0570748171385766   19.93941712957333
   15.01390794248987   11.171928648580344
   15.154843095326886   15.28745454229892
   3.0792278338591017   17.581246373588712
   11.689645704204372   1.5821863007367187
   16.972743025435303   1.7368211635855846
   2.9116631481914523   0.9496139825850647
   5.591193707729549   1.0677567908683483
   13.93441641793586   10.707082582698874
   13.846594309607305   17.73225971459381
   15.390912550576454   16.002189420638505
   6.110450599048187   16.20553793689522
   3.9328116082890685   18.839253426276674
   10.502034957737898   10.284908095136014
   19.593242919694248   8.736431688146837
   8.857757630108878   10.213406503315902
   18.96163670546673   12.404236336719245
   18.722574926701146   8.533357479636528
   3.685344230446994   9.30884681722019
   18.33328480877055   19.316494805860554
   17.50421816116703   7.581285220238554
   13.317460498720727   9.577413499562496
   11.840738403800302   0.4561647864543139
   14.710690869290723   13.96225834558917
   19.90967738557376   7.271388820649049
   0.198685573846585   7.2147311756856425
   12.377690303685565   5.032820759956859
   1.2197266695485176   13.45664828565627
   13.794640367657184   16.645617898125856
   11.21684158750989   11.980430353778864
   18.3348657070758   0.13656673313610757
   8.907986575371039   16.03607646177454
   15.827997679522177   19.539412842646126
   17.94643001123925   4.00531542487921
   4.625357541735291   12.587847070765037
   9.172438085786572   15.390795850692303
   6.539352289810896   2.9584485231347046
   16.81126355528938   17.20832407982432
   10.909706529020704   15.528557490247788
   9.451351086837171   19.655321581667945
   19.791768843815174   1.9616950684244494
   3.9405780941141333   8.33882634599645
   4.328538271292059   10.905812481939455
   12.467250282251578   13.88151765043033
   13.55945900408531   2.187299907158211
   18.346486350818378   1.384406255573467
   1.2354493288105917   7.6063492131081905
   4.41152276843547   12.009976655782562
   13.651019638434327   2.2869173623350747
   9.413389848090926   6.859743071884075
   12.070758514228935   10.007190374193112
   2.4612949143484286   9.355312204908408
   7.018855617903698   3.534112170709145
   3.2899815028575263   16.492225168224767
   18.51675341635331   16.708191182726402
   17.019214835061412   11.620995628875544
   6.295407140833477   18.8724577093138
   16.074462971748357   1.8199139327706537
   17.075057172968254   14.212098517002755
   9.066757152761465   1.4593573994529963
   12.196809918335788   18.66895842856357
   6.683593776422936   10.217487068647257
   8.206737904811368   15.317741881434808
   8.021680522544592   8.592379375307255
   5.434611564581619   15.438419211357516
   7.296209279857193   16.865788050527062
   15.175787171593068   16.991985814805602
   0.49025774600745864   14.508901993984779
   4.776169695979336   14.80438564420666
   14.26182469164722   16.18059873885407
   1.7365947795320857   17.486066572600453
   5.30490820492068   7.7538756669891935
   12.894357317828964   4.96228402928534
   7.364949805470613   1.2162721948613986
   2.8060407878720617   17.461939565385414
   15.237856461307931   10.825275278954482
   16.6471975752636   1.9103808020923863
   10.33574610088631   4.5598374820787635
   7.2608310007685954   14.894259639356743
   10.78143766650534   4.694306005141211
   13.428058066422013   12.71419152472648
   10.497640928835843   19.231212156390328
   17.00070468962766   8.513622320156212
   16.38568241721044   1.9645266498260394
   0.2270260496056764   4.069960460566042
   0.44253503238687264   3.105143022024903
   11.418130848506664   9.556690639274098
   14.543800658013911   4.6855126103355005
   7.0440886328882435   8.432839857276802
   9.624221251325755   15.370498487575208
   11.415132009460278   6.588829256635373
   18.116189072784685   7.836686308422005
   1.2947447913603227   4.975388304809625
   18.76063680406013   18.542539506927447
   2.107844320850183   13.164877204213486
   6.283591846202929   14.496936448675022
   14.848677919837561   17.642017444323365
   14.935587112005877   4.543797952627551
   18.35944978625694   13.093674854791145
   14.520033724381777   13.71565528676987
   10.342104292320752   17.565013994287526
   10.290548509746621   8.369176740578375
   2.282103523116259   3.0719822521653772
   13.976157789069749   17.10081601230514
   8.404431649465614   2.1077534056892855
   12.197190041314311   17.850910835395382
   6.84847957075416   17.453400681625965
   0.6635828510612329   15.139716001764151
   2.439850586919985   7.800740904284735
   17.801231073610605   13.039000922117703
   4.753560342117396   4.917935362062575
   19.830916900620448   19.26801266571134
   12.604477915613208   19.436097274900174
   10.828260771214481   13.712752764126035
   6.667294589978148   11.807810989518115
   15.922041669557911   0.7026718343061922
   15.619685544703156   2.586116354038246
   3.542146445396974   18.539046996974484
   18.018751813130073   11.895179950694567
   3.5073004214280523   2.0544618127449477
   12.062235101346992   11.81152246364241
   11.746656374553673   4.392959413977606
   8.452393353994642   7.347332105008169
   19.57820894187021   2.7356084313526208
   17.7718451324785   11.825046556635836
   15.720917403353315   19.35635992052678
   13.097088858212958   10.655046400735092
   2.5963199084107025   4.178246159086609
   11.016810655723294   13.875953926448236
   4.979336941126653   7.910118408615865
   9.788501774909067   2.2896966511115235
   8.686857780527564   5.8792816482557075
   12.058311292366316   14.621138823879642
   9.746614286153864   11.835535744772267
   1.3854694389560707   3.8547474145925653
   0.3677599027252776   8.287298669739657
   16.7540195538642   9.748421664735254
   7.038461806666398   15.340627973861737
   17.32100156294273   11.497253944261562
   8.204738428223735   3.5471307902911065
   10.841644173712462   19.61766551268487
   14.23866641865115   7.926892511787487
   13.528521041044048   19.345001703559493
   10.782995328741611   0.11772404568253458
   16.54303033796132   9.185339623165603
   8.063113530400557   3.5121747437971806
   14.883979386155481   7.734903138616296
   3.3862109094313175   12.278916110291666
   8.129439338226284   9.478156716559404
   11.801397486397276   19.325263950429967
   9.304460420692992   15.998279902784754
   10.773434071132153   10.542753471829826
   18.08863620600985   12.881407445127333
   18.726647087976257   3.08784338531646
   7.643906181546349   4.568654333134974
   4.444497570219459   13.984981009422206
   0.5344100873546687   19.507615592688243
   4.564187094109058   1.9994179134341716
   8.526587153249778   16.177677331428725
   9.784583985019015   10.51231579798976
   3.4991489130987152   16.91114149483736
   6.909663832718429   12.040846567228702
   12.258938123870296   10.904812724041431
   13.478564894006361   16.081141176269362
   6.750097743112795   0.41435826177369517
   14.487257166972437   11.112100896005806
   12.960394443664939   14.846410170734215
   6.585744488190015   8.883239606944533
   6.769921892756143   6.311024864264705
   14.138608288070698   4.519880787341373
   3.05384148734525   7.169786249709023
   3.66562550353821   19.514194256747256
   15.542203176849066   15.21248081382874
   8.433082449728172   16.33070580469382
   9.256311056919005   15.317939083326653
   3.3453264606740074   3.1400779740148055
   4.782492614572651   7.8022887328378765
   1.7899950727877667   5.1051099946756295
   4.210546913679085   13.130524029536122
   0.7192724190351263   4.678061528713069
   12.255544503327398   0.26494939661006356
   18.00342733871296   7.528567893923322
   2.898063788577885   1.6467150583371981
   6.9717916599904095   13.006559643398658
   11.819355950018796   11.654313606042226
   17.06025329289239   18.454769705244566
   17.974325784847537   17.35557233477872
   16.613229628261642   5.2205474251893875
   13.836640791115304   0.46731621791133104
   4.142005619588922   0.8768809725739701
   13.166668373092667   17.65955090961578
   7.720221635850908   6.947662597971503
   7.5943576686099945   12.688658628545959
   8.701203748592846   4.3423998070330105
   18.875590339750804   18.316761353373604
   5.570734316717745   19.74072897613392
   2.371920448173197   8.572061014681939
   16.502769518260756   15.327245056474732
   19.120040932228473   2.6276209602315093
   5.0645109289069445   11.562315237953339
   8.798715962033894   0.4237143524948306
   2.521156290173976   8.084700242725997
   3.96732215410877   7.131512764974087
   12.319541370218925   11.376966973117868
   7.141552643517219   18.653554859727336
   17.583816889109666   9.4848316087351
   6.588240841469981   13.579079823552103
   10.835182616392007   13.866721741176313
   14.162666972926719   8.359981792196134
   6.651632240244956   16.36001329547623
   9.078123470165282   1.94577721590665
   2.6125529810858628   5.285546158482013
   5.188907874431701   3.713653607559926
   1.6269306966472197   8.87217962994624
   6.184332050393426   4.2523117547964855
   19.622831122041944   6.46831115791773
   13.032734179287   12.405974933971386
   16.57971620368054   8.417429348466666
   1.0808927173058924   3.9575905181775672
   6.014073804978586   14.00993475321567
   10.40563799347643   7.427912187715422
   18.28273872064853   13.583613508543706
   12.330874032875926   10.689802377421852
   16.44719065116555   5.6303139655887975
   7.4646262538866885   8.444750128444753
   9.946025493338439   12.676518949488875
   16.177129140972333   5.081260940493346
   0.9516906252938151   0.7406747974526806
   1.1323862751132152   0.03242555698757643
   11.041499296217669   16.330288442784656
   13.302035363596405   13.472634125449765
   11.691827611737684   12.226961761942402
   17.831754606994494   19.04105744788404
   1.108312221725658   18.717688051293283
   14.196855065979578   17.252177607516927
   12.033776674137123   10.465893617829634
   16.275119624336302   8.351295565523152
   0.42951353582009855   0.875857920909846
   2.281333348095187   6.5956106171376305
   13.304455680410461   5.589311735927578
   1.9493808942127022   19.289121310163228
   5.470685094603514   14.663161047071313
   18.914172930570853   13.37224462671967
   9.632623739113717   19.01244163711276
   9.93708724864337   9.964718819393983
   1.9711603079918905   10.862767878850438
   19.43499747121806   2.9830023604034195
   6.2628808150114335   0.24169815136495076
   17.714386591812058   11.801042471731122
   3.5784591021700285   19.94858638566296
   14.378437868712684   9.895941687887163
   1.733193562276023   9.97765488696576
   14.566402962126514   1.5177070135402482
   8.916558890108853   19.029176790421513
   15.000959495165462   6.644919005409998
   9.306567719866937   15.528806224083063
   19.26067045101753   0.8358266049925245
   14.97862848845971   3.485267299687256
   7.261061486849201   1.057008304058198
   8.047500601168583   9.55174386298626
   2.6192527608109195   11.169423492819242
   9.734852887716308   6.8164979647120365
   3.3934676739493574   1.4743073992510203
   18.933831489240866   8.13337390594533
   16.63016503955989   15.569037224927769
   11.845965234134903   17.213019583746544
   5.217938341453858   14.735752736978254
   6.394616764238759   9.230804102650993
   16.738729904415408   5.183152283425332
   10.373123318034917   4.367569862124108
   18.323325233269458   6.6845711214016585
   10.664656664063092   17.484515168268246
   8.959487122642685   12.503075796171217
   2.3747434997035377   15.043652697414263
   1.2674970545294806   19.966987544218398
   1.346298567648041   6.420455489715435
   18.449289904942667   18.656886630670897
   11.280924748166488   0.9154489156318624
   18.933756245052585   8.887820589642477
   7.569137592471382   14.056671490153407
   1.1822038529195433   7.018082017003
   13.93608689991944   7.195075832133977
   14.184378004207625   16.08858772464611
   5.138245505169088   12.930105367684659
   5.366836895993257   0.3945455367901052
   9.200444637011358   15.562829774643212
   16.951892191132693   0.8137437526784397
   6.061547693759081   0.5591869323733789
   14.246730713724308   4.063464562055161
   6.000944420818066   19.916029389064516
   14.908734163180185   13.530677869747302
   0.8469772632047112   1.3578347172974259
   6.924428120769965   1.9178160635913488
   13.722291394327016   18.452088054081266
   14.85588949787273   16.669102286836285
   8.960029728113108   16.01650754186945
   18.849851529799192   17.990054088093615
   2.82868648572576   10.601441420836345
   8.971158810253481   16.245439231091268
   17.83234036075322   19.365912017383433
   8.613610098829142   0.6186164825751583
   8.606903855358947   12.325949910022118
   5.057665971787788   14.13785493596796
   15.811915863827332   12.739008216105155
   2.6858645688345306   11.522880142003606
   15.921329663904446   8.298409186230796
   4.933236091711423   15.777544601553954
   9.445637508797645   1.8469292756640732
   14.741374699661723   7.052188766179457
   7.871589174589504   4.478785610668432
   0.10126671599400394   13.02190486531629
   0.4846678562366269   16.18444091779943
   1.2113513065530035   3.8745762923154348
   6.243386296541445   9.60280656284024
   18.84371905184758   6.975219073148573
   3.0033813282465016   10.98056782908895
   19.702742126649703   6.370814608699316
   16.643182433082206   19.098528741786524
   3.876852821960648   0.5224705823080256
   6.022445235986957   17.71001124358523
   1.925573070744766   17.99940707677113
   16.207336506886985   19.946512698349192
   4.710330513306298   15.34192384024301
   12.026676151716448   14.180982439814
   17.768970960409607   3.8981554239160165
   6.776333770874414   19.999220897595315
   13.850315667786038   13.162083553518126
   6.768297781351262   10.215077535140658
   12.166492733032875   16.98792257738493
   1.4247275119226677   10.275272480260822
   0.987190532523119   6.028666475431015
   0.7462217996807374   9.934816948854694
   1.3913879599540668   4.844218554609617
   17.237419021104778   13.744177833793703
   4.308516673985688   5.347209388561454
   7.75198242360271   16.674477748199106
   0.4224171270322308   19.60223510956794
   12.222898298409833   19.11717407191928
   3.077867301020629   4.466933654743714
   10.872943354296964   11.52983971549697
   18.020849691611993   18.160948352850514
   9.254075485003238   3.159788258597136
   0.6201499835952351   14.571497210271795
   11.343406522596286   1.5624767778693593
   1.1592707727265328   4.951923836769836
   14.927325043957971   10.041757968954204
   11.85405432378042   18.642253335747164
   0.6342464838792772   18.67420823019746
   15.442821531581014   14.538440491942271
   6.230364188848072   1.239927231378466
   14.512234474087531   13.259649015529615
   1.1716943833148852   15.167345714159826
   13.163489731192284   16.31056298930084
   2.9095993530536512   14.509747592369404
   8.189872235563369   13.008377596840884
   6.075897572957025   7.006355301380798
   5.628089688331464   8.541785619491778
   8.427555791669361   15.441004881527043
   10.362224819302595   17.25191930853971
   13.309880142623722   0.7965585735804992
   1.400541997169229   14.072874730415295
   7.4010230657843135   10.11340454751956
   3.5117960002363557   4.0420922472334
   14.629527912861741   5.4955029256100785
   17.099091194689045   14.888532367828786
   12.410539100617598   12.367631225028159
   12.505752777261394   0.9292344267343489
   4.725224493035687   14.872618874786488
   12.389073684419124   7.852507414714833
   18.071834093383274   4.2075131683349305
   16.36420615200085   7.438651568467143
   0.9457629959237646   11.732798029677639
   5.81187364151358   8.86677940752956
   5.259862475798638   12.848914513121443
   3.559991700317653   8.978942139126358
   8.995158074708264   9.919508756694066
   13.090679364745103   17.720439387882855
   3.376052700771488   12.930983468946371
   4.9905648235814954   6.947838932550687
   14.992980638568795   15.113078578278017
   14.553677351404826   0.8938919246846733
   3.5493894981235408   7.4053759767027945
   3.762643820612843   14.801181831357317
   9.288848108404936   10.439767046568631
   3.3152973057297452   14.584006688622457
   0.6619594119669814   5.619084572651262
   5.930218796548803   14.850649869431308
   12.421685863373835   17.907257381276068
   10.856143419702434   15.215840882783258
   7.089588420694433   2.106496314665942
   1.3265570163569373   15.555882280986705
   18.614390802618473   11.682185698260055
   11.642229756203381   9.706557782041772
   6.0481882960962245   4.606301316651336
   8.630826146508921   14.076602799214237
   17.194519974441064   4.225338054696632
   13.42414717574522   2.747170284620064
   17.43644214169293   4.818884240428776
   3.8099619692265585   13.850384787847743
   17.331629683867725   11.300137862618932
   4.856789322524008   3.3677295130337814
   14.065454558482193   10.419814479597239
   16.07640633414887   11.961672511745466
   6.481889073940124   6.870050171425444
   17.080256319331696   18.051587218818984
   11.165985404293686   1.8450693218187286
   0.5023376104959687   16.067688530226153
   17.93059612487764   3.9005267122460463
   0.9025692004945696   2.664352773312526
   17.063901386636296   2.363607761183697
   1.4310201496365238   15.64685071489479
   7.823217235225188   2.081114181445838
   6.224812689300561   10.463177522193583
   17.914463114126946   14.952922541584188
   5.825899938517713   17.335323362268184
   7.075578478141756   8.483360235981444
   15.349337709952447   18.45197938844381
   14.386074544816047   4.493199576644322
   10.698067738458034   19.117329926248843
   18.553829547933255   2.1701273099260265
   6.8116419855679045   19.348246908933113
   13.184120950161002   8.795699363125571
   13.75271644272708   3.1348472213973277
   14.914813407367927   18.771953046214453
   11.37656026127505   11.427035440276827
   1.3055200977884995   6.980998921087977
   1.3952179707261236   11.882313241411504
   17.497455051285662   16.046076244609925
   6.839384739098606   3.507787417602337
   15.914612026738906   18.722708132666696
   13.237444793065901   17.55196740068164
   1.6558046322136777   6.433750579654632
   3.272543538395043   17.34960057774185
   7.731008691066574   12.872288432920605
   7.244959766227725   19.295450127923274
   18.92435596309213   7.631477357569492
   15.35845732149699   14.720567238804207
   0.8200358490350168   8.980604860947698
   14.665698924069485   8.16728851737231
   11.406262976835064   7.191778820807501
   3.4492074117548843   1.4068113788630843
   16.676383556397575   0.2318276528066865
   18.880777312361914   4.515892731370014
   18.775084545561846   2.1691362656799873
   9.993631520322667   5.426847052749315
   15.491598088037419   11.305312745311781
   17.318034914024565   17.587684048369596
   3.2806765139341842   19.826720591236374
   2.972478769747766   11.716887124858882
   12.496034775701343   9.681087654041294
   10.56895409235131   2.1099844655983624
   3.1498614984454876   10.419537309642589
   2.9822447500720872   0.5527203435346117
   12.265898178601848   13.904564197011632
   7.8495693251851595   11.61829307174392
   9.772499926457654   8.069614679319967
   15.608313974167567   1.9737870760376897
   8.885997568283884   7.32610557043857
   2.9459981241347566   13.293567028957916
   9.063581988984314   0.7488556499853427
   15.728032703187175   3.4750796272824314
   4.858838631101097   10.831071483211572
   19.785215252896883   14.07514355541654
   12.391975156886614   15.385182131842507
   15.384342042052301   13.232485391409835
   6.650676836500575   13.075967217375313
   11.771694519417377   12.814915532324992
   7.466443805236618   9.10759481126313
   11.87058667626522   6.1272075510585156
   19.7651624641692   1.7463204702557977
   4.03054785554696   18.238397871663143
   4.569571274177704   2.6457747900332107
   17.66713734560623   4.8348772520717676
   11.235193648532322   4.3519125905832485
   12.697780743518013   17.47829801361763
   18.530204338304138   16.89985041951467
   18.87043750862096   13.24499241553417
   12.423612947087525   12.074988213260811
   0.3982938519103474   4.9462263488931635
   11.82505264806332   18.69595366964728
   13.75511393258517   4.4763035223758285
   0.023360959843514717   5.187067967980282
   12.052251281536591   6.308160977929549
   9.20005879386619   6.743196407686263
   8.109762407910594   10.753768568427429
   18.14772235733532   3.549989011391952
   0.15044543292678236   17.329302453205546
   19.202171705420877   13.80768451910143
   8.987046384528213   7.412708403011836
   9.401281569776136   10.716801783320095
   13.639280534970545   2.3539363439231886
   3.0121457424976117   6.119198904428728
   3.5087198782241047   8.295783009827717
   7.822219769526704   5.148141329231861
   9.55599933296683   2.18592779535959
   15.968986417722672   6.026167393976101
   14.366214977661658   14.808415025827717
   11.586571442523814   17.059706208811072
   11.55477870092983   6.135480376306144
   12.176676879526678   8.914553186907511
   8.657405151053704   5.898285676206614
   18.36507024369791   14.416462885809862
   4.464320911575294   7.997775787289991
   7.583800880438631   10.40628400561862
   1.7001770836261199   1.2245286761439589
   11.223208541497442   6.5892048937393515
   19.017564391684864   10.729128064102172
   1.9266929315839287   4.852846826869868
   2.463435208846725   14.782245340265657
   7.955133343004189   19.189089589955486
   5.894134884819762   9.586266316129873
   4.92673658398413   1.1396743177414903
   12.256161084736535   1.247966599480581
   11.742006730047525   18.595781345666396
   3.2161702368130918   8.494382763261122
   17.13244168652839   6.816947092818109
   13.315156397597205   2.3116906795863734
   6.025451560650841   9.694819365057452
   6.6381371928145905   9.409561749987015
   0.7969193260400931   16.57243628153966
   8.93208861522788   5.261110965429568
   1.4867136954619964   15.33984002414163
   16.171267311841035   19.441221285063403
   1.1813836601808658   6.062013949393474
   1.7604759695806527   11.083675471001246
   8.022159566350037   11.055280416193254
   18.88323649708226   5.500188298786828
   3.6753018818129912   17.113451242524206
   1.9432193170338063   14.352085435707592
   9.605736025483312   13.49518211652509
   11.613716589020463   11.238032162700797
   17.123822866666814   5.319137014842871
   1.7013233676848705   2.1588707419062314
   4.9290215738724275   6.1737261748035355
   12.846417112113421   16.04328496535623
   18.75310320973679   6.033333975991129
   18.02442094131875   4.365660849818667
   1.7094859239152194   10.983117304580643
   17.878247857273557   0.8601720458608431
   1.0841604571947272   19.789600201858764
   10.103729181396279   12.432778961131643
   17.5575916142871   19.014453493644165
   16.426228288508817   10.59547427529557
   6.225876560580616   3.154007202113698
   3.1480646467519446   9.094782428734531
   5.293355972818494   19.197191703295303
   16.812760001830966   7.879153485348221
   17.937775548606695   16.029766740223263
   15.223536228568086   16.147575782801052
   5.603001036226647   8.27284781730635
   5.869899698691472   17.944359703021796
   6.853202466648687   1.4289034118788746
   8.757548027720752   12.612722221883049
   14.926318216005345   10.618545531981429
   18.703247262922694   9.392450845709693
   9.253528622341197   18.726592776895053
   13.347731289076176   0.544575617887888
   1.465367719747701   1.4360495168518717
   17.456079101875677   0.6086463667157682
   4.784005567991123   16.413788788461513
   11.516436484751695   0.7458602247117074
   7.205146222727996   11.821894706208841
   3.214351622533478   6.593938799988967
   3.5018936032842296   15.363767318364975
   4.051402705769167   5.6573232686439345
   18.836834007332698   19.234251372341465
   10.193197701722305   5.9788916976963025
   17.647496318707017   18.628213247349763
   16.57323739126564   1.6870838850249958
   15.474265048944616   11.872137393648236
   16.345540872187797   12.98494865446187
   18.528711614962994   8.778471213711283
   13.970324895793876   18.245307304562957
   6.054226348487097   0.4826142392461352
   9.533458279297385   4.098873716257101
   3.9097407025835507   18.807587042256586
   14.34179379463358   5.749820452222001
   14.311225370872318   16.11158389469808
   13.402907444381304   14.225954573292425
   6.294569540325982   7.6087675463183775
   19.089164854913037   9.868304865634265
   14.217342469384938   17.313813862751584
   2.1024513167402437   2.0875892819304
   17.49584976243255   16.045879317457334
   0.7973052511252887   14.262685927168556
   3.777799853676269   15.337815957371138
   17.986598587483165   9.628882997587294
   9.87980741142302   4.631613748504222
   15.54531557219845   9.101343438759816
   10.07286234227243   10.801206770015234
   11.444392108095549   5.201877698817336
   19.677798926902405   18.82894382195991
   11.287972963530201   7.604767749039261
   3.4367084608174325   0.37216554266258584
   6.993864622075803   5.290046599953069
   2.7551461343233408   12.99149797225385
   8.94835531201827   17.89029376343803
   3.663883401664396   16.972627012293174
   4.782987052947831   14.539665652671534
   18.22786953517326   8.958470444402911
   17.862271456624676   2.381525274886962
   6.133967786675774   12.018822726154543
   11.637738838788767   8.86370441368419
   0.3179446389800633   10.319703739372496
   12.215127845935243   2.048085969098845
   0.745083136577458   13.214803475135795
   0.7979209372198803   11.38384078130488
   3.837715688779191   18.36655824734503
   0.11184276717215003   7.7413183337408515
   1.5468624752979387   16.414566030334413
   4.481337563732584   15.976246497453687
   13.69407736433271   0.7441970596054737
   1.9204530222474747   5.891549391124902
   9.963504439439959   15.06840476019789
   8.416972502703981   18.186747470816172
   13.80305955980134   8.820916408445099
   19.530018065839364   10.832561620059067
   19.497545728815222   15.769120701056744
   2.487786501008693   18.281002688471993
   15.80543997626322   4.790137655852531
   3.163460073579474   1.018878896779416
   14.80496654289925   13.413706721280024
   6.623753685966012   6.195310391072324
   12.97400397956103   4.5206908333584845
   7.385961495622246   1.4015035854312208
   3.032262200009217   4.496138222626014
   16.08577409735352   3.153678871380836
   9.703080487184817   7.171018319790219
   12.949542321418978   19.227725187843394
   0.3061013955147529   2.046889062100472
   15.28107327168049   19.71678025701239
   1.9709794441482575   7.58291301308285
   16.114443230327197   5.530626401263843
   1.2661963982690638   0.7348037770229321
   14.250726713510273   15.028414355382935
   9.165952648019886   12.470427480519055
   12.0879432613776   19.573911017113126
   4.532014433255509   5.6469498199268475
   6.969926003477818   7.025106733157727
   2.666308102427013   6.419574254997076
   4.221232365376261   18.51767846634283
   11.993947055975088   3.2620679219839133
   15.601612605874225   8.374467363153235
   1.5652962319268404   18.714436327340024
   15.604964045397233   19.570772573699884
   4.819571981976369   18.133255169426008
   9.84410819538503   7.907934458014676
   10.931398286574021   7.0053278207907805
   4.704119028667706   6.8953253031697415
   4.065625220134656   3.795501444852465
   15.513364436610251   2.313525800311087
   2.994641676578551   18.834611529741665
   11.672795490146108   0.5291243980041083
   8.786311267559325   1.4137029400485046
   11.500454926476847   7.8542271057529955
   6.649561389512324   17.035813755878017
   6.989559900039131   9.591427634757117
   9.528577410374803   4.68677920365534
   19.244936554508328   6.877639878186262
   15.665441320166543   0.021653107562917828
   19.053976846778674   17.037850061538265
   0.10497586494062627   14.523519963515213
   13.864706418329256   8.88251218359105
   10.994453324413861   12.976608347446074
   2.3849475863680003   8.229946790894347
   15.53473607846572   12.005784461741598
   11.082977228032622   10.907782401331687
   17.56832231374775   10.969656706273714
   13.061478500838668   0.5851193566564339
   9.043678821197794   3.154679691349409
   9.092995995683362   7.0097547605264365
   0.9741428014452147   0.002799254220691161
   3.0465069815533874   16.57247044033838
   6.013590663852657   14.015341911623194
   9.501132668876258   1.5930350806551785
   14.39996791545636   7.011002810570606
   10.0344102414331   7.320227376830612
   17.77168674717409   19.575946489953648
   6.488964249679546   6.36085312386625
   11.240803292512673   14.829186158936077
   4.462816376204777   19.1003677386376
   3.1107880368812846   15.036572384471373
   18.33497375631353   5.650394464670816
   3.755621355127907   3.1418673828579413
   0.329353758572668   19.956062192996363
   10.430833371302237   2.943544378057261
   0.43649925465027106   19.918762771056322
   13.166031217204036   1.4311064964748743
   1.4539510818637624   8.737567782112766
   18.392356518263682   14.704876546837827
   3.972546505430772   2.1452098568338185
   1.58721718671879   4.938360930160204
   19.827321901875987   13.812193228352292
   17.972551975802993   10.002450355546049
   9.348100007250927   6.915241733263673
   1.1817869226600664   9.655884320527143
   7.6862553812114704   13.713960622936943
   3.8145521336804267   2.616539388961965
   8.560549706502954   16.952241149018292
   0.9271346150915627   7.363290486035976
   9.956339783254434   16.9985894213217
   7.760541169384907   6.178316048964511
   15.628865919149337   16.862222446118594
   16.386963672781985   6.724906630105076
   8.702738482925003   3.569428444906677
   12.45933529915744   18.365962210186854
   9.226137500341899   8.857344468753297
   12.877578310595663   11.463547636737319
   16.22965413107695   14.739959279061027
   7.939047158133148   7.060007689912595
   16.656111022169416   10.223811210697624
   17.419578835322216   11.626323430623183
   18.46909343810157   4.298497512172805
   19.035466463323484   6.9735201643328315
   13.314343760372187   17.299780424810866
   19.86558209208361   8.958121250510098
   15.299566574478016   7.840715950758863
   16.566776074644032   0.2727776883704158
   16.774603630947055   5.728907347132035
   8.594591588195048   2.398371976578746
   9.43534363761032   12.635616106337382
   10.145232478465658   19.70404163973854
   19.64113647707345   1.7551492724826345
   11.163641289815482   4.716735655093283
   0.5268904107740058   15.29056955589976
   5.516431746045354   17.74205841321941
   10.307429823970466   4.324452322642978
   15.307344909833073   6.303327729029995
   6.113112867058352   19.48105889895148
   14.31679282253518   10.2759161794919
   15.76209335310393   2.7589513594174186
   10.675964996566682   7.129111730219842
   16.066033985231712   11.010740658016749
   9.139874281542461   8.347879819087662
   5.5824838722489005   19.769301254411154
   16.702634982833253   2.8920800907209676
   12.168522346637918   12.46745433214689
   1.8021559539047383   16.460826918537457
   1.2567023343956452   14.570770318822316
   6.990356998623952   16.364856130525634
   9.46570964010785   4.740803675617624
   7.6989076751288295   0.9699149428328857
   19.974580996249685   5.868718724431934
   5.609399815253935   9.959331577748658
   1.030708646378824   7.6669378386222276
   4.140773728936795   17.074103216323454
   7.0282911005346005   19.479083629387286
   15.695721065333014   0.5239740195063458
   12.785266295808459   17.06615143859996
   15.56169091003142   7.923148054256705
   15.963197070463623   10.349502929669413
   5.7410409376427785   2.3894232589929665
   0.015971268491048463   0.43893224208807924
   3.4887710186982424   14.355706747022003
   0.6195767227410309   13.74669651861973
   3.9651904481861644   9.678005761557289
   2.226645813179966   18.58608521149154
   4.164773309948893   18.78416799424758
   8.205835424610335   5.375732058033389
   16.16136193352981   13.89278571825148
   17.967541701158968   5.418548036602089
   1.713787726044782   11.741835103079907
   7.543842791018598   15.196802040809631
   7.404882334507876   17.801789509247016
   6.281968948384613   3.222533014736859
   9.74075667028012   14.608088935526574
   11.627010757705541   4.705135125353377
   13.016138853558497   11.633012707858402
   6.410980649309723   15.645613826595302
   19.255458386037432   17.027153491924597
   18.631741477275167   2.4396653924743616
   9.168278298819729   2.5958504308828423
   12.396740618559177   5.669387154321372
   15.811580444052652   12.536091860473464
   0.5228690894650034   17.48608980654709
   18.53031014529096   13.744563007217305
   4.225196736833155   10.834328731951041
   13.751505656844875   0.9176522906509788
   13.393720981449999   15.739933210341178
   11.336229708803366   13.199411660985039
   2.148685356104534   12.982473029674049
   0.44743400586467974   10.793596441787905
   8.681423334454312   8.69524651592533
   7.270796380488682   19.741084376771596
   15.829093385775915   4.7835407814498865
   8.429468711768937   0.9741276274685862
   9.398075231403482   9.524568894948718
   8.562585850687263   15.794034573261929
   4.942202371781694   0.3101377459541066
   18.291291374480537   4.079051852091567
   0.5184180590411613   16.215771435064287
   19.67494098818342   3.8143648228191074
   12.883838359080018   1.9276511455691003
   0.26404790594167116   0.9462875231064238
   7.664622840115203   6.531411128646836
   13.985450287487033   7.097876902191769
   0.218451998531628   0.7644676204302647
   7.34907331146289   19.3433582743886
   3.2288208879527502   14.556221750278722
   12.844576910921715   1.0239068518341177
   9.510759990179453   13.028140781369473
   17.900080171820463   15.497484635256793
   4.074007720598116   3.5983605053780088
   7.404060830739205   5.750584955477116
   18.181061446078292   19.433127877429975
   10.545433666597834   1.9599091296063742
   9.953934748985429   15.210042519871593
   18.605722313426682   16.377128439587015
   1.0248669702109225   0.005725598945638399
   19.341138735981772   10.320070986698134
   16.792625977888804   19.09318548055517
   15.721293274740164   11.588805165222078
   9.03745686986067   1.5318282571489306
   2.045169225054757   2.285261620808796
   3.96413646929622   13.65568681028783
   18.833894465829534   6.80018698977139
   16.183994822082614   19.913132549847678
   19.40375432599296   7.641381382619404
   19.71317803503251   11.983961201092715
   15.651792320557272   2.8123198952156714
   10.755824883537613   4.6974152833789
   8.340257675641025   12.610428888559529
   13.857243064380748   12.997364614601928
   8.045053871411314   5.999431795568151
   12.953575336110674   18.048506621251978
   16.937265466954326   7.12033821557704
   11.910844949981726   2.55012556937132
   8.695726262545126   1.0408118256580146
   5.337692339194657   5.421587166840405
   14.10251669660564   4.50279988691136
   9.772501100377584   14.246413549793576
   13.252170741239478   2.213475914438332
   7.787032990536944   0.20943398373181932
   11.80929146021214   12.134683171514109
   13.115090264512759   4.734165505146965
   18.37816648044823   14.261251103876498
   13.606135849146863   9.625233877317566
   2.801891758584163   16.53868444682418
   10.620198384640954   3.24329774031066
   1.0874187330824547   18.855899824108416
   8.421804333614368   14.08759991907911
   1.6568317695328805   11.458834495737163
   15.197086938125501   0.13392699790469864
   19.754091588078474   7.665909284345442
   18.509614641838425   17.373404619769396
   2.0903668332319714   2.426479503698149
   12.326904988127572   4.220227884373832
   2.1899907391958173   8.048574491784349
   0.19098524464335576   9.804064987888417
   8.402988089448407   6.332368179723053
   19.672769217914787   3.635547906575949
   11.179020261880922   12.380994842602849
   6.941427794920285   11.730897200987808
   3.951500242720065   9.520465876753521
   7.096338384191188   10.004409506568482
   2.859542832456141   7.0456120522329275
   15.850600262506159   9.585169122658005
   4.539315205248203   12.919123217767346
   11.221508699355226   10.687019318072226
   18.345262169563476   2.085916968586743
   0.07479808067999638   1.758474800232046
   9.61558490503535   17.72522472240953
   3.6858510646571085   18.86191477736405
   13.975259665319976   7.547941561533145
   18.922497110943144   16.579058132978307
   9.173792747003182   10.15693525481103
   17.220417409220225   16.21236875911267
   0.583801452916799   7.523173914100876
   2.2135798906263315   9.649706120525963
   9.240436700375712   8.790683347417064
   18.698544358466982   7.982179538688497
   7.180549517246662   7.908507889346524
   10.552869251791604   12.812839924376721
   3.844424245120428   2.99799072783014
   3.294272695228675   15.16647107279832
   9.43179860872129   18.898864255281957
   18.158592282310032   12.008431453815602
   6.357803955094079   15.997783974245818
   8.891010688068054   13.60312598259272
   8.333359602853346   18.228098667089668
   9.886400952757429   16.290360745064085
   18.098461848301103   11.039809696426929
   14.881070329918733   14.730481446503438
   9.465722539658554   6.173826583498167
   9.089576105299326   5.266853616905751
   17.085403854644404   4.234776501807245
   14.496694279768858   7.77690755573783
   18.22211775027838   8.341792288463248
   17.956036210824173   7.2306093581981035
   14.837253276634472   12.546852147216143
   14.813202103458298   8.147896402536812
   11.400103983542172   7.2453997270634325
   16.962778037530903   5.244254503233563
   14.104583550355311   10.464138390757098
   3.5648826960251734   1.7762842853439875
   10.547303280973654   8.69603605204574
   15.088375852636249   13.446744520303934
   5.426716523257664   13.862749113110983
   6.91425447812517   0.20123723814332362
   7.451917026390353   14.019812593475834
   7.424158700815681   10.846334121235358
   5.403606705089552   14.580118246110551
   7.315320099947876   6.141617052706653
   17.168636213078237   14.11634356810426
   1.8246975964498469   4.865749193118834
   4.573438877314122   14.213159650589944
   15.61143918230453   14.329360832229018
   18.97058199381795   6.375195138518254
   1.2382241104413039   1.9051779307595296
   17.786564136684664   10.656905332344031
   16.508447169415913   17.368491692127918
   10.61789477215131   0.4656214134005099
   13.357601906872183   7.188709253686813
   14.966398927106209   15.899250247677514
   11.563641587900637   11.385392603403254
   6.3335967242935425   4.015217763790266
   4.232485674277838   1.1598463680493798
   15.147910198302654   8.587422189763148
   8.831264233527321   1.2359641235778374
   13.877359570136642   4.193118328469261
   17.48328170523814   4.691714467529078
   11.6843167588484   9.88180575234707
   13.305100133196168   10.035288622883698
   11.107791604901646   6.213353033195148
   5.757542035864052   10.377592370748838
   1.5126244486538365   16.112745865566385
   17.298822250748213   2.775434118677933
   7.423880131221921   14.774001874752585
   6.0694178727752535   2.1673902185520966
   16.368627433637865   6.755955281056993
   14.904705615288345   18.797016004416456
   0.4762076245520408   9.447762539602653
   15.662787678857551   10.615700793454923
   18.841996376920605   11.242148967919412
   9.671335221260511   12.88014159053083
   3.538566893836701   10.039557932229888
   10.038700695568641   16.007047925752815
   11.162078487700505   3.1165329259644436
   9.640931229949485   9.720366919407418
   3.930604150158634   12.926811752908199
   9.787744865581633   16.623955227246586
   9.605037503717973   15.063771122864484
   8.886921335077318   1.5552885366398206
   17.882109135823903   4.3980146766714245
   7.867975016151723   4.423465024568598
   2.412954287133049   13.314056720527834
   19.692380394901758   3.707391485115219
   12.229585547940328   2.0052058459426703
   13.9690226349592   15.387727305806767
   14.115517728846926   14.945911744356613
   4.5099646602873245   7.808787081953243
   8.335716289587378   19.9459953578521
   17.603010432827197   6.814287211302982
   4.144925598013529   16.60133733739215
   1.8439662145860414   17.47345593340512
   8.622359017807549   19.49075320375538
   16.562900028613075   18.81169430959053
   12.63462607485232   8.12894843876322
   5.195107951252671   16.182629598720116
   11.10768726657554   10.470590490993967
   2.3888963977067235   2.266058166033611
   11.292521242636212   9.670706236755871
   19.208712304623695   2.1489288912844273
   2.3381124649636664   14.841753189003153
   19.48353339612114   0.544178660539929
   2.239256869466477   15.70788238493183
   2.1668630167036196   9.924887906702795
   4.105600787555339   8.3420606373083
   19.516064746666636   17.19887124057275
   12.702228249370368   14.581875633183277
   8.96518108544727   3.521489961766626
   14.341020306336627   1.2550080144338627
   17.75678912053076   6.942115118798511
   18.455920621880534   17.005506964535442
   13.71485280383311   10.802334252177708
   7.574134616291939   4.297160385905756
   2.9819314655811158   12.151649220956424
   13.899214982713188   12.080417912898403
   16.11052164748478   13.919065820470598
   5.350873784573816   10.644461851708318
   17.589703105237067   12.176639571949334
   11.66028063592475   14.33619979170726
   0.7046752146132551   15.55368838706083
   11.998506395065169   10.11308845445776
   9.56817155091265   17.708046054986156
   19.6196800847575   10.306872399175981
   3.229151642023891   5.733388016502077
   16.129334150472335   16.510462557200498
   2.955562104841809   7.479307314391974
   8.242313721030076   18.160344549464035
   3.1043905914846914   18.983490003099952
   3.2735412974291545   14.172063163551067
   18.43361191448704   9.562977548368973
   6.1088252909233365   18.896476932632073
   6.27705397525804   16.58417769302378
   10.031814227274422   14.69964854797357
