0    0    0    -0.0766091328878531    0.290053513611146
1    -2.707123896485202    -3.137679080619687    0    0
2    3.8564489127247543    67.13325461494516    0    0
3    5.911204982725298    55.214409713690785    0    0
4    8.412101459627596    -55.20270529373409    0    0
5    -6.53383230834518    11.280231836451033    0    0
6    -4.982253510460145    -67.10970592586914    0    0
7    0.8154902106068248    -10.239932236728228    0    0
8    -0.4503753967118166    29.892022480117767    0    0
9    3.6678848856282626    5.701052767336695    0    0
10    4.653724213278083    -47.896191368011216    0    0
11    -1.439381053906529    3.8108565288788094    0    0
12    -4.116698490528205    11.08674629179982    0    0
13    -2.3318088410695297    89.98649660231548    0    0
14    -3.7615272111418943    -7.637210549075814    0    0
15    4.181403547669587    3.300445937949371    0    0
16    -7.71994438929944    69.17418375061445    0    0
17    -6.099228300325902    33.904357580685215    0    0
18    -4.074041293538305    -25.90438675867811    0    0
19    0.25778576637645095    -35.475429791304435    0    0
20    2.608422636719744    -10.977854236326438    0    0
21    -1.042904136092424    -8.063414535419748    0    0
22    -2.97016850225313    17.319710428101782    0    0
23    3.3252954774350068    -95.61656379498449    0    0
24    -4.221186805236554    53.69557328893495    0    0
25    5.022186866011094    44.705951998851305    0    0
26    5.583565856170153    94.88070683070785    0    0
27    4.280336161289996    -66.09244499827543    0    0
28    5.970002883351906    4.876746166554715    0    0
29    3.11965600918487    53.61666229325498    0    0
30    -1.0755143433866525    6.693414121922729    0    0
31    -0.6725456215226894    -6.136875735704657    0    0
32    0.48909628746117606    14.44936765219792    0    0
33    0.8695523108512915    -39.495366972400625    0    0
34    1.0249671423095106    0.27723310698866527    0    0
35    -5.744039874439912    -30.82176550382016    0    0
36    5.301908669634805    -3.156006333135418    0    0
37    2.658489291402973    -3.5790310488846715    0    0
38    -6.177723406896934    57.16397664615877    0    0
39    6.936792258602979    -9.734592763681169    0    0
40    5.096512701145007    -71.11832517499911    0    0
41    -4.226732602669276    -25.195403079242446    0    0
42    0.4999099955461613    3.012223428943462    0    0
43    6.031782979723521    61.00911507899193    0    0
44    -9.280618508443814    51.17954126720581    0    0
45    -2.2159198353234744    -19.936561423716366    0    0
46    -1.8007559235621784    -32.44187017719542    0    0
47    1.0753059433197978    46.246282469662276    0    0
48    -0.559894423819114    -9.494418275289384    0    0
49    0.7524104526056344    3.558786260298192    0    0
50    2.3597739121240546    -9.747163167184002    0    0
51    0.048348930903761966    -6.0044378763173    0    0
52    -10.202515713092465    -33.416416964310734    0    0
53    -3.223056691872224    -34.52727761086213    0    0
54    8.02027464624288    5.599782157883433    0    0
55    3.034764363278017    4.322685679466589    0    0
56    8.243781964118336    66.14354091202057    0    0
57    0.3878826615931109    -83.1314324630404    0    0
58    0.41278605122699236    5.449937014009352    0    0
59    5.3213279941566665    43.272514590513715    0    0
60    4.568320804533174    30.288506869900406    0    0
61    -10.038221614324739    3.562049255914283    0    0
62    6.572123714165418    30.871441545621444    0    0
63    1.9207479460432404    2.231519502687925    0    0
64    7.258547859083127    -56.30584775959431    0    0
65    2.344748170431994    4.022442326591846    0    0
66    3.387882897606144    -29.76386577667288    0    0
67    3.0241045071161103    6.273726321788001    0    0
68    0.8957849358531024    -1.1260254867550088    0    0
69    5.3875118989387705    -7.373221777065403    0    0
70    -2.078060166756453    39.100313777662144    0    0
71    2.7770176607147317    0.9475542732243152    0    0
72    -1.238492804626734    -0.2239617713535589    0    0
73    2.8308889299988254    -11.56972107687382    0    0
74    3.0067440770798273    15.453123083854468    0    0
75    -1.4576693249155666    1.2516351492185247    0    0
76    0.14357100272142426    1.5332891800291404    0    0
77    -3.7495927964510454    -47.10981306378096    0    0
78    6.219107019209414    35.821466371651056    0    0
79    -7.342614967741151    33.745635307764225    0    0
80    -4.563281356462894    47.890637739982324    0    0
