   0
   6.157991444930758   2.518335186199458
   2.975063594030428   4.591429195406933
   3.5217284224648746   2.3011822683133127
   1.5539836941542315   5.953923714937776
   6.002804680358626   5.900911829486208
   2.860222168302183   0.4793813509715127
   1.877838730821022   2.2542416888097843
   6.906029945540919   2.3433165791546298
   4.7758980734679835   5.3345352529233585
   1.1397450084375569   0.3101970791089449
   6.5681171332564805   5.795978639449686
   5.490447496726748   5.549758801641588
   2.159421566925398   0.7310079031473802
   4.223273732191304   2.8631857566401946
   5.57148817977108   5.571472686247376
   2.85340802910356   4.282749157374003
   3.291031828063768   3.0849223465228444
   2.561102989525926   0.9137685432013926
   1.4112197550977759   0.057047939858170804
   0.2131669881981043   4.011787526774069
   3.61647680940779   0.6097141896881525
   2.228193695919303   5.630625508707081
   6.552154203274745   5.181159332860616
   3.1233925646502025   0.7384910745768526
   0.5804969812399319   6.990843970918522
   1.6502168346503678   6.479618142150772
   0.3530542976089407   6.326077861438903
   2.9640712955014554   4.257907358459562
   0.027139354734807664   3.220946581754477
   4.28021782500747   0.5368294324178043
   5.320157214815912   6.050218109972015
   1.9435817039373737   0.6863693353129346
   0.9305755377849205   6.231796713693311
   5.784499093934477   2.863067597263239
   1.1580313671277591   2.620950985880739
   0.04553190695239817   4.783232460936785
   6.827520098507869   2.2879311320165483
   1.046310691597078   0.34217518174320316
   5.863829407616201   2.1977469129395306
   4.103953808624169   4.343841510895844
   2.0723409479445434   2.8567721513798103
   2.045946431922129   2.1354877768601703
   3.8610296026653605   1.255490793628364
   1.9404484003067677   6.691068935093927
   0.7859570260111957   6.420097339717292
   3.425837015368505   5.654787678341015
   4.9187622768554125   3.5878161270481956
   0.24687504619961553   0.04276762778272358
   5.119615784525873   1.4416970609218624
   2.299233599119356   6.706093763526682
   1.3528130548051307   4.980298706356066
   2.647179223447687   1.2824844629668224
   5.204645281985531   0.4560654565477069
   5.6110785395147   2.2066324369057186
   5.754396528144684   6.393354622386213
   2.1219520646163077   6.41077596445342
   0.9092738533008691   5.992967572231862
   2.1096520258944365   5.627334833825332
   3.2427950449483736   6.2446877434330545
   0.7293158066177351   4.704470739424193
   6.273610969621744   6.802726925229961
   3.737594303452346   6.063201012741144
   3.987956614877124   1.131128425080743
   1.3057281288543399   2.3612231218675643
   6.243884598393105   6.597076688149118
   4.000891630576467   6.583877629390913
   5.4991436545787495   5.079708254976731
   1.5803005798909533   3.156700307815976
   5.077027166306419   5.270419358967974
   3.6244243644248053   6.266791440029381
   4.925729122144954   1.1678144118262646
   1.8862226672614464   0.39174779380484037
   6.536703088353644   1.3163362670345977
   3.552666936987761   2.0651825715603804
   0.3662316087109051   0.10226766119429676
   4.4028884264981   1.156876704349366
   5.751875754749881   1.9041945492976358
   0.10413722876714204   4.413381939711851
   5.9316842149122015   4.097166680772645
   4.612315009980337   0.6914169332368704
   4.359001879987488   0.8306912253773201
   4.838185884634091   6.221675032005785
   2.05943029275296   5.140344041550491
   5.403452250007996   1.3646785891954116
   6.298951992406886   5.311180701880116
   1.4427214622198268   0.663098262061007
   3.3234412456782767   1.4882766940082384
   2.0079714328441236   4.556467809052983
   2.3897479413285443   5.325629037502151
   5.701463678485648   4.904509225361705
   0.7372472247800229   3.9792938345317985
   6.701132185978384   3.4642978121721124
   2.5462123928846303   4.984037909311069
   4.349320384055749   6.684275654869885
   6.295578365170265   5.504928286873386
   1.9513167062833112   6.6146421458932085
   1.2676231212952187   6.1261827069867785
   5.37447964434024   4.388926962163819
   2.2508067224484156   0.7292525527717584
   6.451828614538483   4.605570526384912
