0.0
0.0	0.0	0.0	0.0
1.50140939462288E8	-923809.6308876731	-0.2949925999285836	29.68579130065282
-1.01431951987552E8	3.525562675248842E7	-11.66353075744313	-33.2401568372697
1.5014581050068128E8	-917429.3916380007	0.0896062580316124	14.563138673537283
0.005
-1.120030815593306E-16	1.1460247144492573E-16	-4.4801232623732244E-14	4.584098857797029E-14
1.5014093946081302E8	-923809.4824587166	-0.29499262944705557	29.68579130083445
-1.0143195204586965E8	3.525562658628763E7	-11.663530702934109	-33.24015685621589
1.5014581050112924E8	-917429.318822369	0.08958740639112148	14.56311401990791
0.01
-4.480123262373224E-16	4.584098857797029E-16	-8.960246524746449E-14	9.168197715594058E-14
1.5014093945933804E8	-923809.3340297601	-0.2949926589655275	29.685791301016078
-1.014319521041873E8	3.5255626420086846E7	-11.663530648425088	-33.24015687516208
1.501458105015771E8	-917429.2460068605	0.08956855475063055	14.563089366278538
0.015
-1.0080277340339755E-15	1.0314222430043315E-15	-1.3440369787119673E-13	1.3752296573391087E-13
1.5014093945786306E8	-923809.1856008036	-0.29499268848399945	29.685791301197707
-1.0143195216250494E8	3.525562625388606E7	-11.663530593916066	-33.24015689410827
1.501458105020249E8	-917429.1731914752	0.08954970311013963	14.563064712649165
0.02
-1.7920493049492898E-15	1.8336395431188117E-15	-1.7920493049492898E-13	1.8336395431188117E-13
1.501409394563881E8	-923809.0371718471	-0.2949927180024714	29.685791301379336
-1.0143195222082259E8	3.525562608768527E7	-11.663530539407045	-33.240156913054456
1.5014581050247258E8	-917429.1003762132	0.0895308514696487	14.563040059019793
0.025
-2.8000770389832657E-15	2.8650617861231432E-15	-2.2400616311866123E-13	2.2920494288985146E-13
1.501409394549131E8	-923808.8887428906	-0.29499274752094334	29.685791301560965
-1.0143195227914023E8	3.5255625921484485E7	-11.663530484898024	-33.240156932000644
1.5014581050292018E8	-917429.0275610745	0.08951199982915778	14.56301540539042
0.030000000000000002
-4.032110936135903E-15	4.125688972017327E-15	-2.6880739574239345E-13	2.7504593146782174E-13
1.5014093945343813E8	-923808.740313934	-0.2949927770394153	29.685791301742594
-1.0143195233745788E8	3.52556257552837E7	-11.663530430389002	-33.24015695094683
1.501458105033677E8	-917428.954746059	0.08949314818866685	14.562990751761047
0.035
-5.4881509964072005E-15	5.615521100801361E-15	-3.136086283661257E-13	3.20886920045792E-13
1.5014093945196316E8	-923808.5918849775	-0.29499280655788723	29.685791301924223
-1.0143195239577553E8	3.525562558908291E7	-11.663530375879981	-33.24015696989302
1.5014581050381508E8	-917428.8819311669	0.08947429654817593	14.562966098131675
0.04
-7.168197219797159E-15	7.334558172475247E-15	-3.5840986098985795E-13	3.667279086237623E-13
1.5014093945048818E8	-923808.443456021	-0.2949928360763592	29.68579130210585
-1.0143195245409317E8	3.5255625422882125E7	-11.66353032137096	-33.24015698883921
1.501458105042624E8	-917428.809116398	0.089455444907685	14.562941444502302
0.045
-9.072249606305779E-15	9.282800187038984E-15	-4.032110936135902E-13	4.1256889720173255E-13
1.501409394490132E8	-923808.2950270645	-0.2949928655948311	29.68579130228748
-1.0143195251241082E8	3.525562525668134E7	-11.663530266861939	-33.2401570077854
1.501458105047096E8	-917428.7363017524	0.08943659326719408	14.56291679087293
0.049999999999999996
-1.120030815593306E-14	1.1460247144492573E-14	-4.4801232623732245E-13	4.584098857797028E-13
1.5014093944753823E8	-923808.146598108	-0.29499289511330307	29.68579130246911
-1.0143195257072847E8	3.525562509048055E7	-11.663530212352917	-33.24015702673159
1.5014581050515673E8	-917428.66348723	0.08941774162670316	14.562892137243557
0.05499999999999999
-1.3552372868679002E-14	1.3866899044836012E-14	-4.928135588610547E-13	5.042508743576731E-13
1.5014093944606325E8	-923807.9981691515	-0.294992924631775	29.68579130265074
-1.0143195262904611E8	3.5255624924279764E7	-11.663530157843896	-33.240157045677776
1.5014581050560376E8	-917428.5906728308	0.08939888998621223	14.562867483614184
0.05999999999999999
-1.6128443744543604E-14	1.6502755888069304E-14	-5.376147914847869E-13	5.500918629356435E-13
1.5014093944458827E8	-923807.849740195	-0.29499295415024696	29.685791302832367
-1.0143195268736376E8	3.525562475807898E7	-11.663530103334875	-33.240157064623965
1.501458105060507E8	-917428.517858555	0.08938003834572131	14.562842829984811
0.06499999999999999
-1.892852078352687E-14	1.936781767419245E-14	-5.824160241085191E-13	5.959328515136138E-13
1.501409394431133E8	-923807.7013112385	-0.2949929836687189	29.685791303013996
-1.014319527456814E8	3.525562459187819E7	-11.663530048825853	-33.24015708357015
1.5014581050649753E8	-917428.4450444024	0.08936118670523038	14.562818176355439
0.06999999999999999
-2.1952603985628796E-14	2.2462084403205445E-14	-6.272172567322513E-13	6.417738400915841E-13
1.5014093944163832E8	-923807.552882282	-0.29499301318719084	29.685791303195625
-1.0143195280399905E8	3.5255624425677404E7	-11.663529994316832	-33.24015710251634
1.5014581050694427E8	-917428.3722303731	0.08934233506473946	14.562793522726066
0.075
-2.520069335084938E-14	2.578555607510829E-14	-6.720184893559835E-13	6.876148286695544E-13
1.5014093944016334E8	-923807.4044533254	-0.2949930427056628	29.685791303377254
-1.014319528623167E8	3.525562425947662E7	-11.66352993980781	-33.24015712146253
1.5014581050739092E8	-917428.2994164671	0.08932348342424853	14.562768869096693
0.08
-2.867278887918863E-14	2.933823268990099E-14	-7.168197219797157E-13	7.334558172475248E-13
1.5014093943868837E8	-923807.2560243689	-0.29499307222413473	29.685791303558883
-1.0143195292063434E8	3.525562409327583E7	-11.66352988529879	-33.24015714040872
1.5014581050783747E8	-917428.2266026844	0.08930463178375761	14.56274421546732
0.085
-3.236889057064654E-14	3.312011424758354E-14	-7.616209546034479E-13	7.792968058254951E-13
1.501409394372134E8	-923807.1075954124	-0.2949931017426067	29.685791303740512
-1.0143195297895199E8	3.525562392707504E7	-11.663529830789768	-33.24015715935491
1.5014581050828394E8	-917428.1537890249	0.08928578014326669	14.562719561837948
0.09000000000000001
-3.628899842522311E-14	3.713120074815594E-14	-8.064221872271801E-13	8.251377944034654E-13
1.501409394357384E8	-923806.9591664559	-0.2949931312610786	29.68579130392214
-1.0143195303726964E8	3.525562376087426E7	-11.663529776280747	-33.2401571783011
1.5014581050873032E8	-917428.0809754886	0.08926692850277576	14.562694908208575
0.09500000000000001
-4.0433112442918336E-14	4.1371492191618196E-14	-8.512234198509123E-13	8.709787829814357E-13
1.5014093943426344E8	-923806.8107374994	-0.29499316077955057	29.68579130410377
-1.0143195309558728E8	3.525562359467347E7	-11.663529721771726	-33.240157197247285
1.501458105091766E8	-917428.0081620757	0.08924807686228484	14.562670254579203
0.10000000000000002
-4.4801232623732225E-14	4.5840988577970304E-14	-8.960246524746445E-13	9.16819771559406E-13
1.5014093943278846E8	-923806.6623085429	-0.2949931902980225	29.6857913042854
-1.0143195315390493E8	3.525562342847268E7	-11.663529667262704	-33.240157216193474
1.5014581050962278E8	-917427.935348786	0.08922922522179391	14.56264560094983
0.10500000000000002
-4.939335896766478E-14	5.053968990721226E-14	-9.408258850983768E-13	9.626607601373764E-13
1.5014093943131348E8	-923806.5138795864	-0.29499321981649446	29.685791304467028
-1.0143195321222258E8	3.5255623262271896E7	-11.663529612753683	-33.24015723513966
1.5014581051006886E8	-917427.8625356195	0.08921037358130299	14.562620947320458
0.11000000000000003
-5.4209491474715995E-14	5.546759617934407E-14	-9.85627117722109E-13	1.0085017487153467E-12
1.501409394298385E8	-923806.3654506298	-0.2949932493349664	29.685791304648657
-1.0143195327054022E8	3.525562309607111E7	-11.663529558244662	-33.24015725408585
1.5014581051051486E8	-917427.7897225764	0.08919152194081206	14.562596293691085
0.11500000000000003
-5.924963014488587E-14	6.062470739436573E-14	-1.0304283503458412E-12	1.054342737293317E-12
1.5014093942836353E8	-923806.2170216733	-0.29499327885343835	29.685791304830285
-1.0143195332885787E8	3.525562292987032E7	-11.66352950373564	-33.24015727303204
1.5014581051096076E8	-917427.7169096565	0.08917267030032114	14.562571640061712
0.12000000000000004
-6.45137749781744E-14	6.601102355227724E-14	-1.0752295829695734E-12	1.1001837258712873E-12
1.5014093942688856E8	-923806.0685927168	-0.2949933083719103	29.685791305011914
-1.0143195338717552E8	3.5255622763669536E7	-11.663529449226619	-33.24015729197823
1.5014581051140657E8	-917427.64409686	0.08915381865983021	14.56254698643234
0.12500000000000003
-7.00019259745816E-14	7.16265446530786E-14	-1.1200308155933056E-12	1.1460247144492577E-12
1.5014093942541358E8	-923805.9201637603	-0.29499333789038223	29.685791305193543
-1.0143195344549316E8	3.525562259746875E7	-11.663529394717598	-33.24015731092442
1.501458105118523E8	-917427.5712841866	0.08913496701933929	14.562522332802967
0.13000000000000003
-7.571408313410746E-14	7.747127069676982E-14	-1.1648320482170378E-12	1.191865703027228E-12
1.501409394239386E8	-923805.7717348038	-0.2949933674088542	29.685791305375172
-1.0143195350381081E8	3.525562243126796E7	-11.663529340208576	-33.240157329870605
1.501458105122979E8	-917427.4984716364	0.08911611537884837	14.562497679173594
0.13500000000000004
-8.165024645675197E-14	8.354520168335089E-14	-1.20963328084077E-12	1.2377066916051983E-12
1.5014093942246363E8	-923805.6233058473	-0.2949933969273261	29.6857913055568
-1.0143195356212845E8	3.5255622265067175E7	-11.663529285699555	-33.240157348816794
1.501458105127434E8	-917427.4256592096	0.08909726373835744	14.562473025544222
0.14000000000000004
-8.781041594251515E-14	8.98483376128218E-14	-1.2544345134645022E-12	1.2835476801831686E-12
1.5014093942098865E8	-923805.4748768908	-0.29499342644579807	29.68579130573843
-1.014319536204461E8	3.525562209886639E7	-11.663529231190534	-33.24015736776298
1.5014581051318884E8	-917427.352846906	0.08907841209786652	14.562448371914849
0.14500000000000005
-9.419459159139698E-14	9.638067848518257E-14	-1.2992357460882344E-12	1.329388668761139E-12
1.5014093941951367E8	-923805.3264479343	-0.29499345596427	29.68579130592006
-1.0143195367876375E8	3.52556219326656E7	-11.663529176681513	-33.24015738670917
1.5014581051363418E8	-917427.2800347258	0.08905956045737559	14.562423718285476
0.15000000000000005
-1.0080277340339749E-13	1.0314222430043319E-13	-1.3440369787119666E-12	1.3752296573391093E-12
1.501409394180387E8	-923805.1780189777	-0.29499348548274196	29.685791306101688
-1.014319537370814E8	3.5255621766464815E7	-11.663529122172491	-33.24015740565536
1.5014581051407942E8	-917427.2072226688	0.08904070881688467	14.562399064656104
0.15500000000000005
-1.0763496137851666E-13	1.1013297505857366E-13	-1.3888382113356988E-12	1.4210706459170796E-12
1.5014093941656372E8	-923805.0295900212	-0.2949935150012139	29.685791306283317
-1.0143195379539904E8	3.525562160026403E7	-11.66352906766347	-33.24015742460155
1.5014581051452458E8	-917427.1344107351	0.08902185717639374	14.562374411026731
0.16000000000000006
-1.146911555167545E-13	1.1735293075960398E-13	-1.433639443959431E-12	1.46691163449505E-12
1.5014093941508874E8	-923804.8811610647	-0.29499354451968585	29.685791306464946
-1.0143195385371669E8	3.525562143406324E7	-11.663529013154449	-33.24015744354774
1.5014581051496962E8	-917427.0615989247	0.08900300553590282	14.562349757397358
0.16500000000000006
-1.2197135581811098E-13	1.2480209140352413E-13	-1.4784406765831632E-12	1.5127526230730203E-12
1.5014093941361377E8	-923804.7327321082	-0.2949935740381578	29.685791306646575
-1.0143195391203433E8	3.5255621267862454E7	-11.663528958645427	-33.240157462493926
1.5014581051541457E8	-917426.9887872374	0.0889841538954119	14.562325103767986
0.17000000000000007
-1.2947556228258613E-13	1.3248045699033414E-13	-1.5232419092068954E-12	1.5585936116509906E-12
1.501409394121388E8	-923804.5843031517	-0.29499360355662974	29.685791306828204
-1.0143195397035198E8	3.525562110166167E7	-11.663528904136406	-33.240157481440114
1.5014581051585943E8	-917426.9159756735	0.08896530225492097	14.562300450138613
0.17500000000000007
-1.3720377491017996E-13	1.40388027520034E-13	-1.5680431418306276E-12	1.6044346002289609E-12
1.501409394106638E8	-923804.4358741952	-0.2949936330751017	29.685791307009833
-1.0143195402866963E8	3.525562093546088E7	-11.663528849627385	-33.2401575003863
1.501458105163042E8	-917426.8431642328	0.08894645061443004	14.56227579650924
0.18000000000000008
-1.4515599370089246E-13	1.4852480299262372E-13	-1.6128443744543598E-12	1.6502755888069312E-12
1.5014093940918884E8	-923804.2874452387	-0.2949936625935736	29.68579130719146
-1.0143195408698727E8	3.525562076926009E7	-11.663528795118363	-33.24015751933249
1.5014581051674888E8	-917426.7703529154	0.08892759897393912	14.562251142879868
0.18500000000000008
-1.533322186547236E-13	1.5689078340810329E-13	-1.657645607078092E-12	1.6961165773849015E-12
1.5014093940771386E8	-923804.1390162822	-0.29499369211204557	29.68579130737309
-1.0143195414530492E8	3.525562060305931E7	-11.663528740609342	-33.24015753827868
1.5014581051719347E8	-917426.6975417213	0.0889087473334482	14.562226489250495
0.19000000000000009
-1.6173244977167342E-13	1.654859687664727E-13	-1.7024468397018242E-12	1.7419575659628719E-12
1.5014093940623888E8	-923803.9905873257	-0.2949937216305175	29.68579130755472
-1.0143195420362256E8	3.525562043685852E7	-11.663528686100321	-33.24015755722487
1.5014581051763794E8	-917426.6247306505	0.08888989569295727	14.562201835621122
0.1950000000000001
-1.703566870517419E-13	1.7431035906773198E-13	-1.7472480723255564E-12	1.7877985545408422E-12
1.501409394047639E8	-923803.8421583691	-0.29499375114898946	29.68579130773635
-1.0143195426194021E8	3.525562027065773E7	-11.6635286315913	-33.24015757617106
1.5014581051808232E8	-917426.5519197029	0.08887104405246635	14.56217718199175
0.2000000000000001
-1.7920493049492903E-13	1.8336395431188111E-13	-1.7920493049492886E-12	1.8336395431188125E-12
1.5014093940328893E8	-923803.6937294126	-0.2949937806674614	29.685791307917977
-1.0143195432025786E8	3.5255620104456946E7	-11.663528577082278	-33.240157595117246
1.501458105185266E8	-917426.4791088785	0.08885219241197542	14.562152528362377
0.2050000000000001
-1.8827718010123482E-13	1.926467544989201E-13	-1.836850537573021E-12	1.8794805316967826E-12
1.5014093940181395E8	-923803.5453004561	-0.29499381018593335	29.685791308099606
-1.014319543785755E8	3.525561993825616E7	-11.663528522573257	-33.240157614063435
1.5014581051897082E8	-917426.4062981774	0.0888333407714845	14.562127874733005
0.2100000000000001
-1.9757343587065927E-13	2.0215875962884894E-13	-1.8816517701967532E-12	1.9253215202747528E-12
1.5014093940033898E8	-923803.3968714996	-0.2949938397044053	29.685791308281235
-1.0143195443689315E8	3.525561977205537E7	-11.663528468064236	-33.24015763300962
1.5014581051941493E8	-917426.3334875996	0.08881448913099357	14.562103221103632
0.2150000000000001
-2.0709369780320239E-13	2.118999697016676E-13	-1.9264530028204854E-12	1.971162508852723E-12
1.50140939398864E8	-923803.2484425431	-0.29499386922287724	29.685791308462864
-1.014319544952108E8	3.5255619605854586E7	-11.663528413555214	-33.24015765195581
1.5014581051985896E8	-917426.2606771451	0.08879563749050265	14.56207856747426
0.2200000000000001
-2.1683796589886416E-13	2.2187038471737612E-13	-1.9712542354442176E-12	2.017003497430693E-12
1.5014093939738902E8	-923803.1000135866	-0.2949938987413492	29.685791308644493
-1.0143195455352844E8	3.52556194396538E7	-11.663528359046193	-33.240157670902
1.5014581052030286E8	-917426.1878668139	0.08877678585001172	14.562053913844887
0.22500000000000012
-2.268062401576446E-13	2.3207000467597455E-13	-2.01605546806795E-12	2.062844486008663E-12
1.5014093939591405E8	-923802.9515846301	-0.2949939282598211	29.685791308826122
-1.0143195461184609E8	3.525561927345301E7	-11.663528304537172	-33.24015768984819
1.5014581052074668E8	-917426.1150566059	0.0887579342095208	14.562029260215514
0.23000000000000012
-2.3699852057954363E-13	2.424988295774628E-13	-2.060856700691682E-12	2.1086854745866332E-12
1.5014093939443907E8	-923802.8031556736	-0.29499395777829307	29.68579130900775
-1.0143195467016374E8	3.5255619107252225E7	-11.66352825002815	-33.24015770879438
1.501458105211904E8	-917426.0422465212	0.08873908256902988	14.562004606586141
0.23500000000000013
-2.4741480716456136E-13	2.5315685942184093E-13	-2.1056579333154142E-12	2.1545264631646034E-12
1.501409393929641E8	-923802.654726717	-0.294993987296765	29.68579130918938
-1.0143195472848138E8	3.525561894105144E7	-11.66352819551913	-33.240157727740566
1.5014581052163404E8	-917425.9694365598	0.08872023092853895	14.561979952956769
0.24000000000000013
-2.5805509991269777E-13	2.6404409420910886E-13	-2.1504591659391464E-12	2.2003674517425735E-12
1.5014093939148912E8	-923802.5062977605	-0.29499401681523696	29.68579130937101
-1.0143195478679903E8	3.525561877485065E7	-11.663528141010108	-33.240157746686755
1.501458105220776E8	-917425.8966267216	0.08870137928804803	14.561955299327396
0.24500000000000013
-2.689193988239528E-13	2.751605339392667E-13	-2.1952603985628786E-12	2.2462084403205436E-12
1.5014093939001414E8	-923802.357868804	-0.2949940463337089	29.685791309552638
-1.0143195484511667E8	3.5255618608649865E7	-11.663528086501087	-33.240157765632944
1.5014581052252105E8	-917425.8238170067	0.0886825276475571	14.561930645698023
0.2500000000000001
-2.8000770389832655E-13	2.865061786123143E-13	-2.240061631186611E-12	2.2920494288985137E-12
1.5014093938853917E8	-923802.2094398475	-0.29499407585218085	29.685791309734267
-1.0143195490343432E8	3.525561844244908E7	-11.663528031992065	-33.24015778457913
1.501458105229644E8	-917425.751007415	0.08866367600706618	14.56190599206865
0.2550000000000001
-2.913200151358189E-13	2.9808102822825184E-13	-2.284862863810343E-12	2.337890417476484E-12
1.501409393870642E8	-923802.061010891	-0.2949941053706528	29.685791309915896
-1.0143195496175197E8	3.525561827624829E7	-11.663527977483044	-33.24015780352532
1.5014581052340764E8	-917425.6781979466	0.08864482436657525	14.561881338439278
0.2600000000000001
-3.0285633253642997E-13	3.098850827870792E-13	-2.3296640964340752E-12	2.383731406054454E-12
1.501409393855892E8	-923801.9125819345	-0.29499413488912474	29.685791310097525
-1.0143195502006961E8	3.5255618110047504E7	-11.663527922974023	-33.24015782247151
1.501458105238508E8	-917425.6053886015	0.08862597272608433	14.561856684809905
0.2650000000000001
-3.1461665610015966E-13	3.219183422887964E-13	-2.3744653290578074E-12	2.429572394632424E-12
1.5014093938411424E8	-923801.764152978	-0.2949941644075967	29.685791310279154
-1.0143195507838726E8	3.525561794384672E7	-11.663527868465001	-33.2401578414177
1.5014581052429387E8	-917425.5325793797	0.0886071210855934	14.561832031180533
0.27000000000000013
-3.2660098582700803E-13	3.3418080673340347E-13	-2.4192665616815396E-12	2.4754133832103942E-12
1.5014093938263926E8	-923801.6157240215	-0.2949941939260686	29.685791310460782
-1.014319551367049E8	3.525561777764593E7	-11.66352781395598	-33.24015786036389
1.5014581052473685E8	-917425.4597702812	0.08858826944510248	14.56180737755116
0.27500000000000013
-3.3880932171697504E-13	3.466724761209004E-13	-2.464067794305272E-12	2.5212543717883643E-12
1.5014093938116428E8	-923801.4672950649	-0.29499422344454057	29.68579131064241
-1.0143195519502255E8	3.5255617611445144E7	-11.663527759446959	-33.240157879310075
1.5014581052517974E8	-917425.3869613059	0.08856941780461156	14.561782723921787
0.28000000000000014
-3.5124166377006073E-13	3.5939335045128717E-13	-2.508869026929004E-12	2.5670953603663344E-12
1.501409393796893E8	-923801.3188661084	-0.2949942529630125	29.68579131082404
-1.0143195525334018E8	3.525561744524436E7	-11.663527704937938	-33.240157898256264
1.5014581052562252E8	-917425.3141524538	0.08855056616412063	14.561758070292415
0.28500000000000014
-3.6389801198626506E-13	3.7234342972456376E-13	-2.5536702595527362E-12	2.6129363489443046E-12
1.5014093937821433E8	-923801.1704371519	-0.29499428248148446	29.68579131100567
-1.0143195531165782E8	3.525561727904357E7	-11.663527650428916	-33.24015791720245
1.501458105260652E8	-917425.241343725	0.0885317145236297	14.561733416663042
0.29000000000000015
-3.7677836636558807E-13	3.8552271394073023E-13	-2.5984714921764684E-12	2.6587773375222747E-12
1.5014093937673935E8	-923801.0220081954	-0.2949943119999564	29.685791311187298
-1.0143195536997545E8	3.525561711284278E7	-11.663527595919895	-33.24015793614864
1.501458105265078E8	-917425.1685351195	0.08851286288313878	14.56170876303367
0.29500000000000015
-3.898827269080297E-13	3.9893120309978653E-13	-2.6432727248002006E-12	2.704618326100245E-12
1.5014093937526438E8	-923800.8735792389	-0.29499434151842835	29.685791311368927
-1.0143195542829308E8	3.5255616946642E7	-11.663527541410874	-33.24015795509483
1.501458105269503E8	-917425.0957266373	0.08849401124264786	14.561684109404297
0.30000000000000016
-4.0321109361359005E-13	4.125688972017327E-13	-2.688073957423933E-12	2.750459314678215E-12
1.501409393737894E8	-923800.7251502824	-0.2949943710369003	29.685791311550556
-1.0143195548661071E8	3.525561678044121E7	-11.663527486901852	-33.24015797404102
1.5014581052739272E8	-917425.0229182784	0.08847515960215693	14.561659455774924
0.30500000000000016
-4.16763466482269E-13	4.264357962465687E-13	-2.732875190047665E-12	2.796300303256185E-12
1.5014093937231442E8	-923800.5767213259	-0.29499440055537224	29.685791311732185
-1.0143195554492834E8	3.525561661424042E7	-11.663527432392831	-33.24015799298721
1.5014581052783504E8	-917424.9501100427	0.08845630796166601	14.561634802145552
0.31000000000000016
-4.3053984551406667E-13	4.405319002342946E-13	-2.7776764226713972E-12	2.842141291834155E-12
1.5014093937083945E8	-923800.4282923694	-0.2949944300738442	29.685791311913814
-1.0143195560324597E8	3.5255616448039636E7	-11.66352737788381	-33.240158011933396
1.5014581052827728E8	-917424.8773019302	0.08843745632117508	14.561610148516179
0.31500000000000017
-4.4454023070898296E-13	4.548572091649103E-13	-2.8224776552951294E-12	2.8879822804121253E-12
1.5014093936936447E8	-923800.2798634128	-0.2949944595923161	29.685791312095443
-1.014319556615636E8	3.525561628183885E7	-11.663527323374788	-33.240158030879584
1.501458105287194E8	-917424.804493941	0.08841860468068416	14.561585494886806
0.3200000000000002
-4.587646220670179E-13	4.694117230384159E-13	-2.8672788879188616E-12	2.9338232689900954E-12
1.501409393678895E8	-923800.1314344563	-0.29499448911078807	29.685791312277072
-1.0143195571988124E8	3.525561611563806E7	-11.663527268865767	-33.24015804982577
1.5014581052916142E8	-917424.7316860751	0.08839975304019324	14.561560841257434
0.3250000000000002
-4.732130195881715E-13	4.841954418548113E-13	-2.912080120542594E-12	2.9796642575680655E-12
1.5014093936641452E8	-923799.9830054998	-0.29499451862926	29.6857913124587
-1.0143195577819887E8	3.5255615949437276E7	-11.663527214356746	-33.24015806877196
1.5014581052960336E8	-917424.6588783325	0.08838090139970231	14.561536187628061
0.3300000000000002
-4.878854232724438E-13	4.992083656140965E-13	-2.956881353166326E-12	3.0255052461460357E-12
1.5014093936493954E8	-923799.8345765433	-0.29499454814773196	29.68579131264033
-1.014319558365165E8	3.525561578323649E7	-11.663527159847725	-33.24015808771815
1.501458105300452E8	-917424.5860707131	0.08836204975921139	14.561511533998688
0.3350000000000002
-5.027818331198348E-13	5.144504943162716E-13	-3.0016825857900582E-12	3.0713462347240058E-12
1.5014093936346456E8	-923799.6861475868	-0.2949945776662039	29.68579131282196
-1.0143195589483413E8	3.52556156170357E7	-11.663527105338703	-33.24015810666434
1.5014581053048697E8	-917424.513263217	0.08834319811872046	14.561486880369316
0.3400000000000002
-5.179022491303443E-13	5.299218279613367E-13	-3.0464838184137904E-12	3.117187223301976E-12
1.501409393619896E8	-923799.5377186303	-0.29499460718467585	29.685791313003588
-1.0143195595315176E8	3.5255615450834915E7	-11.663527050829682	-33.24015812561053
1.5014581053092864E8	-917424.4404558443	0.08832434647822954	14.561462226739943
0.3450000000000002
-5.332466713039726E-13	5.456223665492914E-13	-3.0912850510375226E-12	3.163028211879946E-12
1.501409393605146E8	-923799.3892896738	-0.2949946367031478	29.685791313185216
-1.014319560114694E8	3.525561528463412E7	-11.66352699632066	-33.240158144556716
1.501458105313702E8	-917424.3676485948	0.08830549483773861	14.56143757311057
0.3500000000000002
-5.488150996407196E-13	5.615521100801361E-13	-3.136086283661255E-12	3.208869200457916E-12
1.5014093935903963E8	-923799.2408607173	-0.29499466622161974	29.685791313366845
-1.0143195606978703E8	3.525561511843333E7	-11.66352694181164	-33.240158163502905
1.5014581053181165E8	-917424.2948414685	0.08828664319724769	14.561412919481198
0.3550000000000002
-5.646075341405851E-13	5.777110585538706E-13	-3.180887516284987E-12	3.2547101890358863E-12
1.5014093935756466E8	-923799.0924317607	-0.2949946957400917	29.685791313548474
-1.0143195612810466E8	3.525561495223253E7	-11.663526887302618	-33.24015818244909
1.5014581053225303E8	-917424.2220344654	0.08826779155675676	14.561388265851825
0.3600000000000002
-5.806239748035694E-13	5.94099211970495E-13	-3.2256887489087192E-12	3.3005511776138564E-12
1.5014093935608968E8	-923798.9440028042	-0.29499472525856363	29.685791313730103
-1.0143195618642229E8	3.525561478603174E7	-11.663526832793597	-33.24015820139528
1.501458105326943E8	-917424.1492275856	0.08824893991626584	14.561363612222452
0.3650000000000002
-5.968644216296724E-13	6.107165703300092E-13	-3.2704899815324514E-12	3.3463921661918265E-12
1.501409393546147E8	-923798.7955738477	-0.2949947547770356	29.685791313911732
-1.0143195624473992E8	3.525561461983094E7	-11.663526778284576	-33.24015822034147
1.501458105331355E8	-917424.0764208292	0.08823008827577491	14.56133895859308
0.3700000000000002
-6.133288746188939E-13	6.275631336324132E-13	-3.3152912141561836E-12	3.3922331547697966E-12
1.5014093935313973E8	-923798.6471448912	-0.2949947842955075	29.68579131409336
-1.0143195630305755E8	3.525561445363015E7	-11.663526723775554	-33.24015823928766
1.501458105335766E8	-917424.003614196	0.08821123663528399	14.561314304963707
0.3750000000000002
-6.300173337712341E-13	6.446389018777072E-13	-3.360092446779916E-12	3.4380741433477667E-12
1.5014093935166475E8	-923798.4987159347	-0.29499481381397946	29.68579131427499
-1.0143195636137518E8	3.5255614287429355E7	-11.663526669266533	-33.24015825823385
1.501458105340176E8	-917423.9308076861	0.08819238499479307	14.561289651334334
0.3800000000000002
-6.469297990866931E-13	6.619438750658909E-13	-3.404893679403648E-12	3.483915131925737E-12
1.5014093935018978E8	-923798.3502869781	-0.2949948433324514	29.68579131445662
-1.0143195641969281E8	3.525561412122856E7	-11.663526614757512	-33.240158277180036
1.501458105344585E8	-917423.8580012994	0.08817353335430214	14.561264997704962
0.38500000000000023
-6.640662705652707E-13	6.794780531969645E-13	-3.4496949120273802E-12	3.529756120503707E-12
1.501409393487148E8	-923798.2018580214	-0.29499487285092335	29.685791314638248
-1.0143195647801045E8	3.525561395502777E7	-11.66352656024849	-33.240158296126225
1.501458105348993E8	-917423.785195036	0.08815468171381122	14.561240344075589
0.39000000000000024
-6.814267482069669E-13	6.97241436270928E-13	-3.4944961446511124E-12	3.575597109081677E-12
1.5014093934723982E8	-923798.0534290648	-0.2949949023693953	29.685791314819877
-1.0143195653632808E8	3.525561378882697E7	-11.663526505739469	-33.240158315072414
1.5014581053534E8	-917423.7123888958	0.08813583007332029	14.561215690446216
0.39500000000000024
-6.990112320117817E-13	7.152340242877814E-13	-3.5392973772748446E-12	3.6214380976596472E-12
1.5014093934576485E8	-923797.9050001082	-0.29499493188786724	29.685791315001506
-1.0143195659464571E8	3.525561362262618E7	-11.663526451230448	-33.2401583340186
1.5014581053578064E8	-917423.6395828789	0.08811697843282937	14.561191036816844
0.40000000000000024
-7.168197219797153E-13	7.334558172475246E-13	-3.584098609898577E-12	3.667279086237618E-12
1.5014093934428987E8	-923797.7565711515	-0.2949949614063392	29.685791315183135
-1.0143195665296334E8	3.525561345642538E7	-11.663526396721426	-33.24015835296479
1.5014581053622118E8	-917423.5667769853	0.08809812679233844	14.561166383187471
0.40500000000000025
-7.348522181107675E-13	7.519068151501576E-13	-3.628899842522309E-12	3.713120074815588E-12
1.501409393428149E8	-923797.6081421949	-0.29499499092481113	29.685791315364764
-1.0143195671128097E8	3.525561329022459E7	-11.663526342212405	-33.24015837191098
1.501458105366616E8	-917423.493971215	0.08807927515184752	14.561141729558098
0.41000000000000025
-7.531087204049384E-13	7.705870179956805E-13	-3.673701075146041E-12	3.758961063393558E-12
1.5014093934133992E8	-923797.4597132383	-0.2949950204432831	29.685791315546393
-1.014319567695986E8	3.5255613124023795E7	-11.663526287703384	-33.24015839085717
1.5014581053710192E8	-917423.4211655679	0.0880604235113566	14.561117075928726
0.41500000000000026
-7.715892288622279E-13	7.894964257840932E-13	-3.718502307769774E-12	3.804802051971528E-12
1.5014093933986494E8	-923797.3112842817	-0.294995049961755	29.68579131572802
-1.0143195682791623E8	3.5255612957823E7	-11.663526233194363	-33.24015840980336
1.5014581053754216E8	-917423.3483600442	0.08804157187086567	14.561092422299353
0.42000000000000026
-7.902937434826361E-13	8.086350385153957E-13	-3.7633035403935064E-12	3.850643040549498E-12
1.5014093933838996E8	-923797.162855325	-0.29499507948022696	29.68579131590965
-1.0143195688623387E8	3.525561279162221E7	-11.663526178685341	-33.240158428749545
1.501458105379823E8	-917423.2755546437	0.08802272023037475	14.56106776866998
0.42500000000000027
-8.092222642661629E-13	8.280028561895882E-13	-3.808104773017239E-12	3.896484029127468E-12
1.50140939336915E8	-923797.0144263684	-0.2949951089986989	29.68579131609128
-1.014319569445515E8	3.525561262542141E7	-11.66352612417632	-33.240158447695734
1.5014581053842238E8	-917423.2027493664	0.08800386858988382	14.561043115040608
0.43000000000000027
-8.283747912128084E-13	8.475998788066705E-13	-3.852906005640972E-12	3.9423250177054385E-12
1.5014093933544E8	-923796.8659974118	-0.29499513851717085	29.68579131627291
-1.0143195700286913E8	3.525561245922062E7	-11.663526069667299	-33.24015846664192
1.5014581053886235E8	-917423.1299442124	0.0879850169493929	14.561018461411235
0.4350000000000003
-8.477513243225726E-13	8.674261063666426E-13	-3.897707238264704E-12	3.988166006283409E-12
1.5014093933396503E8	-923796.7175684551	-0.2949951680356428	29.685791316454537
-1.0143195706118676E8	3.5255612293019824E7	-11.663526015158277	-33.24015848558811
1.501458105393022E8	-917423.0571391816	0.08796616530890197	14.560993807781863
0.4400000000000003
-8.673518635954554E-13	8.874815388695046E-13	-3.942508470888437E-12	4.034006994861379E-12
1.5014093933249006E8	-923796.5691394985	-0.29499519755411474	29.685791316636166
-1.0143195711950439E8	3.525561212681903E7	-11.663525960649256	-33.2401585045343
1.5014581053974196E8	-917422.9843342742	0.08794731366841105	14.56096915415249
0.4450000000000003
-8.871764090314569E-13	9.077661763152564E-13	-3.9873097035121694E-12	4.079847983439349E-12
1.5014093933101508E8	-923796.4207105419	-0.2949952270725867	29.685791316817795
-1.0143195717782202E8	3.5255611960618235E7	-11.663525906140235	-33.24015852348049
1.5014581054018164E8	-917422.91152949	0.08792846202792012	14.560944500523117
0.4500000000000003
-9.07224960630577E-13	9.282800187038982E-13	-4.032110936135902E-12	4.125688972017319E-12
1.501409393295401E8	-923796.2722815853	-0.29499525659105863	29.685791316999424
-1.0143195723613966E8	3.525561179441744E7	-11.663525851631213	-33.24015854242668
1.5014581054062122E8	-917422.8387248291	0.0879096103874292	14.560919846893745
0.4550000000000003
-9.27497518392816E-13	9.490230660354298E-13	-4.076912168759635E-12	4.171529960595289E-12
1.5014093932806513E8	-923796.1238526286	-0.2949952861095306	29.685791317181053
-1.0143195729445729E8	3.525561162821665E7	-11.663525797122192	-33.240158561372866
1.5014581054106072E8	-917422.7659202915	0.08789075874693827	14.560895193264372
0.4600000000000003
-9.479940823181735E-13	9.69995318309851E-13	-4.121713401383367E-12	4.217370949173259E-12
1.5014093932659015E8	-923795.975423672	-0.2949953156280025	29.685791317362682
-1.0143195735277492E8	3.525561146201585E7	-11.66352574261317	-33.240158580319054
1.5014581054150012E8	-917422.6931158771	0.08787190710644735	14.560870539635
0.4650000000000003
-9.687146524066498E-13	9.911967755271623E-13	-4.1665146340071E-12	4.263211937751229E-12
1.5014093932511517E8	-923795.8269947154	-0.29499534514647446	29.68579131754431
-1.0143195741109255E8	3.525561129581506E7	-11.66352568810415	-33.24015859926524
1.501458105419394E8	-917422.620311586	0.08785305546595643	14.560845886005627
0.4700000000000003
-9.896592286582446E-13	1.0126274376873633E-12	-4.2113158666308324E-12	4.3090529263291994E-12
1.501409393236402E8	-923795.6785657587	-0.2949953746649464	29.68579131772594
-1.0143195746941018E8	3.5255611129614264E7	-11.663525633595128	-33.24015861821143
1.501458105423786E8	-917422.5475074181	0.0878342038254655	14.560821232376254
0.4750000000000003
-1.0108278110729581E-12	1.0342873047904542E-12	-4.256117099254565E-12	4.3548939149071696E-12
1.5014093932216522E8	-923795.5301368021	-0.29499540418341835	29.68579131790757
-1.0143195752772781E8	3.525561096341347E7	-11.663525579086107	-33.24015863715762
1.501458105428177E8	-917422.4747033735	0.08781535218497458	14.560796578746881
0.4800000000000003
-1.0322203996507903E-12	1.056176376836435E-12	-4.300918331878298E-12	4.40073490348514E-12
1.5014093932069024E8	-923795.3817078455	-0.2949954337018903	29.685791318089198
-1.0143195758604544E8	3.5255610797212675E7	-11.663525524577086	-33.24015865610381
1.5014581054325673E8	-917422.4018994522	0.08779650054448365	14.560771925117509
0.4850000000000003
-1.0538369943917413E-12	1.0782946538253057E-12	-4.34571956450203E-12	4.44657589206311E-12
1.5014093931921527E8	-923795.2332788889	-0.29499546322036224	29.685791318270827
-1.0143195764436308E8	3.525561063101188E7	-11.663525470068064	-33.24015867505
1.5014581054369566E8	-917422.3290956542	0.08777764890399273	14.560747271488136
0.4900000000000003
-1.0756775952958109E-12	1.1006421357570663E-12	-4.390520797125763E-12	4.49241688064108E-12
1.501409393177403E8	-923795.0848499322	-0.2949954927388342	29.685791318452456
-1.014319577026807E8	3.525561046481109E7	-11.663525415559043	-33.240158693996186
1.501458105441345E8	-917422.2562919795	0.0877587972635018	14.560722617858763
0.49500000000000033
-1.0977422023629991E-12	1.1232188226317165E-12	-4.4353220297494955E-12	4.53825786921905E-12
1.501409393162653E8	-923794.9364209756	-0.29499552225730613	29.685791318634084
-1.0143195776099834E8	3.525561029861029E7	-11.663525361050022	-33.240158712942375
1.5014581054457322E8	-917422.183488428	0.08773994562301088	14.56069796422939
0.5000000000000003
-1.120030815593306E-12	1.1460247144492567E-12	-4.480123262373228E-12	4.58409885779702E-12
1.5014093931479034E8	-923794.787992019	-0.2949955517757781	29.685791318815713
-1.0143195781931597E8	3.52556101324095E7	-11.663525306541	-33.24015873188856
1.5014581054501185E8	-917422.1106849997	0.08772109398251995	14.560673310600018
0.5050000000000003
-1.1425434349867315E-12	1.1690598112096867E-12	-4.524924494996961E-12	4.62993984637499E-12
1.5014093931331536E8	-923794.6395630623	-0.29499558129425	29.685791318997342
-1.014319578776336E8	3.5255609966208704E7	-11.66352525203198	-33.24015875083475
1.501458105454504E8	-917422.0378816947	0.08770224234202903	14.560648656970645
0.5100000000000003
-1.1652800605432757E-12	1.1923241129130065E-12	-4.569725727620693E-12	4.6757808349529604E-12
1.501409393118404E8	-923794.4911341057	-0.29499561081272196	29.68579131917897
-1.0143195793595123E8	3.525560980000791E7	-11.663525197522958	-33.24015876978094
1.5014581054588884E8	-917421.965078513	0.0876833907015381	14.560624003341273
0.5150000000000003
-1.1882406922629385E-12	1.2158176195592163E-12	-4.614526960244426E-12	4.7216218235309305E-12
1.501409393103654E8	-923794.3427051491	-0.2949956403311939	29.6857913193606
-1.0143195799426886E8	3.5255609633807115E7	-11.663525143013937	-33.24015878872713
1.501458105463272E8	-917421.8922754546	0.08766453906104718	14.5605993497119
0.5200000000000004
-1.21142533014572E-12	1.239540331148316E-12	-4.6593281928681585E-12	4.767462812108901E-12
1.5014093930889043E8	-923794.1942761925	-0.29499566984966585	29.68579131954223
-1.014319580525865E8	3.525560946760632E7	-11.663525088504915	-33.24015880767332
1.5014581054676548E8	-917421.8194725194	0.08764568742055626	14.560574696082528
0.5250000000000004
-1.2348339741916204E-12	1.2634922476803054E-12	-4.704129425491891E-12	4.813303800686871E-12
1.5014093930741546E8	-923794.0458472358	-0.2949956993681378	29.685791319723858
-1.0143195811090413E8	3.525560930140553E7	-11.663525033995894	-33.240158826619506
1.5014581054720366E8	-917421.7466697076	0.08762683578006533	14.560550042453155
0.5300000000000004
-1.2584666244006392E-12	1.2876733691551846E-12	-4.748930658115624E-12	4.859144789264841E-12
1.5014093930594048E8	-923793.8974182792	-0.29499572888660974	29.685791319905487
-1.0143195816922176E8	3.525560913520473E7	-11.663524979486873	-33.240158845565695
1.5014581054764172E8	-917421.673867019	0.08760798413957441	14.560525388823782
0.5350000000000004
-1.2823232807727768E-12	1.3120836955729537E-12	-4.793731890739356E-12	4.904985777842811E-12
1.501409393044655E8	-923793.7489893226	-0.2949957584050817	29.685791320087116
-1.0143195822753939E8	3.525560896900394E7	-11.663524924977851	-33.24015886451188
1.501458105480797E8	-917421.6010644536	0.08758913249908348	14.56050073519441
0.5400000000000004
-1.306403943308033E-12	1.3367232269336127E-12	-4.838533123363089E-12	4.950826766420781E-12
1.5014093930299053E8	-923793.600560366	-0.29499578792355363	29.685791320268745
-1.0143195828585702E8	3.5255608802803144E7	-11.66352487046883	-33.24015888345807
1.5014581054851758E8	-917421.5282620115	0.08757028085859256	14.560476081565037
0.5450000000000004
-1.3307086120064077E-12	1.3615919632371615E-12	-4.8833343559868215E-12	4.996667754998751E-12
1.5014093930151555E8	-923793.4521314093	-0.2949958174420256	29.685791320450374
-1.0143195834417465E8	3.525560863660235E7	-11.663524815959809	-33.24015890240426
1.5014581054895538E8	-917421.4554596926	0.08755142921810163	14.560451427935664
0.5500000000000004
-1.3552372868679012E-12	1.3866899044836002E-12	-4.928135588610554E-12	5.042508743576721E-12
1.5014093930004057E8	-923793.3037024527	-0.2949958469604975	29.685791320632003
-1.0143195840249228E8	3.5255608470401555E7	-11.663524761450788	-33.24015892135045
1.501458105493931E8	-917421.3826574971	0.08753257757761071	14.560426774306292
0.5550000000000004
-1.3799899678925134E-12	1.4120170506729288E-12	-4.972936821234287E-12	5.0883497321546915E-12
1.501409392985656E8	-923793.155273496	-0.29499587647896947	29.68579132081363
-1.014319584608099E8	3.525560830420076E7	-11.663524706941766	-33.24015894029664
1.501458105498307E8	-917421.3098554248	0.08751372593711979	14.560402120676919
0.5600000000000004
-1.4049666550802443E-12	1.4375734018051473E-12	-5.017738053858019E-12	5.134190720732662E-12
1.5014093929709062E8	-923793.0068445394	-0.2949959059974414	29.68579132099526
-1.0143195851912752E8	3.525560813799997E7	-11.663524652432745	-33.24015895924283
1.501458105502682E8	-917421.2370534758	0.08749487429662886	14.560377467047546
0.5650000000000004
-1.4301673484310939E-12	1.4633589578802556E-12	-5.062539286481752E-12	5.180031709310632E-12
1.5014093929561564E8	-923792.8584155828	-0.29499593551591335	29.68579132117689
-1.0143195857744513E8	3.525560797179917E7	-11.663524597923724	-33.240158978189015
1.501458105507056E8	-917421.1642516501	0.08747602265613794	14.560352813418174
0.5700000000000004
-1.455592047945062E-12	1.4893737188982536E-12	-5.1073405191054845E-12	5.225872697888602E-12
1.5014093929414067E8	-923792.7099866262	-0.2949959650343853	29.68579132135852
-1.0143195863576275E8	3.525560780559838E7	-11.663524543414702	-33.240158997135204
1.5014581055114293E8	-917421.0914499476	0.08745717101564701	14.560328159788801
0.5750000000000004
-1.4812407536221489E-12	1.5156176848591415E-12	-5.152141751729217E-12	5.271713686466572E-12
1.501409392926657E8	-923792.5615576695	-0.29499599455285724	29.685791321540147
-1.0143195869408037E8	3.5255607639397584E7	-11.663524488905681	-33.24015901608139
1.5014581055158016E8	-917421.0186483683	0.08743831937515609	14.560303506159428
0.5800000000000004
-1.5071134654623543E-12	1.5420908557629193E-12	-5.19694298435295E-12	5.317554675044542E-12
1.501409392911907E8	-923792.4131287129	-0.2949960240713292	29.685791321721776
-1.0143195875239798E8	3.525560747319679E7	-11.66352443439666	-33.24015903502758
1.501458105520173E8	-917420.9458469123	0.08741946773466516	14.560278852530056
0.5850000000000004
-1.5332101834656784E-12	1.568793231609587E-12	-5.241744216976682E-12	5.363395663622512E-12
1.5014093928971574E8	-923792.2646997563	-0.29499605358980113	29.685791321903405
-1.014319588107156E8	3.5255607306995995E7	-11.663524379887638	-33.24015905397377
1.5014581055245435E8	-917420.8730455796	0.08740061609417424	14.560254198900683
0.5900000000000004
-1.5595309076321213E-12	1.5957248123991445E-12	-5.286545449600415E-12	5.409236652200482E-12
1.5014093928824076E8	-923792.1162707997	-0.2949960831082731	29.685791322085034
-1.0143195886903322E8	3.52556071407952E7	-11.663524325378617	-33.24015907291996
1.5014581055289128E8	-917420.8002443702	0.08738176445368331	14.56022954527131
0.5950000000000004
-1.5860756379616829E-12	1.622885598131592E-12	-5.3313466822241475E-12	5.4550776407784525E-12
1.5014093928676578E8	-923791.967841843	-0.294996112626745	29.685791322266663
-1.0143195892735083E8	3.525560697459441E7	-11.663524270869596	-33.24015909186615
1.5014581055332813E8	-917420.7274432841	0.08736291281319239	14.560204891641938
0.6000000000000004
-1.612844374454363E-12	1.6502755888069292E-12	-5.37614791484788E-12	5.5009186293564226E-12
1.501409392852908E8	-923791.8194128864	-0.29499614214521697	29.685791322448292
-1.0143195898566845E8	3.525560680839361E7	-11.663524216360575	-33.240159110812336
1.5014581055376488E8	-917420.6546423213	0.08734406117270146	14.560180238012565
0.6050000000000004
-1.6398371171101619E-12	1.6778947844251562E-12	-5.420949147471613E-12	5.546759617934393E-12
1.5014093928381583E8	-923791.6709839298	-0.2949961716636889	29.68579132262992
-1.0143195904398607E8	3.525560664219282E7	-11.663524161851553	-33.240159129758524
1.5014581055420154E8	-917420.5818414817	0.08732520953221054	14.560155584383192
0.6100000000000004
-1.6670538659290793E-12	1.705743184986273E-12	-5.465750380095345E-12	5.592600606512363E-12
1.5014093928234085E8	-923791.5225549731	-0.29499620118216086	29.68579132281155
-1.0143195910230368E8	3.5255606475992024E7	-11.663524107342532	-33.24015914870471
1.5014581055463812E8	-917420.5090407653	0.08730635789171962	14.56013093075382
0.6150000000000004
-1.6944946209111154E-12	1.7338207904902798E-12	-5.510551612719078E-12	5.638441595090333E-12
1.5014093928086588E8	-923791.3741260165	-0.2949962307006328	29.68579132299318
-1.014319591606213E8	3.525560630979123E7	-11.66352405283351	-33.2401591676509
1.501458105550746E8	-917420.4362401722	0.08728750625122869	14.560106277124447
0.6200000000000004
-1.7221593820562701E-12	1.7621276009371764E-12	-5.5553528453428106E-12	5.684282583668303E-12
1.501409392793909E8	-923791.2256970599	-0.29499626021910474	29.685791323174808
-1.0143195921893892E8	3.5255606143590435E7	-11.66352399832449	-33.24015918659709
1.5014581055551097E8	-917420.3634397024	0.08726865461073777	14.560081623495075
0.6250000000000004
-1.7500481493645437E-12	1.7906636163269628E-12	-5.600154077966543E-12	5.730123572246273E-12
1.5014093927791592E8	-923791.0772681033	-0.2949962897375767	29.685791323356437
-1.0143195927725653E8	3.525560597738964E7	-11.663523943815468	-33.24015920554328
1.5014581055594724E8	-917420.2906393559	0.08724980297024684	14.560056969865702
0.6300000000000004
-1.7781609228359359E-12	1.819428836659639E-12	-5.644955310590276E-12	5.775964560824243E-12
1.5014093927644095E8	-923790.9288391466	-0.29499631925604863	29.685791323538066
-1.0143195933557415E8	3.525560581118885E7	-11.663523889306447	-33.24015922448947
1.5014581055638343E8	-917420.2178391326	0.08723095132975592	14.56003231623633
0.6350000000000005
-1.8064977024704467E-12	1.8484232619352047E-12	-5.689756543214008E-12	5.8218055494022134E-12
1.5014093927496597E8	-923790.78041019	-0.2949963487745206	29.685791323719695
-1.0143195939389177E8	3.525560564498805E7	-11.663523834797425	-33.240159243435656
1.5014581055681953E8	-917420.1450390327	0.087212099689265	14.560007662606957
0.6400000000000005
-1.835058488268076E-12	1.8776468921536604E-12	-5.734557775837741E-12	5.8676465379801836E-12
1.50140939273491E8	-923790.6319812334	-0.2949963782929925	29.685791323901324
-1.0143195945220938E8	3.525560547878726E7	-11.663523780288404	-33.240159262381844
1.5014581055725554E8	-917420.072239056	0.08719324804877407	14.559983008977584
0.6450000000000005
-1.863843280228824E-12	1.907099727315006E-12	-5.7793590084614736E-12	5.913487526558154E-12
1.5014093927201602E8	-923790.4835522767	-0.29499640781146447	29.685791324082953
-1.01431959510527E8	3.5255605312586464E7	-11.663523725779383	-33.24015928132803
1.5014581055769145E8	-917419.9994392025	0.08717439640828314	14.559958355348211
0.6500000000000005
-1.8928520783526906E-12	1.9367817674192414E-12	-5.824160241085206E-12	5.959328515136124E-12
1.5014093927054104E8	-923790.3351233201	-0.2949964373299364	29.68579132426458
-1.0143195956884462E8	3.525560514638567E7	-11.663523671270362	-33.24015930027422
1.5014581055812725E8	-917419.9266394723	0.08715554476779222	14.559933701718839
0.6550000000000005
-1.922084882639676E-12	1.966693012466367E-12	-5.868961473708939E-12	6.005169503714094E-12
1.5014093926906607E8	-923790.1866943635	-0.29499646684840836	29.68579132444621
-1.0143195962716223E8	3.5255604980184875E7	-11.66352361676134	-33.24015931922041
1.5014581055856296E8	-917419.8538398653	0.0871366931273013	14.559909048089466
0.6600000000000005
-1.9515416930897798E-12	1.996833462456382E-12	-5.913762706332671E-12	6.051010492292064E-12
1.501409392675911E8	-923790.0382654069	-0.2949964963668803	29.68579132462784
-1.0143195968547985E8	3.525560481398408E7	-11.663523562252319	-33.2401593381666
1.5014581055899858E8	-917419.7810403816	0.08711784148681037	14.559884394460093
0.6650000000000005
-1.9812225097030024E-12	2.027203117389287E-12	-5.958563938956404E-12	6.096851480870034E-12
1.501409392661161E8	-923789.8898364502	-0.29499652588535225	29.68579132480947
-1.0143195974379747E8	3.525560464778329E7	-11.663523507743298	-33.24015935711279
1.5014581055943412E8	-917419.7082410213	0.08709898984631945	14.55985974083072
0.6700000000000005
-2.0111273324793435E-12	2.057801977265082E-12	-6.003365171580137E-12	6.142692469448004E-12
1.5014093926464114E8	-923789.7414074936	-0.2949965554038242	29.685791324991097
-1.0143195980211508E8	3.525560448158249E7	-11.663523453234276	-33.240159376058976
1.5014581055986956E8	-917419.6354417842	0.08708013820582852	14.559835087201348
0.6750000000000005
-2.0412561614188034E-12	2.088630042083767E-12	-6.048166404203869E-12	6.1885334580259744E-12
1.5014093926316616E8	-923789.592978537	-0.29499658492229613	29.685791325172726
-1.014319598604327E8	3.52556043153817E7	-11.663523398725255	-33.240159395005165
1.501458105603049E8	-917419.5626426704	0.0870612865653376	14.559810433571975
0.6800000000000005
-2.071608996521382E-12	2.1196873118453418E-12	-6.092967636827602E-12	6.2343744466039445E-12
1.5014093926169118E8	-923789.4445495803	-0.2949966144407681	29.685791325354355
-1.0143195991875032E8	3.5255604149180904E7	-11.663523344216234	-33.24015941395135
1.5014581056074014E8	-917419.4898436798	0.08704243492484667	14.559785779942603
0.6850000000000005
-2.1021858377870793E-12	2.1509737865498064E-12	-6.1377688694513344E-12	6.280215435181915E-12
1.501409392602162E8	-923789.2961206237	-0.29499664395924	29.685791325535984
-1.0143195997706793E8	3.525560398298011E7	-11.663523289707213	-33.24015943289754
1.501458105611753E8	-917419.4170448125	0.08702358328435575	14.55976112631323
0.6900000000000005
-2.1329866852158953E-12	2.182489466197161E-12	-6.182570102075067E-12	6.326056423759885E-12
1.5014093925874123E8	-923789.1476916671	-0.29499667347771197	29.685791325717613
-1.0143196003538555E8	3.5255603816779315E7	-11.663523235198191	-33.24015945184373
1.5014581056161034E8	-917419.3442460684	0.08700473164386482	14.559736472683857
0.6950000000000005
-2.1640115388078298E-12	2.214234350787405E-12	-6.2273713346988E-12	6.371897412337855E-12
1.5014093925726625E8	-923788.9992627105	-0.2949967029961839	29.685791325899242
-1.0143196009370317E8	3.525560365057852E7	-11.66352318068917	-33.24015947078992
1.501458105620453E8	-917419.2714474476	0.0869858800033739	14.559711819054485
0.7000000000000005
-2.195260398562883E-12	2.2462084403205388E-12	-6.272172567322532E-12	6.417738400915825E-12
1.5014093925579128E8	-923788.8508337538	-0.29499673251465586	29.68579132608087
-1.0143196015202078E8	3.525560348437773E7	-11.663523126180149	-33.24015948973611
1.5014581056248018E8	-917419.1986489501	0.08696702836288298	14.559687165425112
0.7050000000000005
-2.2267332644810548E-12	2.2784117347965625E-12	-6.316973799946265E-12	6.463579389493795E-12
1.501409392543163E8	-923788.7024047972	-0.2949967620331278	29.6857913262625
-1.014319602103384E8	3.525560331817693E7	-11.663523071671127	-33.2401595086823
1.5014581056291497E8	-917419.1258505759	0.08694817672239205	14.55966251179574
0.7100000000000005
-2.2584301365623453E-12	2.310844234215476E-12	-6.3617750325699974E-12	6.509420378071765E-12
1.5014093925284132E8	-923788.5539758406	-0.29499679155159975	29.68579132644413
-1.0143196026865602E8	3.525560315197614E7	-11.663523017162106	-33.240159527628485
1.5014581056334963E8	-917419.0530523249	0.08692932508190113	14.559637858166367
0.7150000000000005
-2.2903510148067547E-12	2.3435059385772796E-12	-6.40657626519373E-12	6.555261366649735E-12
1.5014093925136635E8	-923788.4055468839	-0.2949968210700717	29.685791326625758
-1.0143196032697363E8	3.5255602985775344E7	-11.663522962653085	-33.240159546574674
1.501458105637842E8	-917418.9802541973	0.0869104734414102	14.559613204536994
0.7200000000000005
-2.3224958992142825E-12	2.376396847881973E-12	-6.451377497817463E-12	6.6011023552277055E-12
1.5014093924989137E8	-923788.2571179273	-0.29499685058854364	29.685791326807387
-1.0143196038529125E8	3.525560281957455E7	-11.663522908144063	-33.24015956552086
1.501458105642187E8	-917418.9074561928	0.08689162180091928	14.559588550907621
0.7250000000000005
-2.354864789784929E-12	2.4095169621295562E-12	-6.496178730441195E-12	6.646943343805676E-12
1.501409392484164E8	-923788.1086889707	-0.2949968801070156	29.685791326989015
-1.0143196044360887E8	3.5255602653373756E7	-11.663522853635042	-33.24015958446705
1.501458105646531E8	-917418.8346583116	0.08687277016042835	14.559563897278249
0.7300000000000005
-2.3874576865186943E-12	2.4428662813200294E-12	-6.540979963064928E-12	6.692784332383646E-12
1.5014093924694142E8	-923787.960260014	-0.2949969096254875	29.685791327170644
-1.0143196050192648E8	3.525560248717296E7	-11.66352279912602	-33.24015960341324
1.501458105650874E8	-917418.7618605536	0.08685391851993743	14.559539243648876
0.7350000000000005
-2.4202745894155782E-12	2.4764448054533924E-12	-6.5857811956886605E-12	6.738625320961616E-12
1.5014093924546644E8	-923787.8118310574	-0.29499693914395947	29.685791327352273
-1.014319605602441E8	3.525560232097216E7	-11.663522744617	-33.24015962235943
1.5014581056552163E8	-917418.689062919	0.0868350668794465	14.559514590019504
0.7400000000000005
-2.4533154984755806E-12	2.5102525345296453E-12	-6.630582428312393E-12	6.784466309539586E-12
1.5014093924399146E8	-923787.6634021008	-0.2949969686624314	29.685791327533902
-1.0143196061856171E8	3.525560215477136E7	-11.663522690107978	-33.24015964130562
1.5014581056595576E8	-917418.6162654076	0.08681621523895558	14.559489936390131
0.7450000000000006
-2.4865804136987018E-12	2.544289468548788E-12	-6.675383660936126E-12	6.830307298117556E-12
1.501409392425165E8	-923787.5149731442	-0.29499699818090336	29.68579132771553
-1.0143196067687933E8	3.5255601988570556E7	-11.663522635598957	-33.240159660251805
1.5014581056638977E8	-917418.5434680196	0.08679736359846466	14.559465282760758
0.7500000000000006
-2.520069335084942E-12	2.5785556075108207E-12	-6.720184893559858E-12	6.876148286695526E-12
1.501409392410415E8	-923787.3665441875	-0.2949970276993753	29.68579132789716
-1.0143196073519695E8	3.5255601822369754E7	-11.663522581089936	-33.240159679197994
1.501458105668237E8	-917418.4706707548	0.08677851195797373	14.559440629131386
0.7550000000000006
-2.5537822626343003E-12	2.6130509514157432E-12	-6.764986126183591E-12	6.921989275273496E-12
1.5014093923956653E8	-923787.2181152309	-0.29499705721784725	29.68579132807879
-1.0143196079351456E8	3.525560165616895E7	-11.663522526580914	-33.24015969814418
1.5014581056725752E8	-917418.3978736132	0.0867596603174828	14.559415975502013
0.7600000000000006
-2.5877191963467776E-12	2.6477755002635557E-12	-6.8097873588073235E-12	6.9678302638514665E-12
1.5014093923809156E8	-923787.0696862743	-0.2949970867363192	29.685791328260418
-1.0143196085183218E8	3.525560148996815E7	-11.663522472071893	-33.24015971709037
1.5014581056769127E8	-917418.3250765948	0.08674080867699188	14.55939132187264
0.7650000000000006
-2.6218801362223733E-12	2.6827292540542575E-12	-6.854588591431056E-12	7.0136712524294366E-12
1.5014093923661658E8	-923786.9212573176	-0.29499711625479114	29.685791328442047
-1.014319609101498E8	3.525560132376735E7	-11.663522417562872	-33.24015973603656
1.5014581056812492E8	-917418.2522796998	0.08672195703650096	14.559366668243268
0.7700000000000006
-2.656265082261088E-12	2.7179122127878493E-12	-6.899389824054789E-12	7.059512241007407E-12
1.501409392351416E8	-923786.772828361	-0.2949971457732631	29.685791328623676
-1.0143196096846741E8	3.525560115756655E7	-11.66352236305385	-33.24015975498275
1.5014581056855848E8	-917418.179482928	0.08670310539601003	14.559342014613895
0.7750000000000006
-2.690874034462921E-12	2.753324376464331E-12	-6.944191056678521E-12	7.105353229585377E-12
1.5014093923366663E8	-923786.6243994044	-0.294997175291735	29.685791328805305
-1.0143196102678503E8	3.5255600991365746E7	-11.66352230854483	-33.24015977392894
1.5014581056899193E8	-917418.1066862795	0.08668425375551911	14.559317360984522
0.7800000000000006
-2.7257069928278727E-12	2.7889657450837025E-12	-6.988992289302254E-12	7.151194218163347E-12
1.5014093923219165E8	-923786.4759704478	-0.29499720481020697	29.685791328986934
-1.0143196108510265E8	3.5255600825164944E7	-11.663522254035808	-33.240159792875126
1.5014581056942528E8	-917418.0338897543	0.08666540211502818	14.55929270735515
0.7850000000000006
-2.7607639573559434E-12	2.824836318645964E-12	-7.0337935219259865E-12	7.197035206741317E-12
1.5014093923071668E8	-923786.3275414911	-0.2949972343286789	29.685791329168563
-1.0143196114342026E8	3.525560065896414E7	-11.663522199526787	-33.240159811821314
1.5014581056985855E8	-917417.9610933524	0.08664655047453726	14.559268053725777
0.7900000000000006
-2.7960449280471325E-12	2.860936097151115E-12	-7.078594754549719E-12	7.242876195319287E-12
1.501409392292417E8	-923786.1791125345	-0.29499726384715086	29.68579132935019
-1.0143196120173788E8	3.525560049276334E7	-11.663522145017765	-33.2401598307675
1.5014581057029173E8	-917417.8882970738	0.08662769883404633	14.559243400096404
0.7950000000000006
-2.8315499049014405E-12	2.8972650805991563E-12	-7.123395987173452E-12	7.288717183897258E-12
1.5014093922776672E8	-923786.0306835779	-0.2949972933656228	29.68579132953182
-1.014319612600555E8	3.525560032656254E7	-11.663522090508744	-33.24015984971369
1.5014581057072482E8	-917417.8155009183	0.08660884719355541	14.559218746467032
0.8000000000000006
-2.867278887918867E-12	2.9338232689900873E-12	-7.168197219797184E-12	7.334558172475229E-12
1.5014093922629175E8	-923785.8822546212	-0.29499732288409475	29.68579132971345
-1.0143196131837311E8	3.525560016036174E7	-11.663522035999723	-33.24015986865988
1.501458105711578E8	-917417.7427048861	0.08658999555306449	14.559194092837659
0.8050000000000006
-2.903231877099412E-12	2.9706106623239083E-12	-7.212998452420917E-12	7.3803991610532E-12
1.5014093922481677E8	-923785.7338256646	-0.2949973524025667	29.68579132989508
-1.0143196137669073E8	3.5255599994160935E7	-11.663521981490701	-33.24015988760607
1.501458105715907E8	-917417.6699089772	0.08657114391257356	14.559169439208286
0.8100000000000006
-2.9394088724430757E-12	3.007627260600619E-12	-7.2577996850446495E-12	7.426240149631171E-12
1.501409392233418E8	-923785.585396708	-0.29499738192103864	29.685791330076707
-1.0143196143500835E8	3.525559982796013E7	-11.66352192698168	-33.24015990655226
1.5014581057202348E8	-917417.5971131916	0.08655229227208264	14.559144785578914
0.8150000000000006
-2.9758098739498582E-12	3.0448730638202197E-12	-7.302600917668381E-12	7.472081138209142E-12
1.5014093922186682E8	-923785.4369677514	-0.2949974114395106	29.685791330258336
-1.0143196149332596E8	3.525559966175933E7	-11.663521872472659	-33.240159925498446
1.5014581057245618E8	-917417.5243175293	0.08653344063159171	14.559120131949541
0.8200000000000006
-3.012434881619759E-12	3.0823480719827103E-12	-7.347402150292113E-12	7.517922126787113E-12
1.5014093922039184E8	-923785.2885387947	-0.2949974409579825	29.685791330439965
-1.0143196155164358E8	3.525559949555853E7	-11.663521817963638	-33.240159944444635
1.501458105728888E8	-917417.4515219902	0.08651458899110079	14.559095478320168
0.8250000000000006
-3.049283895452779E-12	3.1200522850880907E-12	-7.392203382915845E-12	7.563763115365084E-12
1.5014093921891686E8	-923785.1401098381	-0.29499747047645447	29.685791330621594
-1.0143196160996118E8	3.525559932935773E7	-11.663521763454616	-33.24015996339082
1.501458105733213E8	-917417.3787265745	0.08649573735060986	14.559070824690796
0.8300000000000006
-3.0863569154489175E-12	3.157985703136361E-12	-7.437004615539577E-12	7.609604103943055E-12
1.501409392174419E8	-923784.9916808815	-0.2949974999949264	29.685791330803223
-1.0143196166827878E8	3.525559916315693E7	-11.663521708945595	-33.24015998233701
1.5014581057375374E8	-917417.3059312819	0.08647688571011894	14.559046171061423
0.8350000000000006
-3.1236539416081745E-12	3.196148326127521E-12	-7.481805848163308E-12	7.655445092521026E-12
1.501409392159669E8	-923784.8432519248	-0.29499752951339836	29.685791330984852
-1.0143196172659639E8	3.5255598996956125E7	-11.663521654436574	-33.2401600012832
1.5014581057418606E8	-917417.2331361126	0.08645803406962801	14.55902151743205
0.8400000000000006
-3.1611749739305504E-12	3.2345401540615713E-12	-7.52660708078704E-12	7.701286081098996E-12
1.5014093921449193E8	-923784.6948229682	-0.2949975590318703	29.68579133116648
-1.0143196178491399E8	3.525559883075532E7	-11.663521599927552	-33.24016002022939
1.5014581057461828E8	-917417.1603410665	0.08643918242913709	14.558996863802678
0.8450000000000006
-3.1989200124160447E-12	3.273161186938511E-12	-7.571408313410772E-12	7.747127069676967E-12
1.5014093921301696E8	-923784.5463940116	-0.29499758855034225	29.68579133134811
-1.0143196184323159E8	3.525559866455452E7	-11.663521545418531	-33.24016003917558
1.501458105750504E8	-917417.0875461438	0.08642033078864617	14.558972210173305
0.8500000000000006
-3.236889057064658E-12	3.3120114247583402E-12	-7.616209546034504E-12	7.792968058254938E-12
1.5014093921154198E8	-923784.397965055	-0.2949976180688142	29.68579133152974
-1.0143196190154919E8	3.525559849835372E7	-11.66352149090951	-33.240160058121766
1.5014581057548246E8	-917417.0147513443	0.08640147914815524	14.558947556543933
0.8550000000000006
-3.2750821078763894E-12	3.3510908675210595E-12	-7.661010778658236E-12	7.83880904683291E-12
1.50140939210067E8	-923784.2495360983	-0.29499764758728614	29.685791331711368
-1.0143196195986679E8	3.525559833215292E7	-11.663521436400488	-33.240160077067955
1.501458105759144E8	-917416.9419566682	0.08638262750766432	14.55892290291456
0.8600000000000007
-3.3134991648512398E-12	3.3903995152266687E-12	-7.705812011281967E-12	7.88465003541088E-12
1.5014093920859203E8	-923784.1011071417	-0.2949976771057581	29.685791331892997
-1.014319620181844E8	3.5255598165952116E7	-11.663521381891467	-33.240160096014144
1.5014581057634628E8	-917416.8691621153	0.08636377586717339	14.558898249285187
0.8650000000000007
-3.352140227989209E-12	3.4299373678751678E-12	-7.7506132439057E-12	7.930491023988851E-12
1.5014093920711705E8	-923783.9526781851	-0.29499770662423	29.685791332074626
-1.01431962076502E8	3.5255597999751315E7	-11.663521327382446	-33.24016011496033
1.5014581057677802E8	-917416.7963676857	0.08634492422668247	14.558873595655815
0.8700000000000007
-3.3910052972902967E-12	3.4697044254665567E-12	-7.795414476529431E-12	7.976332012566822E-12
1.5014093920564207E8	-923783.8042492284	-0.29499773614270197	29.685791332256255
-1.014319621348196E8	3.525559783355051E7	-11.663521272873425	-33.24016013390652
1.5014581057720968E8	-917416.7235733792	0.08632607258619154	14.558848942026442
0.8750000000000007
-3.430094372754503E-12	3.5097006880008355E-12	-7.840215709153163E-12	8.022173001144793E-12
1.501409392041671E8	-923783.6558202718	-0.2949977656611739	29.685791332437883
-1.014319621931372E8	3.525559766734971E7	-11.663521218364403	-33.24016015285271
1.5014581057764125E8	-917416.6507791961	0.08630722094570062	14.55882428839707
0.8800000000000007
-3.469407454381828E-12	3.5499261554780042E-12	-7.885016941776895E-12	8.068013989722764E-12
1.5014093920269212E8	-923783.5073913152	-0.29499779517964586	29.685791332619512
-1.014319622514548E8	3.525559750114891E7	-11.663521163855382	-33.2401601717989
1.5014581057807273E8	-917416.5779851362	0.0862883693052097	14.558799634767697
0.8850000000000007
-3.508944542172272E-12	3.5903808278980628E-12	-7.929818174400626E-12	8.113854978300735E-12
1.5014093920121714E8	-923783.3589623586	-0.2949978246981178	29.68579133280114
-1.014319623097724E8	3.525559733494811E7	-11.66352110934636	-33.24016019074509
1.5014581057850412E8	-917416.5051911996	0.08626951766471877	14.558774981138324
0.8900000000000007
-3.548705636125834E-12	3.6310647052610112E-12	-7.974619407024358E-12	8.159695966878706E-12
1.5014093919974217E8	-923783.2105334019	-0.29499785421658975	29.68579133298277
-1.0143196236809E8	3.5255597168747306E7	-11.66352105483734	-33.240160209691275
1.501458105789354E8	-917416.4323973863	0.08625066602422785	14.558750327508951
0.8950000000000007
-3.588690736242515E-12	3.67197778756685E-12	-8.01942063964809E-12	8.205536955456677E-12
1.501409391982672E8	-923783.0621044453	-0.2949978837350617	29.6857913331644
-1.014319624264076E8	3.5255597002546504E7	-11.663521000328318	-33.240160228637464
1.501458105793666E8	-917416.3596036963	0.08623181438373692	14.558725673879579
0.9000000000000007
-3.6288998425223147E-12	3.713120074815578E-12	-8.064221872271822E-12	8.251377944034648E-12
1.5014093919679222E8	-923782.9136754887	-0.29499791325353364	29.685791333346028
-1.014319624847252E8	3.52555968363457E7	-11.663520945819297	-33.24016024758365
1.501458105797977E8	-917416.2868101295	0.086212962743246	14.558701020250206
0.9050000000000007
-3.669332954965234E-12	3.754491567007197E-12	-8.109023104895554E-12	8.297218932612619E-12
1.5014093919531724E8	-923782.765246532	-0.2949979427720056	29.685791333527657
-1.0143196254304281E8	3.52555966701449E7	-11.663520891310275	-33.24016026652984
1.501458105802287E8	-917416.214016686	0.08619411110275507	14.558676366620833
0.9100000000000007
-3.709990073571271E-12	3.796092264141705E-12	-8.153824337519285E-12	8.34305992119059E-12
1.5014093919384226E8	-923782.6168175754	-0.29499797229047753	29.685791333709286
-1.0143196260136041E8	3.52555965039441E7	-11.663520836801254	-33.24016028547603
1.501458105806596E8	-917416.1412233657	0.08617525946226415	14.55865171299146
0.9150000000000007
-3.750871198340427E-12	3.837922166219103E-12	-8.198625570143017E-12	8.38890090976856E-12
1.501409391923673E8	-923782.4683886188	-0.2949980018089495	29.685791333890915
-1.0143196265967801E8	3.52555963377433E7	-11.663520782292233	-33.24016030442222
1.5014581058109042E8	-917416.0684301687	0.08615640782177322	14.558627059362088
0.9200000000000007
-3.791976329272702E-12	3.879981273239391E-12	-8.243426802766749E-12	8.434741898346531E-12
1.501409391908923E8	-923782.3199596622	-0.2949980313274214	29.685791334072544
-1.0143196271799561E8	3.5255596171542495E7	-11.663520727783212	-33.24016032336841
1.5014581058152115E8	-917415.995637095	0.0861375561812823	14.558602405732715
0.9250000000000007
-3.8333054663680954E-12	3.922269585202569E-12	-8.288228035390481E-12	8.480582886924502E-12
1.5014093918941733E8	-923782.1715307055	-0.29499806084589336	29.685791334254173
-1.0143196277631322E8	3.5255596005341694E7	-11.66352067327419	-33.240160342314596
1.5014581058195177E8	-917415.9228441445	0.08611870454079137	14.558577752103343
0.9300000000000007
-3.874858609626607E-12	3.964787102108636E-12	-8.333029268014213E-12	8.526423875502473E-12
1.5014093918794236E8	-923782.0231017489	-0.2949980903643653	29.6857913344358
-1.0143196283463082E8	3.525559583914089E7	-11.663520618765169	-33.240160361260784
1.501458105823823E8	-917415.8500513174	0.08609985290030045	14.55855309847397
0.9350000000000007
-3.916635759048238E-12	4.007533823957594E-12	-8.377830500637944E-12	8.572264864080444E-12
1.5014093918646738E8	-923781.8746727923	-0.29499811988283725	29.68579133461743
-1.0143196289294842E8	3.525559567294009E7	-11.663520564256148	-33.24016038020697
1.5014581058281273E8	-917415.7772586135	0.08608100125980953	14.558528444844598
0.9400000000000007
-3.9586369146329874E-12	4.050509750749441E-12	-8.422631733261676E-12	8.618105852658415E-12
1.501409391849924E8	-923781.7262438356	-0.2949981494013092	29.68579133479906
-1.0143196295126602E8	3.525559550673929E7	-11.663520509747126	-33.24016039915316
1.5014581058324307E8	-917415.7044660329	0.0860621496193186	14.558503791215225
0.9450000000000007
-4.000862076380855E-12	4.093714882484179E-12	-8.467432965885408E-12	8.663946841236386E-12
1.5014093918351743E8	-923781.577814879	-0.29499817891978114	29.68579133498069
-1.0143196300958362E8	3.525559534053849E7	-11.663520455238105	-33.24016041809935
1.5014581058367333E8	-917415.6316735755	0.08604329797882768	14.558479137585852
0.9500000000000007
-4.043311244291842E-12	4.137149219161806E-12	-8.51223419850914E-12	8.709787829814357E-12
1.5014093918204245E8	-923781.4293859224	-0.2949982084382531	29.685791335162317
-1.0143196306790122E8	3.5255595174337685E7	-11.663520400729084	-33.24016043704554
1.501458105841035E8	-917415.5588812414	0.08602444633833675	14.55845448395648
0.9550000000000007
-4.085984418365948E-12	4.180812760782323E-12	-8.557035431132872E-12	8.755628818392328E-12
1.5014093918056747E8	-923781.2809569658	-0.29499823795672503	29.685791335343946
-1.0143196312621883E8	3.525559500813688E7	-11.663520346220063	-33.24016045599173
1.5014581058453357E8	-917415.4860890305	0.08600559469784583	14.558429830327107
0.9600000000000007
-4.128881598603172E-12	4.22470550734573E-12	-8.601836663756603E-12	8.801469806970299E-12
1.501409391790925E8	-923781.1325280091	-0.294998267475197	29.685791335525575
-1.0143196318453643E8	3.525559484193608E7	-11.663520291711041	-33.240160474937916
1.5014581058496353E8	-917415.413296943	0.0859867430573549	14.558405176697734
0.9650000000000007
-4.172002785003514E-12	4.268827458852026E-12	-8.646637896380335E-12	8.84731079554827E-12
1.5014093917761752E8	-923780.9840990525	-0.2949982969936689	29.685791335707204
-1.0143196324285403E8	3.525559467573528E7	-11.66352023720202	-33.240160493884105
1.501458105853934E8	-917415.3405049787	0.08596789141686398	14.558380523068362
0.9700000000000008
-4.2153479775669755E-12	4.3131786153012124E-12	-8.691439129004067E-12	8.89315178412624E-12
1.501409391761425E8	-923780.8356700959	-0.29499832651214086	29.685791335888833
-1.0143196330117163E8	3.525559450953448E7	-11.663520182692999	-33.24016051283029
1.5014581058582318E8	-917415.2677131377	0.08594903977637305	14.558355869438989
0.9750000000000008
-4.2589171762935556E-12	4.3577589766932884E-12	-8.736240361627799E-12	8.938992772704212E-12
1.501409391746675E8	-923780.6872411392	-0.2949983560306128	29.685791336070462
-1.0143196335948923E8	3.525559434333368E7	-11.663520128183977	-33.24016053177648
1.5014581058625287E8	-917415.19492142	0.08593018813588213	14.558331215809616
0.9800000000000008
-4.302710381183254E-12	4.402568543028255E-12	-8.78104159425153E-12	8.984833761282182E-12
1.501409391731925E8	-923780.5388121826	-0.29499838554908475	29.68579133625209
-1.0143196341780683E8	3.5255594177132875E7	-11.663520073674956	-33.24016055072267
1.5014581058668247E8	-917415.1221298254	0.0859113364953912	14.558306562180244
0.9850000000000008
-4.346727592236071E-12	4.4476073143061104E-12	-8.825842826875262E-12	9.030674749860153E-12
1.501409391717175E8	-923780.390383226	-0.2949984150675567	29.68579133643372
-1.0143196347612444E8	3.525559401093207E7	-11.663520019165935	-33.24016056966886
1.5014581058711198E8	-917415.0493383541	0.08589248485490028	14.558281908550871
0.9900000000000008
-4.390968809452007E-12	4.4928752905268565E-12	-8.870644059498994E-12	9.076515738438124E-12
1.501409391702425E8	-923780.2419542694	-0.29499844458602864	29.68579133661535
-1.0143196353444204E8	3.525559384473127E7	-11.663519964656913	-33.24016058861505
1.5014581058754137E8	-917414.9765470062	0.08587363321440936	14.558257254921498
0.9950000000000008
-4.4354340328310616E-12	4.538372471690492E-12	-8.915445292122726E-12	9.122356727016095E-12
1.5014093916876748E8	-923780.0935253127	-0.2949984741045006	29.685791336796978
-1.0143196359275964E8	3.525559367853047E7	-11.663519910147892	-33.240160607561236
1.5014581058797067E8	-917414.9037557815	0.08585478157391843	14.558232601292126
