   0
   0.3394818275835222   4.272481501468035
   2.594585798276246   3.0253303153678166
   5.928861199193928   3.055896809481427
   5.694954342289292   3.0029861272599203
   6.4118866879741265   5.819704032540767
   0.6351010893339821   1.046932962251849
   6.13573626632253   1.3415211637306754
   4.303402827021069   5.289173086274191
   0.17790576663416768   5.51767326406503
   4.280402334275628   3.9612834746786403
   3.225850294418451   2.4202980106100886
   6.3381308404158485   2.9036114897019116
   3.898129839099089   0.9638872084770348
   6.083924029784868   5.146050246212945
   1.8209944021577262   1.8162405909868202
   0.9684256944911104   6.050350554802531
   6.203052370005216   4.703464799834306
   6.415561208434118   4.502954021469916
   4.048130593626606   0.492037176279438
   4.839100143939491   6.8651035658599575
   2.5126398438125674   4.383114297452156
   6.786009509981124   4.82351195278196
   5.248727624524822   1.225156292442123
   1.3911398181881527   3.940140803498852
   1.8782038973759927   3.340586469527011
   2.7408682687767563   2.5736671794194557
   5.014693094994798   5.370610322668273
   0.6251603532698968   0.9379897079621626
   0.49266940407665294   6.469457804953548
   1.508100173743545   6.374645089997544
   6.672001095079693   1.7252192557366992
   0.36626857531500523   6.446284858180335
   0.8653328939191461   6.949087567305877
   0.33244264808344304   6.20738204433587
   1.0831041154610954   3.958221275482707
   2.838920653236067   0.9761112090047253
   3.40720311237338   3.179591279332478
   3.1803622625495764   0.11787027095262692
   2.3892270370113646   5.823070341541243
   4.110373293498908   6.756184889519787
   3.923020762223779   0.011675234246057764
   1.2491481117514285   4.9507601790562
   2.0636345716687434   5.115268447771613
   1.711317295921436   5.725215682809365
   4.256047405812692   6.111175821701544
   5.463737292720484   0.3885681300030964
   3.3969661609235398   4.091073073589419
   4.492292307558935   5.874793456083185
   3.081720206862114   6.048146647967382
   3.894865755348494   2.32382866446068
   6.285733407362045   0.8119254806067121
   2.5244735017773374   4.845143756774214
   5.596265044809756   6.450338542034941
   5.782138759160728   1.3415390737812265
   2.9450726373967777   1.6294421951982414
   3.6034230218556367   0.42609646028895787
   1.5963616037537736   5.310914957784633
   6.595613528033559   0.8392369286017953
   4.9168454280049465   2.7758155901651342
   6.664403957017645   3.3656089820828297
   3.1959538555612927   1.2902465601019544
   4.319491101484139   6.0620565234760555
   4.494183815774787   2.774464393646025
   1.167846613144442   2.6381905995999326
   4.176302407708565   0.6016297476867878
   2.89150658412733   6.080106780252946
   6.433570882765052   4.135780612141657
   6.263562186210479   3.0755709092172325
   4.715367598004304   1.8207724310626143
   3.481614531157346   6.485514222075415
   1.5755522379338145   6.552814269497698
   4.2922987639470165   5.011953591863861
   1.9926218407725507   3.708889784520477
   0.0435634174690972   4.336476324879526
   0.7451712269585106   2.5617422922496043
   2.9332313737616884   0.34620378001602303
   2.915382140655106   5.8892557417453375
   4.32295076502434   1.6256669285667822
   4.053222711200539   2.381962473787674
   0.055981993345109005   5.173308582962234
   4.962757262746953   1.9670515456999578
   1.255354701469881   1.3003386496515335
   6.4694172577091145   4.400658482667693
   5.085760459682335   3.887456924722744
   4.893304282471387   1.4323571746680055
   3.4381351413889134   1.6114659072566766
   2.2885521977937096   4.516678881533826
   6.44022328813545   3.4090823716889473
   5.812486239742858   6.436129093348138
   4.10949686887044   6.319272409024164
   1.8607807180569216   6.308572836273077
   0.3466419110097879   5.938210462654914
   1.8460258815945885   4.279006030729706
   0.8184112071001696   0.03248644804321488
   5.707074137565507   2.7416289761903156
   2.0979743744884205   4.3864577126291415
   5.415250712141268   3.202789727964122
   4.718987458422479   0.7086677009005625
   1.8909708819843023   6.878757737890275
   4.556435289053451   1.3900232294039627
   1.8605192751096364   0.8244419928840898
   1.1728890794927107   2.0929504947315962
   5.267705900191044   0.8100639144258495
   4.46315635119462   5.5560181845703385
   4.908826547664566   0.30244265745185916
   4.093387078821024   5.622545095060118
   4.981813877734619   2.7659515677913418
   1.862532909526613   2.3444762162720876
   3.2316788401500096   2.0753516001809285
   5.214647635335547   0.07434297323279548
   3.334300566349455   6.128604740613944
   5.699848006496484   3.7383884929194284
   3.089335089545206   5.762420733663982
   6.219842513711234   0.9829683875469784
   1.8904758446589078   0.8066895151362886
   3.4007703597297856   2.604108027623756
   2.8075050977177174   2.566096146469821
   1.4116811004844567   4.60662082871824
   2.449541942661257   2.188119342875461
   0.9913176620427796   2.394466503186931
   2.5826004027301925   3.266257290469301
   4.358954983632574   6.968051446097264
   1.2470306015933794   0.6357282021241177
   4.066880256009568   0.5969457461660063
   0.8616323501453967   1.646035645477773
   3.7026885277699275   2.2480172229714865
   5.511183801309167   5.2406948105307
   0.6688990133525392   2.0792513343258623
   0.29284799364215075   5.9390557364111185
   1.0554917395081214   2.55855794706148
   5.244370314299897   0.29856364946785086
   1.8777897108795865   0.23462802475964373
   5.9932012603602685   6.637944950705822
   5.677706632507248   3.8734378148471134
   2.850632874955834   5.722702220179366
   1.6807103930937282   5.579263496062276
   0.6287497495168195   2.7539528928835226
   2.3639417699899603   6.643096455063161
   1.980459735664114   0.3600439913533119
   6.422761770573863   0.20412285600233826
   1.5540740260170658   0.36752500292637824
   1.7235886454860383   5.371452826775382
   5.71387430310685   0.9239553628763086
   5.900218448103878   6.233558686993454
   6.006810351297147   4.059676547212295
   3.788914527425313   3.181907038147055
   5.952935113886645   3.0090745929487657
   4.904380666570391   3.1930388200401625
   3.1033933480433977   2.5640063368077466
   1.6343238115705931   4.149880777141603
   3.6447432328576226   3.40296367317331
   4.77464461337668   4.938337287462259
   2.132099175946905   0.7291971684863241
   6.440383184911279   0.9292439558204283
   3.2060463605075125   2.659418126014559
   1.2693805160064846   6.5485304886103854
   0.38948628883292014   4.631847089290584
   0.18620332301217657   4.949967581478757
   3.270538140928627   0.6482784734078696
   3.813216417023057   3.3351448011878047
   4.556324924018434   1.4294718564391786
   3.9037714335109475   0.21435029981642784
   0.6299423218017011   6.546587359988003
   5.929318044680609   5.869796472847678
   4.359110464537144   5.293525770486627
   3.177828150069675   4.469158571232356
   4.989978432538214   2.485933732782439
   6.4152610606575555   4.682668826137307
   2.013254380634265   4.512283287546222
   6.324883037319938   3.2810276646692826
   0.9123010832461652   4.820832806860131
   0.5710884460215848   1.0341723574784774
   6.694045022696911   3.603425302777372
   1.4349613244877524   0.29246442102476844
   5.06350668219139   4.732979202917484
   2.538144978148621   4.912127600003035
   3.0314747361878718   6.026172563101941
   0.20967711916501408   1.685798188244073
   4.642303064433563   5.636223081527699
   0.5572865143418212   1.1568174261681703
   2.3750244755131633   1.8328132827488182
   1.2802249366028349   6.632420827956812
   5.6059330651435815   5.5971084854275155
   0.7050542094804083   5.366253093065996
   0.324500353382699   5.349464655425857
   1.4388855783043526   0.2546619350027256
   1.066948312592424   5.735819907320802
   1.4164095580522553   3.9839939784776166
   1.7730173184573736   0.725914867331844
   2.9676385603708817   3.377642099408805
   0.981424952321023   1.322380623360361
   1.8526217960597469   1.7218688049085715
   3.4582218422927853   4.944388486205557
   1.9974746741379543   4.098446962148958
   6.999716899478411   5.032945837005734
   1.9229052742369328   2.2199409595131314
   0.7678477131375215   4.627078753534785
   0.5820037480286435   3.949968284262626
   0.10083911314862914   6.581034955729345
   2.51839588682652   1.5960593965025538
   3.2957004162266723   0.7322907503577158
   2.918950410849769   0.18675316388752994
   3.3815743513370524   5.688546723271591
   2.2670634893518584   6.2873424759646275
   3.394160808114326   4.979039015933625
   6.903131100066123   0.47020642123950296
   4.121398977526373   5.111400330373745
   2.86815371841979   4.335935860611153
   4.719304972845437   1.5899434332530826
   3.944507879443713   6.980490258876236
   3.994319452080678   6.184647426232765
   1.8147507751209255   3.0213884343665236
   2.5147321670543064   1.6922680558999583
   1.7349110057455723   6.7324644961937725
   6.048714401405018   2.101897475604026
   2.063058392309891   2.4919929447989255
   5.130193934543365   4.466944238994433
   2.397024400711385   6.623009868716592
   0.8262763493799159   0.8939014359501465
   6.956989347788633   0.797429439898049
   6.021121147757482   2.885425095662168
   3.199229045094261   6.487080872528034
   1.7411456570453279   6.821136043099726
   5.466659648439974   1.4750617998312867
   6.225139188233966   5.62421206806415
   4.769895686820529   1.1898298620909484
   6.590331120131958   2.645234149200737
   3.549379885651151   3.5922257992607403
   0.061667345440615584   6.496898496115722
   6.494723914054364   6.532145909023644
   1.816511387190424   4.994103870818982
   5.191738374606659   4.896855193606328
   6.550695514555546   2.49357540602478
   5.530716742608357   0.49695435456023396
   1.8943104483726982   0.7855799569578401
   2.441368212711676   1.4787898453221893
   6.796831404127613   2.267440281606574
   3.620389906798494   2.1136181120194415
   5.961140158072853   1.424451855933846
   0.4869946951176426   4.09410711601119
   6.334712950947141   3.658454927124178
   6.63980515964683   0.9677861826243718
   0.5637057013387958   5.237712673195272
   0.5953543359921979   2.0548228873776226
   2.181879100911722   4.593895740161224
   3.5640233815161517   5.134033622395229
   6.14126545479417   3.3628709434691233
   5.463580108112781   3.336305575159515
   0.09519276659768894   1.455639321878028
   4.2835705060184806   1.058633573129527
