   0
   6.810055043050831   5.021803177285662
   3.2025818286528893   0.9608183113449542
   0.9049630118955211   3.5222092134936287
   2.204012588020512   2.6281529407584947
   5.1914427168443975   5.152887944383734
   3.1639212672157866   6.305898881750787
   2.8074572553266597   3.4025314788816363
   6.283736333874039   2.990112186792723
   1.6472768813704237   1.765484125454418
   4.790977975404154   0.31458987781957826
   1.0537556922201905   6.4722470404171455
   3.046840311980209   5.070837283584554
   0.8436536670831667   3.7849234856104648
   4.220080455099298   1.933829291985957
   6.774859980799532   2.959380575185791
   6.760581037315952   3.319073073394323
   5.930584563253558   1.928052533323855
   5.381540941981468   4.733002181928881
   4.830545261659569   2.428207009319475
   3.203582909007354   6.634003291849658
   1.3828923813349618   5.690148143932504
   2.1271563931081765   2.6954064591657847
   4.063066332381903   0.9082243954835818
   2.3814432325924124   0.45453560088892286
   0.9470030460233605   1.5446605319257358
   6.548567696435552   5.643444767580325
   6.436057477674866   0.06212957630629401
   0.1812420045036427   5.027237721790166
   1.6897267639522626   6.945631662612024
   3.4200678684997943   2.324889688464389
   2.929719465862984   1.857639678447783
   2.7735490634184137   6.755267276193076
   1.8951229805046372   4.472629605356115
   6.449456291040575   5.937563589168774
   0.8133861012382608   1.9580002133052608
   3.3205224908994313   3.2806379690984633
   4.305542726836228   4.208044467748035
   1.77053022217004   3.6197780050103256
   4.666564729717076   6.796028931077162
   5.298692169824822   5.702167694534393
   4.952941359432825   1.1865876124345704
   6.860808285936368   4.183876322770942
   1.2695454342479338   3.0465334400170523
   6.495021705027427   4.081451354335698
   4.57655649383932   2.506840786902918
   5.818079835742823   2.1202228300440105
   0.2346713877134926   5.961950642365178
   6.484843709878107   2.1392028754906613
   4.373045125810352   6.444696398560558
   6.679374217468402   6.648982681074631
   1.999364734693677   6.786050118959325
   4.150260672305431   4.794308434190608
   5.575170829965534   6.658534052933157
   6.215941898050649   6.347035373962603
   4.552000939219855   5.210544037836166
   2.547606351832495   4.947936884504077
   6.105139983835185   5.325976099792407
   6.387844249542162   0.6273672808017817
   1.0117273780466278   6.589449838995829
   5.182560494817954   3.6650497648897575
   3.298674934597904   6.802067357189708
   4.391742129009075   0.09828566916255688
   5.9333171868708385   5.376047384021786
   3.501511558711689   1.6556546378450911
   6.445922169776789   0.13872108020472418
   5.985480826594029   4.579797305250061
   2.9581540868702816   5.9972753102609095
   6.157760806206889   6.708146587145752
   1.6452879465992467   3.5552767094632056
   1.5230618871903716   4.304497988699676
   2.1824414416164926   1.13041010364807
   1.361161156247387   5.47708001119692
   2.216293652186081   0.7000109968465051
   6.883596926809061   2.580313449485148
   5.363728820493052   4.096871534644769
   4.369784413542328   3.777715797721866
   4.667547052213328   6.292448512833765
   0.22783775633171355   3.9424380090549764
   0.8368506225254209   2.837998440762731
   0.9322124018636428   3.289686800619732
   0.9659215437503543   3.4863142281345616
   0.26587589972276227   4.57181409602964
   6.760369463059016   5.687638343679795
   5.23904306722929   1.3221267563720984
   3.6030379531417136   1.04297088834692
   1.469604411234434   2.507494585479868
   1.0646195551943864   0.906395040881196
   4.692207128401758   4.04260383974609
   6.705141568330951   5.155187055696425
   1.4135376342266595   4.930234650748965
   5.222441797488975   3.692377190447008
   6.550688687737703   3.32220488279272
   4.182470041729204   3.5110780672047386
   0.1775810238246589   4.544654731760931
   2.7137066864534116   2.133292602613548
   4.261243450117856   2.09911359520483
   5.664204175023986   4.938064270875408
   0.4953457894172203   3.837318961844507
   4.80471702612216   0.3147311002673048
   5.032708015147102   6.913025732943568
   6.715095605254976   4.716689675864357
   4.081601783070033   6.738073316872154
   4.013584101985433   1.5494804012289012
   2.962493525275438   6.0127453355087095
   4.57986616771762   6.404145638993268
   1.3224613558485792   3.961986003351859
   5.382673307425148   0.4427183538721937
   0.7738602121195044   2.1893057610727187
   5.451471546861623   1.757342462802924
   2.2618902679822144   1.0592354445061152
   5.429210125776426   5.257925405241336
   2.972562107772432   3.2369603178567066
   6.0093237299748345   1.0953739968912939
   4.568137488244863   6.950288641746291
   0.39514146523020144   1.7983607896731115
   2.9814598715414564   0.6943842912677987
   3.7235657614386826   5.191216813881836
   5.9136773086266805   0.4737133408763704
   2.167347265561374   2.768946786473904
   2.561691885520119   4.268433113022008
   1.1714915912615367   0.5325096254615015
   1.9522600427675543   6.223968397210251
   6.989293566651398   6.333404691120833
   5.579001621588572   5.092801235937519
   6.362207488457841   5.541256543842406
   3.8266622829857955   6.706516446939433
   3.835223053025075   4.331484605911671
   6.923809920780948   1.7239242179977379
   4.815624527273313   1.0922960468399934
   5.89073126328876   0.5876013492349109
   6.067975672530183   0.3711361888553265
   6.143630552691762   0.5264675884417733
   6.891880650832588   0.42038222470328557
   4.079318944910476   0.5660354973473057
   0.7515338309118561   6.760460745643436
   0.09641962556067674   1.8507482851877555
   2.617282289596174   4.255720323352256
   6.109696355900062   4.144339932575634
   5.739384603948136   4.994290186718848
   1.6834546591584627   6.154429472181265
   1.0028613793457997   1.7777994592193682
   4.4480445836169835   0.3265807425927707
   6.40979435551772   3.2602361027550453
   0.4703356121975888   5.970835203977101
   3.6016402073260685   4.72736864052136
   3.724615089973571   0.02024733785527355
   0.6690880468041184   4.179053176710728
   6.754702476846802   1.3762267370738819
   1.8006992532586605   5.7663986050798925
   0.03115277549916151   2.6695131148039475
   4.594028781469459   5.744159403462607
   0.3892628273084999   1.3583852342255922
   5.094140818935425   5.925872741043608
   0.2841764960748274   2.3972261335913414
   5.834388672458645   6.17515926488101
   6.418723361343516   3.238844486641824
   4.333042204946887   5.731251008789939
   3.587709989026444   5.682969849655982
   0.6468075661943455   6.150210505959128
   3.3392187695480855   0.05111751368171369
   6.698492219179741   3.345452581600241
   1.2790572344222404   6.354540535952296
   0.1810317007507577   3.632080920630793
   1.5388322320379086   4.527259256793611
   0.8938053493345398   2.819196898907384
   5.0912160948816885   5.420183260548279
   5.389626382525556   6.252737513971747
   1.2278003036493936   3.095112721627775
   6.802007019018706   2.2885515095666515
   2.615524103279647   4.018931856856404
   0.6822565833902621   3.971312519718924
   2.9169976868564698   0.0385777079843348
   1.6046830601226203   3.709527389876306
   6.998128833492917   4.516393968898849
   4.19562969930062   0.4702881704161217
   0.2532933496614225   5.723249637986019
   6.108288124885485   3.4695658893194645
   5.553879904971027   0.5233288514972829
   4.300192338338713   0.5047478805184984
   5.770373957044758   6.539770386303291
   0.7740059095884214   1.9657619003084577
   5.7312313533398465   1.3643573910123354
   5.714678143333802   6.169533184215117
   0.8636269598516159   4.967234815574701
   0.6972558611274308   1.989667352749257
   0.6117534518283447   5.274151139903869
   4.349596483025122   6.799152367217886
   4.0476768584587175   2.908998102247998
   4.53293970779024   2.5085167612336052
   6.877843810962456   5.348443533675746
   5.750759173375824   4.965285714760951
   5.305170792346074   6.2032262521332475
   3.1125202428649175   3.1827204381443033
   0.9322330340696708   2.027205858997016
   0.7639372013179053   3.7867274216496445
   6.085403061362608   3.960533378425589
   4.24902971826723   1.709469343106052
   0.6028790848256377   4.6373322367985494
   2.7917417440637924   1.5166128938497563
   0.2613767638184272   4.131051531503071
   3.9760964695679086   2.832292644663699
   2.6168435060697846   6.272179161918715
   0.7638215084185028   6.121769974988335
   6.103893148120122   5.453273993399946
   4.2170883291502985   3.6064155632507378
   5.776742133653356   2.035299847234181
   5.691474594782841   0.31904194063770774
   2.0812637859920313   4.687018399955521
   3.630463900120581   5.259758310559585
   1.5233673561017078   3.4257207392416777
   6.427763311651135   6.2834242880762385
   6.0432390324733944   6.782851490158087
   2.127425710297432   5.739420721594816
   4.318072008305103   3.392101443954028
   2.004228841442362   1.9928590442264325
   0.09774688980709123   0.39032022890800366
   5.307969813225625   5.783497201767576
   0.02851012462760838   2.333122457294632
   6.665299138104272   2.9245297146992466
   0.23903464517456152   2.857333136727961
   2.8114250732294797   0.10806455130383719
   0.2513296985925565   4.0714458504085
   2.4714832543908023   1.5675033608106324
   4.535809642017357   0.6230347472522796
   1.3275757105234378   4.049186298397519
   0.2554082414387149   4.57859022698426
   5.092445322790181   4.96655985040937
   3.4379697295076665   4.656517808334206
   5.7644614386310185   6.749779702011542
   3.979227694865374   4.97806536377555
   4.1610542564775646   6.262054195687523
   6.510520532219238   1.3437163040652544
   4.818947987818474   2.7311848312786564
   1.2659811070364706   5.104110198349094
   3.309499317179814   0.9406565612161505
   6.653269197941939   0.9748244872402898
   4.946163650645995   3.439284125029868
   1.2700044457640438   5.643377541239385
   1.7585692331022398   6.2618110050496405
   0.6148932781592554   2.7345826526294803
   4.47389240071804   2.1050134551782818
   3.7181282005659106   6.636908707150689
   6.08118517026711   2.0747584227603957
   4.3599740340535   4.8477767702911985
   4.358021150435999   0.00910782992572945
   1.459542408288173   5.8697429548541615
   1.5112838322540365   6.9909684601857816
   3.5975906842414074   1.2822942217548767
   6.825131959605089   0.9909282366967124
   4.487768032903323   2.425505086882971
   2.9191426084679994   1.626821223037364
   5.530067755578436   6.162078429520553
   3.898333892225175   1.791211456915438
   0.3683294294099082   5.433314481897236
   6.324242367922305   0.3813849573140823
   2.630471688155969   1.7923286385670565
   1.5524289319478333   0.5685861711325573
   5.755721709063619   0.7843595888245194
   6.566759453583792   0.9641335014510369
   4.007445674431845   1.9492851890745513
   0.9945053496777269   5.679700889555952
   1.4332646587759597   5.345482250883011
   3.508783047962271   4.637444520893179
   4.6659833167138665   3.8369479472131296
   0.31605048255962964   0.562806348489327
   0.05944063054081539   3.947114167509033
   4.8863487869886875   0.8887258203478953
   2.722727944620064   2.8630681810491048
   4.512680646616481   4.314634726335051
   0.5543068541815849   0.17291106183948657
   0.6833858880993511   0.9970119439492433
   1.3843960384187586   1.136759827336569
   5.617577378114389   5.300424004458001
   4.809577450962553   0.7284266010005395
   4.648668304492248   3.7088730910273475
   4.247916763124536   5.340072887486893
   1.444727569457796   1.886924663314486
   1.1559684698307282   6.916171584699109
   1.3268653460805546   1.9884837209680613
   0.2308815218496001   4.375872864475224
   4.188058102850441   1.1382388645352735
   2.7714003372127025   4.494399875673747
   2.7247853561991477   1.556691049464173
   6.19089704575448   2.9443705957526523
   5.872561556598125   3.0643308218346252
   6.963651094286838   0.9469668482717839
   0.48390585058072255   2.683929818716029
   6.042436294175996   6.9506448814552435
   2.40350468252426   6.762056164501505
   2.011052465722444   6.941603654101602
   0.18028396842764138   3.451826099432002
   4.929780734430551   5.395503984062706
   4.7098141953656825   6.538550404504588
   2.9948266712098297   0.5039502125533571
   4.122941215790825   0.4483322827074724
   5.764647701175909   2.1520260518650383
   2.227734023860767   3.856823007115623
   1.8066532596075087   5.184691007447976
   6.7718161946196265   6.6112403484200915
   4.187095726826723   5.780126680706525
