   0
   0.5873244870511508   0.3633918569544886
   1.572517450868799   1.6030002277728612
   0.6903261239615088   1.279464961368273
   3.098785957651761   0.09221336706169303
   6.285509082517158   6.695075845616123
   0.7866996739333674   6.433761263222186
   0.8278584587143057   5.920741339934152
   0.44025823754965543   2.5701344530403287
   4.255079129397041   3.6236972896427377
   1.8822080589222239   0.3440642979647832
   5.288264129369836   4.670225224759418
   3.8153735050951556   4.507067282309382
   5.267484537526194   5.536706686398798
   0.345297837628059   6.122204843409206
   2.56682750105195   4.948921293450335
   1.7726868929321564   2.9868795601778193
   4.409775530656418   5.427659462420586
   5.7123848750240365   3.266923207866755
   5.775933056154371   2.2810224228150693
   1.6376083939777824   4.44240923087106
   2.0539815040185925   5.2898417523696795
   1.5839044005069787   2.9185525445101708
   6.153353266319171   0.8824507756734279
   3.9767914119977092   5.251741268987106
   1.9384881231191036   5.988595846623525
   3.3702847222219336   3.881169157999973
   1.0946471937984708   1.9995839534011126
   5.30049805651502   4.540724763757664
   4.873134465190271   3.3428117272758002
   3.4692579410238342   1.1537162420903266
   0.5963839178565579   4.1036309780896625
   5.077158204856682   0.9846950143605901
   4.329745667996166   3.8960566667271435
   1.323723448221305   3.138067865661834
   1.7469151301432944   4.796130717389907
   1.8843436568520011   4.152370908937897
   5.929822209411203   5.607808317711702
   2.5593854413473864   1.4420023454845843
   6.651410421001306   3.0310380896148246
   0.2703732054436774   1.684897677434285
   3.5911036294057945   2.4452623823209865
   6.1513818588782065   6.945055108864944
   6.927878609710583   2.0088693583180213
   2.6507694793392305   0.3530010664311898
   0.8447246364585392   3.6061820099546242
   0.3191234125952197   1.5452171073896173
   6.66088994448462   0.8483740965484712
   4.313785519280053   1.7852233911697897
   6.584684591427141   3.853259333756635
   3.5985620482124414   6.754451023237089
   3.4497209084457117   6.891202261524218
   4.359219805739234   6.410209964178992
   6.261346902737806   4.190456451929032
   0.2911076694264664   3.060990442650884
   2.9376383870939096   4.245036932707338
   5.144739212093264   0.9060155733908434
   2.2806881263818366   1.8617948553216346
   6.238411152159096   2.7263935600419336
   3.959043316721281   4.920657972624932
   2.563926567070272   5.199396223453364
   2.1210148170470147   3.4030634761634233
   5.622232640612581   6.435318829939243
   5.191191351596928   2.668409823275745
   6.2302751689934155   4.808060663451228
   2.4288686018753545   4.2269109693201585
   5.238614872991394   2.965990844550091
   1.9472106172203367   1.369538436696836
   4.391344171456696   2.06884435919511
   5.105836010706935   5.971795373725243
   6.445578598810171   4.799326722622493
   6.497133931006333   4.587868101288889
   0.14729963419283165   1.5447791294385524
   5.147982856298568   4.5952558787494615
   4.733559574871422   2.3346911309089844
   1.053665296928897   1.63728644818065
   2.298053333378193   5.654025224354232
   3.7496324625424062   2.941976974683054
   2.6178072789224456   1.1302468339102538
   0.3093990464143185   1.2705059479900251
   2.89322365574788   0.3136346325330064
   3.9332053958566253   5.2671156055049995
   2.30196175098523   0.33587353490941063
   3.1622103367756025   4.844571381805836
   3.3091340607801114   3.1411152633111756
   3.716840049927347   1.9453556053955856
   2.3120282319822163   3.2366190355018927
   0.015535640248939386   1.5685814402855613
   5.427069210843801   3.5067635911458512
   3.5815131471336508   3.3461637401057143
   3.0499689824333855   5.574655633093978
   0.7902617784619442   0.18909336099835183
   5.237007330658283   3.4797350437654146
   4.749377577134499   1.6057104350955178
   6.966130959920286   0.06770792189154551
   1.5349437521704679   1.2186799574521285
   6.941046444718041   6.4608218591316
   4.535038565649778   6.775929355093559
   0.7997268083921152   2.291921005297228
   5.271067678468932   4.563106750390572
   0.3807455052724229   5.044905033082894
   3.781484290062666   4.581180220840793
   0.08658903755293168   6.847139614024942
   4.460079763313822   2.1525977724878604
   0.36259696427784316   0.40605138654741335
   1.1423920913377552   6.762985429040132
   6.883416357872996   1.4725645823007851
   2.2288987168006438   4.932661772889885
   3.205850915293377   3.248222217732745
   6.722526763960551   2.7433102331444044
   6.40772980683853   0.5307569156889538
   4.240630400717332   1.3199422294774714
   4.586908349664447   3.114564828951223
   4.33795243847125   1.0868532437568565
   4.0427592487589   5.027957728303937
   5.8472052972123425   4.978565555157586
   0.504504018043972   6.598253549950347
   3.4077734430630686   0.9928172670473241
   0.9064756411207477   1.0886929790960345
   0.910654302394376   1.5224522099096789
   6.939895659284713   1.7478496177064176
   1.239126232512714   1.7966285438098122
   3.933992726897857   5.552631337125495
   5.429744841861686   4.499061297646447
   2.536279826981854   1.7101496116408879
   0.21713876184051106   6.212074042486169
   0.1725517204140481   1.1116644705907999
   6.858693594288894   5.760037166862853
   1.3716525881674335   0.40348987451713136
   2.161576733110488   2.7943245037031357
   1.7383120724731622   4.155177933064183
   3.7546767248339052   6.074226455816064
   2.649333394735271   3.7644760442824237
   1.8618960655496006   5.8543122116446416
   3.634164124978206   6.241482619702738
   1.1408536537225373   5.5885346749048335
   6.880371393025239   0.8611076826619742
   3.552419922161041   1.8049337453557412
   6.377783246431402   0.8633728285716014
   3.7216266699331833   3.4920901932963013
   2.8820534630727273   6.915264048680029
   1.8393585477754733   2.669543399594048
   5.139145900248944   0.9257836640129202
   1.8368515287200289   1.9891864435528435
   6.6667308017111475   4.027523245539636
   3.3413912426423606   3.233209666641684
   2.8367228041867305   3.103513034886171
   2.7917200390455426   4.436468072990322
   4.045185687966219   6.147280111033248
   6.05552961312431   4.06720020792326
   1.3915719797437776   3.9969782204481232
   0.9490333782911886   6.2498333679882165
   0.518753836770119   0.5811335674479186
   2.2099794938962267   5.407166298683207
   4.088547319226158   6.753976481177194
   5.720583020146009   6.936517689055778
   5.784424031588342   3.0825131299245716
   2.115721987063811   4.615494834425225
   0.7438430180971384   0.5754180705345278
   3.3443607772074233   3.3578302950287564
   5.92713278892022   3.315509395825856
   1.2785305432166134   3.708296431126147
   0.12809195153740505   2.2729984651092527
   3.0843135403423005   3.0780110152849405
   6.123471103554219   6.235882438551268
   3.7831448949086344   0.1774977600810671
   0.8442377691463191   5.796783228084487
   5.2393649986535955   0.4046768014201896
   4.431025043401954   5.6822119374268185
   6.711318715427605   6.088508996324916
   3.6093972742402354   2.400667890376083
   3.0984197656384245   6.476326338357316
   3.987566877713536   1.220162289105108
   6.105460926726847   2.183933113327577
   1.6399345827629577   4.863687463924155
   6.728071308763779   2.5023702950884603
   4.694315847640946   3.0328274187221833
   2.7395885203080943   1.4737854516667461
   6.588964097650928   3.93514136150356
   1.229729368816074   2.0111595151944197
   1.2074872969605668   6.400126919471028
   1.709310762775077   6.542695249011693
   1.2355009251946951   3.9215017139672326
   5.852890613183614   3.7114752330192426
   1.8123503671568704   3.0602207943872166
   1.6025631192328356   3.5545540647998455
   5.874478846329055   6.083077169930283
   3.1012647151058736   3.3229533548732393
   0.5040098975886508   0.49591270792247166
   5.762807689162797   4.6850824218609
   6.106852748309275   6.2583968831027335
   5.718481011208418   3.480911637162577
   4.3491349775645425   0.9390084474069429
   5.9064233382765305   5.462783301308937
   2.4790060990923855   4.884287033049138
   6.190089337517076   4.571045177252432
   2.9528496345870145   5.635600910135675
   2.10599934819656   5.2487493798617875
   3.170681256500046   1.3296056798182772
   3.148577536412933   3.099463482057343
   6.605006801739982   6.665248785566673
   5.901254463615557   2.8357948885328903
   6.680650743240927   2.2106068900614524
   6.8181217902709   4.953534269395404
   1.430062873871477   0.35701758850874776
   3.049299696185861   6.897379555549602
   2.209349939726419   5.105902282015473
   4.385790553159289   6.6590045029345495
   0.6147721701542622   2.09535287264382
   1.1759618101545575   4.766793895667179
   3.187688126214117   4.838986911105903
   0.9359186014216282   4.488867414397996
   1.5379201251437054   2.0587531850265472
   2.3398893433183714   2.777074716892173
   5.151258691291343   1.246301972333992
   1.3343730697534846   2.0294432496916848
   3.3763136392966944   6.184212434443715
   1.2711559499969622   1.1421190115490671
   5.9091640300734225   3.0987991028862245
   3.1994261682032636   2.559143587856145
   3.511247567533107   0.40040001658724966
   6.796084119142358   6.109465154857983
   3.706678296061863   3.5949781874352094
   2.8459574376369985   2.345387125967811
   4.8096662461902   6.922547586612331
   1.7100046279778187   1.8652109861170216
   2.8309623304936924   2.593365274963093
   3.839701021407051   2.7151366224300277
   4.604237733099806   4.152010248339738
   3.1096725416591178   2.421536496113575
   1.859052629275468   5.502399849718932
   5.5482591939887405   4.5045247353165685
   0.9465616951472448   1.4734731889905563
   1.9470564232031218   4.467299913547211
   4.4973420613474095   0.49570218531228993
   6.825599032484564   6.243037978821338
   4.4577275228064455   1.992770016244504
   3.316222659412011   6.912176843788865
   3.711769974091974   1.4706855914590413
   5.716751646367782   1.177727629712431
   3.8504424064667298   1.008283252815311
   5.7350302631864185   5.604810679064211
   3.597943102570854   0.9184865250063956
   5.819433406914161   4.992916441765759
   2.946947570821765   1.7588946534941385
   4.433356962720479   6.455442316609962
   5.19040277988811   0.6231783656803537
   6.68930718353393   0.8308694263817208
   3.7669431844470553   3.741454913235371
   0.40957553660250257   3.9434889163588456
   3.1602602305418706   2.8582383338603043
   6.425601828909264   4.968898235362955
   1.009737480979231   4.640741317854875
   5.766996459294405   6.740540829937328
   0.10041643498950081   0.49823788822755843
   4.323809432617204   3.258365995896927
   6.004842330107632   2.6648709762146776
   2.592000144800953   4.929243146825817
   4.84758662620459   6.213722586270228
   0.23218072345996243   0.1810651065030422
   0.9552314727942609   1.8291410539376765
   3.385572818993459   6.048534796712087
   4.040347105994117   1.667252527802212
   2.9987323510814083   4.128431766898242
   6.0474813119997215   3.4812608833609473
   5.809967795931097   2.9457081595653523
   2.8624252241651034   4.378570772638428
   6.145491068803381   5.259071054392395
   2.7530128202641033   4.110948986547256
   0.2622102045074348   4.165763634929602
   1.6704478613762366   3.6768690271918043
   2.6566889133390754   4.040056893462142
   4.394653255876953   0.2368603554498886
   1.536163342134932   0.3585249904371566
   0.9553702496909864   1.9081197122182907
   0.5176300745298344   3.3274784884897337
   6.802736301139367   2.913814157576911
   0.5848757970303292   0.9339834217830203
   2.8368032358330977   6.815441776775023
   2.3909486097068062   4.591701686486605
   1.634959992455167   3.153290809880385
   0.14492798520025973   3.9463417246458725
   0.03945565790863037   4.760470674469517
   5.566973575652726   1.642811989460256
   5.684219856210713   6.300166659516267
   5.7344975044603395   1.937225728485306
   1.0509135392258582   2.2037002321434653
   3.0749234969307024   1.9617109689502152
   5.2486381326481935   3.1586557878952464
   6.286861377892356   2.218531315611359
   1.9099732393637745   0.6117658361417831
   3.5916459612442813   2.492332020080701
   3.3880047806078304   6.410425559894238
   1.4310529722968153   6.825376626696979
   5.824746876106349   2.709636092615803
   5.534623165360331   2.500446425344794
   2.640853387968573   2.6178581988141967
   1.181395054059649   4.119628975672933
   4.569760339791182   2.7456846296359947
   2.47596029749438   4.854526865011216
   2.5263851251135905   0.855423392177992
