   0
   1.2096817079765092   2.0435453077800037
   5.243283484880876   6.919642548328187
   5.266347806692938   1.1158669493544195
   0.8352902761798237   0.49946561211100016
   3.3018529229777966   3.1167730410956276
   6.452566732251671   2.687762975517108
   4.1499714320110535   3.569210075435218
   6.845582706054642   0.20501897331861696
   1.930004621146367   5.348318452882934
   3.86398765869349   3.7892344679494863
   0.47669445527385346   6.465610520683844
   3.851861260250101   3.6039465453055106
   0.27377282530975433   6.038963564253472
   2.244644279075338   6.118852809959778
   4.881714422014941   1.3176639991826669
   6.8714996803391   5.966551999544407
   2.7125696782448157   0.6737235708591546
   2.3760398691773252   6.242775706295071
   5.7108056686339825   1.1064347702399215
   3.4212827220756346   6.775106053904739
   5.04889069375235   3.0366271493551205
   0.941376987310364   2.0365411119987846
   3.3399096760353633   4.990320424079718
   3.643073164124825   6.625384160265718
   4.10680570442204   5.188472034843817
   4.244088542150343   5.571804757444827
   4.328893689108807   0.07025240243309017
   5.563450252879469   6.164032029067052
   0.8111016078290042   0.38177497826695717
   0.5505766749046046   4.513512854764233
   2.889944465134244   1.6604517932677683
   6.655289425746314   3.6984778063973276
   0.6025450389802737   4.737136053254044
   5.600125660447903   6.039233195244249
   6.90106769105469   2.2639557926462235
   5.619251825356583   3.8661087022158656
   2.7947355219934797   1.2552347003100022
   3.574959543391605   5.04235838131714
   6.4451610279347555   2.2021381801963718
   3.0531520389241735   2.499432502084049
