   0
   2.2142624223039773   4.110277615516119
   0.8202693598901492   1.9891952730936233
   5.889078768469722   4.036881841540371
   3.937048644686033   2.2079204834654345
   1.5904968345174224   2.1477454788835844
   5.305188009899199   3.8551720690548663
   3.0039675661944214   2.3615356013951727
   1.3834667165829444   3.1411005516701618
   1.959861639848296   0.2555419249713079
   2.825183733320377   6.775339066727966
   3.279615951035599   4.8587440766935535
   0.31089915301432536   2.034883742559467
   0.9881287682993051   6.496145020583152
   0.011935178290446546   6.805345637876255
   3.563758242770289   2.8486502422038864
   6.480503320681702   4.583582803907215
   4.263493350130071   6.344916429645423
   4.237912979212799   0.8662396335482087
   2.8958231813128186   1.6724913733399713
   0.27665113704286537   1.004001189198512
   5.717546377116562   4.585218850324078
   3.1052083386274347   1.4753843962892534
   4.403218122633116   6.292276364519729
   3.8463628016593954   0.6266714199111315
   4.277145942631842   1.541364177896368
   3.2502203916801498   5.236104822030301
   5.20780828532099   2.054464516575889
   0.30264418149018346   0.7907447956142708
   2.743275499390126   1.2392330781032639
   1.3977925978673884   6.113405953141073
   5.213679864755303   1.0824888379164266
   5.80032233232512   2.9448729736295394
   6.642987091812834   3.834413357506308
   0.3483955237629597   6.27310531543449
   4.3972860801106215   2.512969224988383
   2.042972100008226   1.606428954720743
   0.5505226435703403   6.397698702194338
   2.3319455834002456   0.011725453391836504
   1.9710656491631031   3.5404575758156236
   5.5295272927171615   6.581407214246413
   0.12370369491878264   2.8977916770413943
   4.911857569402694   6.054490431944112
   5.541629887654644   3.985559732777582
   5.599171610573169   6.597350463087563
   6.8516884594867795   3.9710551124104203
   5.37292163677155   1.2487671785944348
   4.133610900958755   4.8512779251755385
   2.083101415688633   1.251643455787469
   2.2601860214367107   0.8181563441987851
   0.276600538415122   2.4302988242310635
   0.7002660738799248   3.082416573744971
   4.121754537999101   5.927520860829385
   1.0702231526412163   2.317445878571073
   3.6173394954126663   5.9895719073431195
   5.49193075263525   0.49289580566337077
   0.4561003813848784   6.080130079875545
   2.556556752197507   3.19491687697555
   3.763483405861826   0.4156612099744227
   5.403413959771665   4.575817680528682
   4.251582656955478   0.04499420550112376
   3.1018267099172965   1.8405880237169707
   5.116394348997407   2.8448969586010397
   3.1714312786922543   0.6611256686110816
   4.263309955848005   5.271219185644455
   3.6925417267283747   6.1111520515110715
   1.1713637233520036   2.3916974802651154
   5.043167923152787   2.6357043115536256
   5.901088043961886   2.6317873072173454
   3.8529924242390474   2.20873671177261
   0.41391296657345467   2.7889104303746106
   5.287064615934081   4.190762266681758
   4.502886744048142   5.213283205413431
   3.2631861017937194   3.4756195784431956
   4.2350749530448795   1.61500823805067
   3.6669240380711576   4.31133945876357
   0.8753358612703188   5.737393624539343
   6.056894917721694   3.694741542410412
   5.799252885395824   4.135479060039968
   2.750426144057487   2.4727871208656627
   2.9098436956580938   6.516526771828157
   3.5459136784997103   4.235861584867938
   3.5482471592742657   3.5357591498441012
   3.6731507824081135   0.7590602486030446
   0.8329313980272268   1.5958928551383496
   3.866620212073775   6.13719857328727
   3.7750457136163975   1.0730494455512285
   6.729197951008466   2.8676676507974643
   3.399378642487228   6.484391802459928
   3.7949299716572233   6.962401677423528
   2.450972048722506   1.4243594145484995
   3.90950250985665   1.7161249099437592
   0.08677121225313156   1.6266509536744422
   2.725742070729754   2.022694679639369
   1.239783138669821   4.258123931382128
   1.2589339413963487   5.114750689478758
   3.1000474843506294   0.5185557497088592
   6.562968552016588   5.304037080821103
   2.3823116811409615   0.8067341929351491
   5.673277511661546   3.7206532137201953
   2.74463654824757   0.1186177219979091
   6.016239658077018   2.1891461809356687
   5.8852476753642655   6.96732943811694
   3.5071894564387223   4.237749182862412
   0.4767798850568564   6.957524528478979
   6.550382173841996   6.814223922121679
   6.197650589846718   5.208190215464212
   2.1142194685779234   0.5776592890390269
   5.6896330452823065   5.09821430502565
   6.983760323023972   6.650231578127833
   1.3087873713660727   5.308079913693501
   4.1899951446668675   2.4463234824584603
   3.0437397211390795   6.848818713465525
   0.4815769667414651   5.648556860302862
   0.9508914684577068   1.7058758722995677
   3.5396623452023332   4.571180623009046
   3.900471574330457   6.8808181546319185
   3.440225994441339   1.0409170976450257
   1.3404327489941874   5.987834127382457
   1.6406736752319606   5.533755614185569
   3.167028770861723   5.154753579749102
   0.5087906826795573   3.6333414443393224
   0.6414957277178479   5.789834273049976
   4.122020447760459   4.922498393963638
   0.6115943230026006   6.80583842075475
   3.7437827190901163   3.184077076142053
   5.084858851797892   4.141944269099162
   0.031000806279913085   0.2707175143952777
   2.4572348430461113   6.891812934542663
   5.6432139029375215   6.205261755346171
   5.426366679787447   1.0326511016287743
   5.508619629488517   6.994453362554989
   4.813144407605752   4.655387558819172
   6.556095063120286   2.2782076735330143
   3.1781913006825087   4.720101664689971
   3.244710130392016   0.29513349383934173
   4.251822103090331   2.703616479320981
   4.713456239029361   3.7221399427710677
   6.796576236617948   1.0676950236073726
   2.833875328401335   1.7418547651708927
   5.590778855863017   4.256545763463063
   6.876982404358626   4.2062335492319916
   3.759654534190803   6.931373400859313
   0.9033409233966705   2.9981357300367155
   5.687367090505628   2.3674812760273323
   0.35135549356531237   4.644791357573619
   0.21893705211140946   6.375952367146665
   6.633811961270379   1.907982574752606
   3.80532605552926   5.767218072103432
   3.8564013398648282   4.465409535609293
   4.658064892797388   4.247835127298014
   6.044431026252602   0.906113466042982
   6.861637559495807   0.7345764307382767
   1.5051305633737133   5.089971683761638
   1.7424166137424004   6.381456025352279
   6.162926959517768   1.4671841199409594
   6.6122858435105485   2.1455874240491886
   6.883770088584846   4.218315691887256
   6.293168077829525   3.4667948727605173
   0.9520524130706387   2.0588574280901173
   5.5855144033499515   5.603672402946291
   1.979878345651561   3.254419249682165
   2.069395839191474   2.355307276202068
   3.613399081947824   1.8135644888560334
   2.321174478112141   4.303159867913703
   1.4546371317262303   2.964945164780907
   5.79181863808146   3.331613768500256
   4.639690436201306   6.8837956548498855
   2.2247585923488344   5.028483427992377
   4.505414490681592   6.2099906936750475
   1.591771395679245   5.628292241129965
   3.7366391789239186   3.1957703524319427
   3.0947126690227535   0.4414040556437896
   4.314693517160749   6.335887307124491
   3.819004561212052   6.211117472729538
   6.485468156547945   1.066325275724461
   4.131621091176522   3.558603000494598
   2.831457636037418   4.56988972331869
   3.891902315695778   0.6120907396414337
   4.367186067847885   6.897867572385174
   4.9878576559623395   0.0719841365460332
   1.3811298187815204   3.5066033946265964
   6.623715144533473   3.3376037722806866
   0.519712369091197   2.9162360136850682
   5.166296851072527   4.914035182937919
   2.3501571744307803   2.5259900635033894
   6.208398562192402   2.1290808256665636
   5.348945173009106   3.6663125416624256
   1.8266787622986698   5.220586937929532
   2.9413351952654927   1.732796870454264
   5.799652718885676   0.1034424499136164
   4.86486544379592   0.7302298457541079
   6.808221990105398   0.593317306329926
   5.745965650436286   1.7572528541025327
   4.366755976331408   0.5507349897878637
   4.363771650887401   0.88301772675451
   0.4270771016355517   3.3143424414378533
   2.6289417296392066   2.506876292253805
   2.2607878605181755   0.916269346970223
   6.82773927896198   0.6505319708027815
   0.3572156740356278   2.9152382874015985
   2.1728539607013637   5.709236358925045
   1.6748325488493965   1.2446120432057048
   4.162396488441839   0.9845100037166027
   5.653348446445461   6.2528384416892875
   4.67721128548243   6.835513537157506
   0.9317588732901064   6.1127744649133975
   5.144113818259934   6.519596891910924
   4.724465080991884   6.994149172338976
   5.458870557184921   5.7447011673469905
   4.283169926589096   0.8299411891190975
   6.697697086853362   4.627184239135841
   6.816590979830714   6.162728291990043
   3.949767435318806   4.138294291994538
   0.6531146545694891   3.431083427747824
   5.875680079297543   5.230908309437413
   2.3133539193471244   4.1488687755192455
   4.838044809886903   1.6653069770675322
   6.51015801588302   1.7418006284547034
   4.660310922561453   0.0986487260321115
   3.912954957631513   5.335933353896396
   6.248669697028123   4.26746317563897
   3.8014007883694725   6.5417327747091445
   3.4593243037029353   3.0758722511064756
   0.49013580264623724   1.245182170626491
   6.709633851065902   4.1044052867765535
   4.632043778024305   5.603889917633118
   1.9165939023708751   5.475166177630571
   0.20173829674380894   4.851438220925389
   1.3998325295212093   4.148762502567666
   0.12409079542196   4.13723903106742
   6.408759330749943   4.586803804188319
   5.144449404495376   0.47193344230683076
   2.924712953098897   1.2909246087197879
   0.6377832258975147   2.9098959219102234
   3.348921065695559   6.025186993299874
   6.623323865167791   4.380680124573835
   4.61578840967464   4.543364218241479
   5.289360088947588   5.080261713507088
   6.168496883883834   0.37600844070131834
   0.8396799308166079   6.050711290203226
   2.100110117985954   5.68434981793744
   6.448737717004761   4.5134523121395596
   5.598333023953835   0.35897776943774495
   5.556961863801158   2.67653236618343
   1.635792643592335   3.430896518777618
   3.650703209816765   1.1103598006968358
   4.620165203242894   2.4709561102435105
   4.053161850523636   5.379130145227212
   1.4596835746482728   1.9807948558653314
   3.1032135519599113   6.42669338726666
