   0
   4.465776268762811   4.840278075028318
   2.543400726467585   1.241737538753414
   5.375483160498896   3.0145881309466285
   0.05270013051835576   5.981890429317212
   2.5449102702437636   5.332817154615437
   1.1340132068989317   2.1937187813832906
   3.5099836240334357   5.091898413516058
   3.717804122312719   2.096223680543888
   3.1537439977520587   6.995798732612658
   5.7778567996521515   3.7325515739326036
   1.2870644332012984   0.32929281846294534
   0.5030047384941883   3.192022913657903
   6.416053952596245   2.651302954721163
   5.108595827846643   0.7265256641921187
   0.9955551291124888   6.930013246744872
   4.979189771547419   2.6029209374045683
   2.1507626966797946   6.216775000779259
   3.6884797914941845   1.7547821879773537
   0.6253527137873878   4.974372566425852
   3.890668115583545   5.862222518674026
   1.5846340401671832   0.037524664299983135
   6.119522042085461   0.39774492252596294
   6.866097579315783   4.8895515260828395
   1.1670751160913089   0.4289743895990906
   4.327358069809108   4.488939545103332
   6.943434827807424   1.5658206343112637
   5.092848160674773   6.273096027890689
   0.5423938024271736   3.3800376828214898
   5.745745302913428   4.203882642718665
   2.654541982751798   3.90933686422572
   2.850474027463191   5.800581388774515
   2.4803116205131883   1.4861330284651553
   4.623748860792985   6.030740887676679
   1.899884822605009   2.1026859363977706
   6.098486112805919   4.69791337333931
   2.8551317877477627   5.839827112118445
   0.7450321212846462   1.577594720363669
   4.690742676642042   4.545645150371803
   6.228022386526023   3.008732574811736
   3.587456853589625   3.9534274330416634
   1.784802256638569   0.9479766627171865
   0.19978533959861944   0.774840117522416
   1.6127085574571658   4.6373946918693125
   5.183865204596109   6.994756617450899
   4.647627481450516   5.023688314432996
   6.468076943543829   3.628321670819344
   2.2051116426076547   2.8979916608159524
   1.8797962719837908   6.578774121329895
   2.1379568001601967   2.400144501273396
   2.0961483768654117   5.95622356958452
   2.440505518662002   2.049884991435582
   1.8348665886523636   0.2830127660661549
   4.600061382640072   1.8297116602139212
   0.7433608275796154   1.4204711675873183
   0.45966749307482035   6.050218404299422
   5.57983271451009   1.8048007055284137
   4.914115575086659   0.7785125790326516
   3.0097736665230115   3.6765086311978985
   3.4124242279319885   5.503879605390823
   3.6644212473413353   2.4282368415763647
   5.985137457049713   2.452162541070657
   3.0247409687223032   6.980014197941875
   2.3536658973716986   2.541379495366697
   0.2052450151443237   6.218887939686892
   0.6115065867328703   6.395908106148705
   4.816450566502354   1.0115718444871844
   6.993547485435041   3.105117449775948
   0.7830213383922853   4.114176765539318
   5.369778167398326   4.52463665545855
   5.286629150317502   0.46226859363605244
   1.3135957400602747   5.8745014369405455
   2.8883159955497097   5.8274307980954845
   6.90251268516883   2.188224750016004
   0.36462715440419435   2.673185255658229
   4.810440637936385   4.810393017979381
   0.8650269549046533   5.233557762927431
   2.7458391558242363   1.62769504727012
   2.6651067867778266   5.371750720157495
   5.8788901367004   3.0493426056663377
   5.050828741883396   1.654319783953221
   5.583470665807456   5.927649564685352
   4.723548661755921   1.2979266028803662
   4.59606712134811   2.628088208000675
   6.5637972940095075   5.211172240871499
   0.5638921704292708   5.3204490870450805
   5.633797526057009   1.2631938761268864
   4.918326956264249   6.268782876718941
   2.934431009421301   5.163638765376876
   1.0674378263271427   0.44760718429621427
   3.6618650922064915   5.93530719193707
   1.0526739760470454   6.205421113844863
   5.532289875118203   0.9011879940601439
   0.05997703885650996   6.933865663901602
   6.160208957831001   2.3917873271694083
   4.51439736054171   6.781933159444986
   0.48646916316099154   1.0065836675376258
   0.9199288484025858   1.3794244619235376
   4.85670661549973   0.23512022381041797
   6.132643423406176   3.3024149624454875
   4.549128277144839   2.558675310489634
   5.375321802282652   1.625789511099046
   6.34254264507516   4.812631958396278
   0.015643560080170538   2.363963539988914
   2.101291185016027   6.5925983179869485
   5.93762003146222   6.900712476749344
   6.33322856261827   1.8340063928014319
   2.237316605565065   2.6525856836484416
   6.250139802862245   1.3853527167937896
   3.9690318964440676   1.1976860552463324
   1.0269735742728068   1.4294168742836935
   5.756965212964005   3.9326495615162287
   5.717017130825787   0.9847295834883918
   6.270023016788894   0.995468152183826
   4.634624926862758   2.441238893502932
   3.833783177797555   1.710347330945651
   1.965360097609826   4.14955204115677
   3.823748536158732   4.173100981909255
   1.9053975117873412   5.492312930086243
   5.947894414279687   3.801637528653026
   6.767779697038043   6.619202163433656
   1.0841274282690718   6.72589428539248
   4.222610110096029   2.123727054313947
   6.989641290880307   1.7851370740427264
   5.161508529599974   5.380400968416534
   4.944274790876194   3.6378413679447226
   1.5936479874820106   2.0450862718745704
   5.228840267193763   0.07042909691215082
   2.49143286305579   5.349210379985731
   3.272011647479618   4.015938248999602
   3.608370218003825   1.290239275498501
   5.325726033761813   4.0622589809496095
   2.9899303159600823   5.636226060140603
   6.649171802496586   1.3418720699201443
   0.19018118450321886   5.821429851188783
   0.39530048009452323   3.651083530329962
   0.0927290786348911   0.3129301463469829
   4.701422609731232   2.4465496257384505
   3.713982913444879   2.8748430291640394
   5.886806180069692   4.010445598667014
   4.440009410373113   2.3471726410437115
   5.155321964060745   3.5629337835678747
   6.815230456311488   5.090513800926706
   2.790043588427817   3.4316398699384862
   4.261965674335391   3.1257491834518376
   3.5093247775307432   6.562656515277783
   6.9643052541956125   0.21956624994679097
   6.430249707842831   1.676140096634036
   6.598047927837528   5.73204535899403
   5.955463283790682   2.231878236871111
   5.630428541259708   4.951755141853549
   2.8632585155209487   5.076256979064452
   1.5491003385642927   5.896715745854364
   5.938416674686268   3.191860669686926
   3.6093312361735994   3.1562746402273607
   0.6326590834156188   3.364494539841501
   1.5116169568745308   6.2893658199775295
   5.488689562611742   0.8197231766385357
   1.8388999259596897   5.578805620189518
   6.400674027943819   6.962072977923055
   1.0933337315094294   4.569206534813602
   6.216618058145022   2.274851196769085
   4.777017946904435   0.7877698445126204
   0.7144737539050964   4.207089663479655
   6.159373283005908   2.3626498535696276
   1.6039221742576255   4.486424905942933
   4.165820071730961   2.9127586672025894
   5.919646155706929   0.7527828679629979
   2.208163251827372   0.08581332919004436
   3.979523816008958   1.7075374049575847
   6.756579651229172   4.468105833126643
   3.9825425081583186   4.11637140310034
   0.02634708244666817   0.27990373091129406
   1.3163482847058758   5.991370615048542
   3.3194457286110293   1.3045741769548311
   2.733214463915326   0.10893502396562016
   4.321903418681786   1.877447656150468
   6.73582829466682   5.694899381615312
   2.012251634644583   6.482122712899711
   4.790664506616447   4.626807153075338
   4.784697091690198   4.567338239954257
   1.3568294224986723   5.865588993359291
   5.932611277982873   6.606724074983951
   6.1821271237244515   3.0349470232847082
   6.773676154838281   2.1766655356895765
   6.875716665028399   2.116559068902766
   5.427522500424625   4.924201667793961
   6.418098406400854   4.122760762423653
   1.5799359128431987   1.737302339059432
   1.0142781573241662   0.34567959177447594
   1.484696892920776   3.214054140516469
   6.53483514767632   3.3628397169916275
   1.9648693540397755   1.6552096391112132
   6.722227448032086   0.40406855150865906
   1.2798346597528043   0.27623659637019304
   1.3660404682403564   1.953085485696758
   4.42262133453934   4.1504351894050995
   1.771002834704281   3.569461091914097
   5.704062622845275   2.5538667239242323
   2.0554549027969475   5.8726893864636
   0.3660647235895683   5.885770582553247
   4.125580514632737   0.42991748594346735
   3.445754423025171   2.1848255231856566
   0.572072323242381   0.9324365056978181
   6.185520083381514   3.4520371398995273
   4.231022818030015   2.5333386386760237
   1.9509527312745276   5.525220343561335
   6.739699370841599   6.54980054096425
   6.879433806906806   3.1279681378671023
   5.100477601068478   0.908259723549965
   1.3366099712398065   0.9376802716549307
   3.0425760525752006   4.729302245723905
   3.7062372780384267   5.082658882287098
   5.841350847930046   2.311388515040883
   1.0808688785123757   1.3874502821525052
   0.21877831215006405   4.478595340353497
   1.0566027597490177   3.938549075145878
   4.006367985683441   1.8073581363035505
   5.064599137173212   5.1392558065336384
   0.40311892699411267   6.640753480404004
   0.49531633201534875   0.36291049753202287
   2.90624486590557   4.0361635491388475
   6.288411262654017   6.597904915172484
   5.331267489574129   6.873222928632829
   1.6719865581045763   6.105805444147753
   4.770685846564421   4.273748740637692
   4.339364753718803   2.085596586167732
   5.866806815284349   1.2539124877575518
   4.5498068538580245   5.652487733622411
   0.39442862422847735   3.1412159678722613
   5.431589231377137   0.0989041861662906
   2.862945752933795   2.7448878960149856
   2.151591125287211   0.40821126060617385
   2.6550541367391234   4.568123024059159
   5.595039603396039   5.338403731755008
   6.1206060008503895   1.4941399998487686
   3.772301327100691   4.083418800500701
   5.0392804041001025   4.365339313870113
   1.336600164975032   3.553914022676723
   1.9546020180107222   6.705896044125833
   4.357284682084181   6.6972771280402315
   0.06445857556641543   6.512929152555863
   3.8477599781029554   3.9983192063722033
   0.6296339801463942   1.5599411515802402
   6.495441039344796   3.3675280834900505
   5.231991458846474   1.0185292693121495
   6.583076891402042   2.0329409172583173
   3.6778100017622877   1.410420531428174
   0.2265377462634054   3.8046246204574983
   3.899390452466983   6.951692423875762
   4.7836476926499145   6.177429976549297
   5.859419295101806   1.244590375471694
   3.611890686773696   3.1781199566145837
   4.207692878298508   6.009662812927937
   6.269805354415414   2.647145474034262
   1.2786723305322303   6.131985530394007
   2.7676319379017356   1.7732790177895672
   0.9509565219102776   6.720053871441485
   2.5772608128448797   5.170990435306917
   6.916129095690536   4.144474564421146
   2.8097805588679936   1.6058808704212661
   5.024550300662404   5.13589670109807
   4.260908518950642   3.6326731997121753
   6.589532821714424   1.977669117509325
   3.910337121147802   0.9131806548306379
   5.8389601098288155   1.628527592595375
   0.9405137761330721   4.828362617270282
   0.1047673011172433   0.25415632784063547
   5.413619484719434   2.1890000793818336
   6.835828818813158   4.133784177822206
   2.4125016769826595   3.383705824764763
   1.108658659953873   4.239025135341136
   2.7120584991954164   2.180915040141323
   2.9929489983643838   5.956977583485912
   3.9020653923231254   2.623177700181948
   3.9053390308333924   6.448153325303644
   6.330674629388534   4.017509165336993
   1.9549258383864132   4.992111008789251
   0.27981409492863685   3.9347305992262376
   4.247889808027691   5.379723557280142
   2.4194505853777435   2.3836621099961297
   3.1762326444952884   6.960812463819542
   0.8171764454838685   3.9227133166366563
   6.8669861557110625   0.34943967542154475
   6.602821530320129   6.411840826369458
   5.21337235705524   6.026449744314353
   4.804781644304109   5.39202771956667
   3.2482581036470357   2.159909407113124
   0.8855011274720435   5.707363730755536
   1.0528688890068447   0.8888990824051026
   5.10803507161949   0.9564915263662314
   2.9200900578196762   3.084663546539851
   0.06386140103516547   3.675605418637949
   0.11180376022718141   1.215432576221172
   4.484106504077614   1.8143776077284073
   0.2635749469446995   5.397280702811621
   5.842084724444634   6.069110440589862
   5.297618121796605   2.013195890109978
   3.2345520504397105   3.9840951021416418
   5.60634384143043   6.426084736500943
   0.6023089878048051   1.4225869722563067
