   0
   6.955319418840881   3.5207948913216756
   2.856975444263547   6.820830235927547
   1.3159107215442216   0.20189949366178794
   4.721758486309885   0.8610131644971266
   5.727586160108343   0.07551436271480005
   6.571460178254639   3.464207881716013
   0.5404975323725728   6.131096016290588
   3.990642976786012   5.476840297842368
   0.7612831527376608   0.40392001602926864
   0.19736698905483585   5.1838124021933805
   3.3666697875536533   1.5380246801336557
   0.5992928755556953   2.1334875185770046
   3.2028977883222063   0.5650643757775333
   0.7523635688374104   6.8365315249848235
   4.7077528491589025   5.933468500576974
   3.3802367291759645   0.36860556239944164
   3.4019542641881433   2.8681954622974075
   3.4319795555194426   3.9371865085567093
   1.7753541870958753   0.9060231264748074
   5.9436177914494825   0.721806431029833
   6.840868772580594   1.9347144498740745
   6.725969243978967   0.7647851559023036
   2.2452711195334425   6.266543734632916
   2.626780001530274   3.376042816794794
   5.410933584006926   1.1975720078816383
   2.3095147283953885   6.420863403050865
   5.736325803374314   1.1437017222065586
   2.1542383322456145   4.983496164070598
   2.4055259868029046   0.8029471519529395
   3.017865470375196   2.2422569950722693
   0.8482218331031393   2.870496966760923
   1.1916344709707316   2.9533191177746994
   1.3516352547449926   4.629052875495932
   1.9630060369687579   5.72064906495959
   0.7545143290204301   2.2515676947260124
   0.7272651571051514   0.22857385853922352
   3.550801153533534   4.886911919178762
   2.600945864923615   0.8312353888321105
   2.096789907199034   1.551142528450142
   2.9647825217113657   5.329710457980262
   4.950557210124199   2.517946270699008
   2.3082267068348656   3.4228527677627354
   5.676148047094957   4.2914794124413564
   5.160656413221943   3.1919305609432986
   5.717474081124632   4.3532246390783245
   2.776238538448263   0.07191340490760267
   1.1880785280651738   3.7016321817542313
   1.5899927872152444   0.07377891136263226
   5.632895044690212   2.749211756568265
   3.2819401564713324   4.552489007157779
   1.9968291105814502   4.406392341584901
   6.574305080656423   2.564305473065954
   2.182458378441196   1.1648613011675002
   4.6435779060054045   1.8248883666099291
   0.6953558907681004   1.6952465602614506
   1.2548279025840334   2.466145199565544
   2.9605002646111016   3.8949004130072886
   4.419994333858409   6.195073037694902
   4.9469520165205445   5.46119624514905
   2.5449695965604606   6.081855231385584
   2.7604311595563606   1.924144207591246
   0.6621224494760866   0.04725356140954662
   6.854646098597231   1.6492809032004279
   6.445497335653832   1.1808553754235684
   3.4721811985375037   2.617688937149093
   2.2752599453006157   4.30201059172038
   6.854466370020268   4.804649100121935
   0.656047080790438   1.6743168081476745
   2.657805851817759   5.711823715558301
   3.8007135821175666   1.5022849923603956
   4.878663022412653   0.06002398744626747
   5.1665533670969   3.7753393809513254
   4.426348498224685   4.820507215468546
   3.1754125242956333   1.1795804767766722
   6.284982738598936   1.6524016309972214
   3.2621921356902215   4.171764399167188
   2.979050349909755   4.422252121556427
   2.7780797352447086   6.902721555598485
   0.7980890496407154   1.8088315612785983
   5.125430688915873   1.4889652870703385
   2.946004550913711   2.042259941298672
   5.8205583926045135   3.161512294083943
   0.45922290071221883   5.5911185615835635
   4.968778142954223   2.069959516050541
   2.3853467086648434   6.094652451513584
   0.8928846761140989   4.9876381745282625
   0.33019627167640475   6.039292976039954
   0.3818301950251597   3.85018645090813
   6.066075395311971   0.5996411825154805
   6.220703731212237   4.965156096705146
   0.44781339322906144   0.7036914218613873
   6.326202570038425   3.8542948565318866
   5.405596807719669   0.7404801228965325
   1.9436181273105237   4.032914133321534
   5.274812560933498   5.405491380772945
   4.9619459729922974   6.592282164364266
   3.183087905338453   1.975044350632348
   0.4730678564139704   6.231247794641312
   2.643422931551129   1.8155456740523914
   5.239036546889683   5.382332422310268
   1.8997701807689897   5.166879199831009
   2.73833093026057   6.295293741255406
   2.937630190609634   2.1913579492227893
   2.937536592174633   1.377692680562435
   2.4071898947008945   0.9505637640572631
   2.8792407531811013   0.7472664996103844
   4.0102436502217405   3.362043357445229
   4.590017513449843   0.8249353106929525
   5.174596356350468   1.2962314158511883
   2.6942144921030153   5.890041466205873
   1.0808597613316822   2.8011206085917797
   0.4698400102484732   2.830947418645094
   1.3165139246157684   4.988092134300258
   5.902183144722903   4.854386990907504
   1.6108160075620805   6.376975880108781
   4.578885615937482   5.665992502042089
   5.251600510616813   2.4817999982869656
   6.027022377599388   6.60219106791048
   6.901226566207897   1.1208448188046911
   1.3183317330522666   5.38018744214602
   0.6138855969820586   1.3555098549599593
   4.46307123656049   2.538024955413864
   0.9101977194131478   1.1021543112160583
   4.276064947142651   4.260738572725099
   1.7874836316387421   6.3194662602805405
   6.030338061947633   0.13138784438097362
   2.5353112196790875   3.2510697922992655
   0.3143272186710351   6.407281220013553
   1.185874403308462   1.4989694835034315
   4.0779848312614355   6.701976618530106
   1.357475731056219   6.718090654720706
   1.8911866579529377   0.45266577801961305
   1.146845161230285   5.4555609944408205
   3.9446836812465365   6.2703246694687556
   4.592233976474105   6.1105373901764
   5.2994283692998625   1.206534452595502
   2.0641891634025105   5.16127338183081
   2.3344395961460465   2.1261520880314553
   4.744623157012202   3.695774850405968
   4.2564578516656715   6.749031686370903
   2.1272509827699273   3.8907882168946015
   2.916474526630731   3.5167727082022573
   1.2136825842074614   3.4110152071778934
   0.028812598418577973   2.2519934931991026
   2.789417480126912   6.74634477639504
   3.207762805962413   4.607901524225467
   0.8426985288626047   0.26954390367566095
   0.02487266245584685   3.554958244830723
   1.8366433650034422   0.2802443388243453
   1.5468168308352954   5.619204567271455
   1.1612847648544098   1.503213271797034
   5.539366924518646   2.273342625996397
   6.677108219295894   5.429793437420204
   4.717312091143706   1.7869369005778142
   3.8153896980250033   5.531046116868838
   5.08326755200826   4.966127126005528
   4.223096564766962   4.729529688402736
   4.53014848211147   0.5560121232842894
   2.431323291095004   6.593794830908622
   5.482665265990033   3.6403948351965503
   0.48619758840624583   1.5155743604424388
   5.422539642888697   3.1538455475594187
   2.909901298247678   3.644297970857102
   1.6802215023166962   3.6200666104942414
   6.756914385691733   1.5869545214406735
   4.882725116734526   0.4483175163271419
   2.896795274303108   0.8334799150668142
   4.922789093630216   5.5561769521042015
   4.989780118054674   3.538740336792545
   5.258898797975755   6.7421983481884515
   5.925186445826229   2.681835378008712
   5.768797297403488   1.106033916370364
   3.765072874288466   1.7318384255133332
   4.260947782857082   2.906378821297207
   0.47681529910192333   1.7762440314036705
   2.0989924317025848   1.5586075632878655
   3.9482225120329613   0.6142885694824757
   4.213594411470005   5.00425211588064
   3.957520852149943   0.5819587328247525
   0.0641297873686818   1.4334898986186628
   2.918006015094658   5.858903795567145
   4.869536504495225   0.3095879457657631
   0.3333626652563386   5.7096099501199244
   2.6532104252332456   4.830769713866896
   6.984620835487512   1.5321008651091212
   2.3411779039427807   5.370244955064391
   0.9234219041270453   4.727071708093325
   2.3158552413595825   6.059168361151179
   2.3687351028877064   1.2587629116211
   4.459546042708841   5.520063935770244
   4.595371328742384   0.35603242810575053
   2.8224117343165687   6.819776476216612
   4.862602762227394   4.097977766853851
   4.6189854707354945   5.99128569979608
   6.359911304329111   3.6431129099426447
   6.295386013939853   6.972739199091601
   2.0443428871991842   2.594498462100204
   4.916226513833467   6.5298386124453325
   2.1101643673860235   1.4453780080081948
   1.095794494659144   5.664231000867593
   2.666472534248006   3.2207655333424547
   6.1424192968057225   0.16583706529706976
   2.0021210100843136   6.3200825301096994
   1.998028386541555   2.3410649019414285
   3.589789829272977   0.17433860803641144
   2.9367270393713834   0.5416371993503468
   3.7222327103009745   4.658498171661124
   6.836825896516222   2.930279850055681
   1.383699728705686   6.245578310298375
   3.1600744370127973   5.9497924602583785
   4.63824346244672   5.653662482956593
   1.5599440533866882   3.2110501568576026
   2.4640755485570924   1.2204245541285585
   1.2976428969285565   5.983251802176289
   0.5793559928089139   3.4418959000317693
   0.3701260600234626   0.15625997900109523
   1.3897524060380095   3.033112939440085
   5.448707241671822   5.450146929299579
   4.741824592573793   2.507929349231738
   4.3899558255729625   6.771087107590738
   3.688743216104367   6.63367380805918
   2.212407476049005   6.955508731759766
   2.9660688225481273   6.193485900454187
   2.0331952159967774   5.705940147227675
   3.33527364830252   6.285058125706736
   4.528049343239056   0.3022611303465912
   1.381402369677474   2.8991619519681655
   3.0161966667046824   2.6710923575291616
   1.748727990117425   3.7547342777402766
   0.27852742217062554   1.6138303484066356
   2.164470005529566   0.3194490748443378
   1.6929846615868485   6.4303555603787315
   2.9356014355798488   4.615596971884845
   6.215464335655139   4.830719963704343
   3.907487083302187   5.800742990824212
   5.147602216530958   1.9011390025547863
   5.145549441483823   6.62103562143789
   6.5146608122402725   3.9833893935168607
   5.84237509721878   6.662180968126463
   4.227311647250504   5.638235794683599
   4.162632747060308   6.869003245714471
   5.020448345889633   1.3937841317401924
   3.9168865413276643   6.069153326706876
   5.450248419367218   0.7286815553942015
   4.1028467697579   0.21993112290123884
   1.9875405003047233   2.7078583640597182
   3.468813999727836   3.799332475786642
   5.471117829960513   4.875027725158989
   5.3390320432761555   6.183331953169609
   1.8789748627653262   1.4114358287215802
   4.994375297077504   1.991060950686346
   1.53853097159399   2.1943753782409496
   3.9242591565222353   2.237935880597523
   6.528740181836518   6.231751582966475
   5.256871049568066   5.713946200567706
   0.12757165773224732   3.0105110063041445
   3.6347814696222485   0.300203122677414
   5.727682727826955   5.577018300037598
   1.7317060801412194   3.9515028118094375
   1.6811901868633756   0.6664895284136646
   1.5036489091958067   0.80605666934068
   0.04128448064627266   2.9163621037571703
   4.133869525664052   2.335685798448229
   4.144014737621257   2.1350080349901517
   0.4660774228768003   1.6206791653547423
   1.4179081748734381   6.752469114342275
   2.5239671338483283   5.723161746436717
   6.722178201923428   2.9539131735122526
   6.487668281907953   2.741217177252664
   0.8961025889948939   0.5892906852360905
   4.238899586701578   4.453158053135274
   4.052750570415803   2.764187404616203
   4.296568839010546   5.507236906497338
   6.469560761691418   4.0471463663086205
   1.643280921990907   5.876735849246022
   4.716371495842095   5.477756045458685
   5.59067086005723   6.783775853891838
   3.9183265561410403   2.027571060735142
   0.4476900028880578   0.4973305475444332
   4.77667925065474   5.852460902686871
   6.340939549217172   4.331832254313163
   3.164842411679161   3.5802502612344433
   2.08984926373883   5.812402215602773
   2.780125645540941   1.001542255419591
   6.561965787471037   3.3311384035569778
   5.463431774082807   3.8743859214202576
   3.4248243601282184   3.696041646561111
   4.399774533340355   4.114974729813231
   2.6708364252491563   1.7700594356002481
   1.4818109735205474   2.4268369001020287
   1.7203395248790845   1.9123740643698381
   1.656674768879665   4.41999877346223
   4.305416557250136   4.167463306990914
   0.08322284189156026   1.489379089837565
   1.703299598298448   4.0996051380159395
   4.402404049657083   1.158194157826863
   3.223137524957885   2.8414034945174667
   5.367787307981914   1.247426716332689
   2.153616402782745   3.314552545008565
   0.49637435143980435   3.106436330319105
   5.651382749522083   0.6894612581028838
   1.2816617315481351   3.2325607023014147
   4.291429439168922   3.977507706482083
   2.8614954358615554   5.919081887777058
   3.2105676960692198   4.195587045375438
   4.8526054324452   0.10120626038458624
   1.953816958166716   1.8072706734218356
   0.35178813501046524   3.3187251925022156
   4.281006124263275   1.1282890894043072
   5.860541228063038   1.6818050350458074
   6.307091191505677   0.08620127390292831
   2.1155436293240797   5.912870472889678
   4.434655849093392   2.1450098712878343
   4.501708174418393   1.942823697272274
   5.590769154420576   2.3451325779370498
   2.8876183897732415   1.1638639853747206
   0.3028402868786849   3.2675359435332356
   3.35500035817463   3.2839442598452733
   0.13931650704731002   0.3079878601172834
   6.3944638691251905   6.789428024176708
   6.001036141993997   0.9432834026915937
   0.7090836923115615   6.302778799318925
   2.6777541652688237   5.685945917112425
   0.8054796223403909   0.6211427637234697
   4.981823978693332   4.157304663649117
   6.058885301947579   0.9394536960097405
   0.6372253050453582   1.1609994145230886
   5.914287428425572   1.6982179810074587
   2.9370936503107723   3.809858250343799
   2.3300490698121306   3.6514052958246057
   4.986612815846994   2.64874773013691
   5.48351733642225   5.123899338905203
   6.12059835743393   1.3243866816137688
   5.13995260587368   5.020732366000084
   3.826304273528087   6.680270584871146
   6.936701799693493   6.9618527901792335
   3.2119531145764473   4.2007456794143
   0.15387540337450867   1.9464483438160065
   4.740195479188798   4.492924293518429
   3.3308693948828827   0.19987016641800703
   2.5931676940060244   2.9785292044150813
   3.3449173573322897   3.3239768206558464
   1.6520283305116945   1.1699053098079544
   6.293434028938141   6.558241024100872
   3.658812068879255   1.8253325552875066
   0.716256834065103   4.86423508586912
   4.682155584586489   0.9184249319064055
   5.356971182727423   0.6701336555814034
   6.530904163569434   1.7147985060801316
   1.7943441820937762   0.4546481818810689
   0.2508263490105386   5.326337600246102
   4.875477459719183   4.9113281988595086
   5.29961704671951   4.909290334768076
   1.9516245146899291   1.2144388686995784
   4.424087207211021   3.187069209353834
   4.455704727483324   4.906648456874216
   2.660896157217315   6.21203478767413
   0.3673823687175658   0.146534228180481
   3.2483907807679406   2.2326856229431162
   0.5871638166329105   2.490431865865226
   1.5720836464712056   1.203578363460778
   5.185303269580063   4.038437487599091
   2.570006791146068   0.8649483876380083
   4.9043921420539425   6.648385318770481
   1.2966403750291389   1.4274024126318858
   1.1763448590744754   4.014403341648129
   5.585330083472213   2.7241995556753693
   6.265077342568952   2.7181692559895128
   5.9590613430677415   6.239539132391694
   3.965512459502792   2.891265091639541
   4.118176971827415   3.6859198477882957
   1.5776319818847435   4.8760517317624315
   6.48107796126793   1.7870328575645065
   4.631130948531133   2.2402543322713933
   1.3701660897745431   1.624803683393588
   5.061813232362292   4.6869804489791695
   3.5202402817463474   3.33008982265804
   2.235209956463118   0.8071582190313155
   1.6402759922099925   4.0361958829806985
   3.37597961167746   1.2454117065034653
   0.7819736907945324   4.872761786701082
   1.5934920177936602   1.6931584366118253
   2.259674388408361   3.354731640124649
   0.7945804149946646   6.184244095364
   4.826203339557281   2.817005079162407
   2.343781262404119   6.4486944501680075
   3.737910574345952   3.560026289104475
   6.369471216573764   2.5791979219056644
   6.2396400320911525   3.1049600935031494
   0.12114274765162569   3.982695629179447
   6.866568708337408   1.409255787546854
   5.758647380493726   6.525986473169265
   2.794821420629276   0.06429534221874555
   1.3985705904082504   5.939526025290375
   2.276471151138413   2.386474179306147
   4.155992344427542   3.917619320281678
   0.9670033227287766   0.921458127140971
   6.30171400937558   6.9459846728058015
   1.694528940854065   6.208510052235874
   4.5056316252247015   5.699186017749517
   3.929992245961558   3.697678181480942
   6.456257611338143   1.8807067056854505
   0.8963322224362974   3.4772862220543375
   3.934488632232882   4.62746023797614
   2.9020157602170187   5.952564407683248
   4.676550612166107   5.068307064477947
   4.100572851781979   5.818406899584174
   2.0866339151179876   3.3126697261133953
   4.462723107129031   4.5901432058886975
   2.0540755371295742   4.0506125564236175
   3.3013963230023804   0.5958556859494683
   2.793022628262589   5.069775504582095
   2.212409296681598   4.6921771089161295
   4.754353125343399   6.337324407246822
   3.7847720574777393   3.0426475577748446
   6.2602149155916935   0.8566043042129082
   5.894557740362795   1.0936114362497964
   6.5808758082970895   3.2884559726308336
   6.824981237276117   2.3972804295949466
   4.711671129432357   1.326177599187583
   4.852794201534819   3.1649905514162997
   3.1146628886582985   6.030889364672162
   2.30731085647182   6.385826691353309
   3.165216535102009   3.7705810662699832
   3.443346017154413   0.01668783660717077
   3.9880340137836683   2.0613941488394767
   4.773051243242202   5.1395135939050745
   4.780269657456757   2.483718627817836
   1.7741010925956116   3.0897941503289768
   4.601190367186966   4.938451814579975
   0.13288942921668845   6.387629907620914
   6.958426887086049   5.820294325369962
   6.891358589700554   3.8485073694691927
   6.34020126763363   0.21523089618245483
   1.0447920203264083   1.5156087179338027
   0.13099838900403737   3.9783657139133
   0.2853673222781967   1.038866373399983
   1.1049880503526774   5.516055977653361
   4.702471145171737   3.828125608318275
   4.917088400910606   1.2828134317842383
   6.335743935638852   1.728675565830431
   5.705898486939637   2.4087124854334228
   5.530529273472784   1.1070582872971124
   3.085812721247654   4.4970696453813375
   2.0678658934571486   0.09346104940460809
   2.4374671127637666   3.474934414265936
   0.03237246475718292   2.3041508215199116
   4.506250281370268   0.44044913702487276
   5.341330774856668   2.663302827671896
   0.8879541447584977   1.7314163163496312
   6.786991229864382   2.9582261845755946
   4.018717481887313   6.9384281863813015
   1.3415794605579794   2.4953887911386676
   3.793257054556771   6.3036934133811195
   0.3406975744935783   3.6767903357373597
   3.910964847348346   2.8832129797795663
   5.995772468358556   2.487131054781052
   4.493787532004277   6.0052351774828026
   2.489915269057863   0.7718734680025343
   6.432884940101712   6.9319425413751565
   6.684017173248512   0.7946911860388636
   5.302909938020751   5.224093685072102
   2.2011165557834342   2.889949188384797
   1.5333272802540212   2.1198704760379807
   5.367036476282234   0.07175598590575372
   5.845532677990745   5.269453289211354
   0.16399727837221478   3.22577867798096
   4.752615836122034   0.41586744083019345
   6.001375457966365   5.9934093712084495
   3.1754476037268042   2.080423279572699
   6.723986930872778   6.660020229691332
   5.95435852146539   3.997589417260982
   6.863236945362679   3.2799422814604675
   5.2300097618055625   2.949417520008137
   5.690185350307599   2.910451367578061
   6.330146089283438   6.773655735192955
   4.152042893744747   4.185445897612837
   4.930753482938764   3.662466018565145
   3.264819785536125   2.53664399789452
   0.8607332484787862   6.430179573654273
   0.9948116253878325   0.16603171286320928
   3.9885366607931685   2.208801116086419
   3.090317769840254   2.3879392220754325
   3.1672945428428623   6.028995463125848
   3.7224486086418835   6.192520665756115
   2.2218072852209576   0.9620620486906456
   2.1600882258600933   0.8345631483399034
   1.4363505828314937   6.93492781840935
   3.039041497869914   3.9224471183604828
   2.946587051096256   6.985462499973259
   6.089103883433714   2.871729445577958
   1.8519570131236138   3.59944247109624
   2.455254248928082   4.696220359143779
   2.746764073710896   6.863263594372477
   0.9903812462154514   5.936570654175577
   2.718749459498218   6.478027473368289
   4.106915150940847   0.07228758793662893
   5.683290522852248   6.21089720830989
   2.953448840693575   1.027743528062266
   3.2094418969668923   2.1086448813794876
   3.8298899904170756   3.3661418449182356
   5.750876841437792   1.766083041478114
   6.870900139944079   4.467551204947103
   5.420366206520304   6.12859890333074
   0.11233680523646705   2.408019414711175
   2.1407774742101813   0.7132827081088008
   1.109122886668633   4.396425966559445
   5.168651979201975   2.7571623812575385
   2.2954340182468935   2.4841293852049047
   1.6182627451491083   0.6438355944451213
   6.2692994867693255   1.8396170026362253
   3.7146376205737472   0.021306939487963805
   4.143677208458519   4.176259944350649
   6.073367376008273   6.304118751324779
   0.03477306648176781   5.935926471085447
   4.343107172574576   4.751879655410293
   2.6558361531131216   0.5646050854742004
   6.053513778956091   0.03407614179239382
   4.85087078722941   5.668336859908062
   1.4869466700024538   3.127569968731572
   3.737669224006723   3.008654687573313
   2.8366000420336954   1.5484600863420113
   0.933280002147848   5.186375916089512
   6.826813353385731   6.294011927491202
   0.10748473733544273   1.470993570846617
   6.3531494365572865   4.463128713240719
   0.8510708824504835   1.5600592785695873
   4.550412337784634   5.335363244386115
   6.5556471227536575   5.09884972975531
   0.01611214748934975   5.718743456077601
   0.6804578118782705   2.555257028347808
   2.70497348559452   3.6257065224419356
   1.4291178759928131   2.5282406295706013
   5.266915690827343   2.8042102495268124
   0.475394585564645   1.7703287259284521
   6.326523135045731   2.337616366211448
   2.9621287956515294   5.125555943315936
   2.396356440118475   3.4322081003905627
   1.5510974326424762   5.223867151445036
   5.779543588933789   5.635235494910005
   6.824077624967547   2.131424832745986
   4.948925544751288   3.069148424140476
   1.8265885519912683   2.233397351676901
   5.4906148588126   1.8292041473639173
   3.0057427125630465   1.4217086015124636
   5.769164843530565   6.471910336490965
   5.222354232605507   6.174875746701264
   1.0096316213384673   4.520785217178606
   4.914908638366154   2.3504637470689724
   4.498644230794036   3.1336929432902
