   0
   1.8458017266210436   0.12221726465664806
   6.9570974312159315   4.1761343401528705
   5.167432574612339   2.8621818839286255
   2.8750533277900643   0.5595429609099839
   0.9494623114206152   6.4145477543949445
   4.690261887728967   5.268863461881444
   3.6411388818724206   4.821521657941432
   4.115929467270775   0.2648862616616504
   4.802379469793013   4.262690465314403
   6.516322492414091   3.5697171177910243
   1.9624533424322799   4.510151822518491
   0.3924938444602303   0.78961975365511
   3.5590074563028717   4.490771871517859
   3.361968932891096   5.042273261915784
   1.6408710171622785   2.326267534059065
   0.5399552788938509   2.9418550337985128
   4.677264565349494   4.9356767980760035
   5.685691322053961   1.681104617885706
   0.8189608852747478   3.0923990720505863
   3.7773563579184284   0.2290124676264742
   3.3036295725309452   5.729353798480455
   2.822518382642326   6.2360252225541695
   1.3880236765305591   2.2809236284968435
   5.698399119692709   5.405644705346888
   4.2238510126826725   1.9392143833564393
   5.647295959099411   6.852046343631467
   0.4720948959837601   5.884781728709567
   5.727295378374989   5.317830459565267
   5.172238185162139   1.8283439642233943
   4.036978561053792   4.074262875183842
   6.448265282734407   3.5701124051977033
   5.895114930414329   3.868357262497749
   0.04250249010362539   1.7472436538664615
   1.362399993119322   0.41688633414453613
   2.4212852332896975   5.497530764505319
   6.542096562288764   6.6769105905553285
   6.293117412519995   4.418821152185672
   2.9899922810283206   3.4456455095423584
   5.820423188378755   2.9487628510433668
   6.301392855982325   5.759489899502686
   3.5901666445946585   1.1283509543211014
   5.523923173271508   0.07277198282961506
   3.5365455047483914   1.6453599352984272
   1.4697162680934173   3.30126869730385
   1.4806484022702158   1.0801200759123097
   0.26911928994318457   1.5137903714714462
   5.767387341398634   5.3962064524608016
   2.620357113787912   3.347119145704028
   0.6392057915554619   3.9324813576825957
   6.145643894113517   1.1053309835649756
   1.4889840114857038   4.460546483020475
   4.064039001789117   6.984018578430124
   5.981250081113755   2.2730290317385085
   2.034899225899979   3.933184787804385
   6.221229565185832   3.763240863056704
   4.513083655469604   6.339556184434547
   6.685448040406037   4.545620019934881
   1.2881206534756622   1.9698182300981277
   2.5055336715235974   1.8489794506912798
   4.05435311747806   2.470761051311502
   0.918539626256808   0.6909551773092568
   1.877632424724344   1.170567436075952
   2.2625438252284966   1.2121631919803844
   2.286435379556891   3.967468096226255
   4.805456707729753   4.512442438468105
   2.4213330560909765   5.727730634643535
   6.947901912614905   6.389176914084656
   3.226546806852357   6.844440836861796
   0.9377107289573258   0.5290591570184914
   3.060879672950886   6.431777037970814
   0.17400492671456602   2.9497714005471876
   6.342616094521368   0.04647102404569592
   0.463017861494347   2.8269327274540603
   2.924040120357351   0.8388907523014816
   4.2157374574970214   3.2742721821967833
   6.816021196236337   0.6406724717855993
   2.5491311626159145   1.1713585006731198
   0.6516805417148306   4.694070406210744
   2.5681450694042876   1.7533353195903136
   1.8904450576275669   5.52018905422207
   0.764847404510596   5.390972570069823
   6.219858861013496   1.8089992634521443
   1.4740173915786747   5.796968497130585
   1.9123232110405666   0.19353477892194837
   5.671158873100156   1.795799951844092
   4.037491083861401   5.343909688418449
   1.0893498765478409   2.7895353578406676
   4.418347447871773   5.983784602169331
   5.665516706201449   1.1408959972416164
   5.0500609051039795   6.19265615766269
   5.70465216612691   4.877462911398972
   3.3754970080840927   1.7118351995289327
   6.872177060688935   2.3972994220529147
   5.32983948611316   5.920218129955221
   1.1900731155370852   0.2263706224188461
   2.4290660405693156   5.687954931033644
   0.6215966262194142   6.342015782010034
   6.383087089079262   4.4518510884939655
   4.582309527881486   5.134338351719707
   2.7641539236308525   3.585840493186947
