   0
   4.845704028225587   2.7545013470062627
   2.476943085021505   5.509331415924312
   3.4292702558649375   1.3308489274289648
   5.1876068146826295   1.6241539919504597
   5.521418931878256   5.9333448216547895
   1.9074165567894976   2.656802153483388
   2.937327310868522   2.0152151584406237
   1.5627008607636994   6.2405163398540555
   4.8419792006747615   0.33012345463948756
   0.5137346221423105   6.072656186626444
   2.82854346328814   0.37027209637916936
   2.1567850645227518   3.9275226469218354
   5.148967495496825   4.462572299272244
   3.2791273774737535   3.3360819130822033
   3.242387658635181   2.5451901663236702
   5.618782753262646   1.8508982472658557
   3.8426984047339663   5.3997096897611705
   4.638347922460535   4.864383105262444
   2.676110949546091   4.210826212634179
   5.173652483422972   1.8420260659547427
   6.082782140943229   2.7659221590495946
   2.3630957456012087   4.569574456303216
   0.8135766051555015   4.391048527125239
   1.1023865976520393   2.594185601153578
   4.7637757880233105   4.847771069810063
   3.2020197101520513   2.4643797753008085
   1.5100351643330492   0.8870174652450808
   0.4511974568875635   1.6421768428699148
   6.215135275344928   2.971489966511495
   2.9120163268160604   2.073101272485228
   0.7570617945893713   4.8373921315309385
   4.981608194230145   5.355801337179754
   6.824694528488618   1.0691423084034306
   2.0675434065596834   2.2528264192964143
   2.2018775168589504   1.7074310339848089
   4.123168514255193   0.927664390542203
   2.534882208866391   4.101406974559539
   1.784668587160137   4.7804452572014045
   6.545270145497436   4.749954737399047
   5.440514731480268   0.0857717183120077
   2.910902335416243   3.7549612529783944
   2.2465687066868623   4.810942188976675
   6.8923363472389045   5.731141283749663
   3.8764898256136715   0.011386148834668264
   2.23009186050323   1.5824299044271464
   0.6672015515284735   3.0624356999885474
   2.880260929221034   0.4641207929107183
   2.7830458886991694   2.692615340300429
   1.7916769558125116   6.502868291941986
   1.0798682991016415   3.3334305125825034
   6.157354499053314   2.4433402725780007
   5.501645524093617   4.694197216977221
   4.396146556544823   1.3307497834470299
   1.0873836454496875   2.707753587105751
   4.537566910887869   1.6226642683444383
   3.0048815996107527   4.0739532996878705
   1.6934597564474085   0.751424218862032
   6.4605742848002015   4.552642592844992
   0.9046950849188938   2.130184834056413
   5.86103353154388   2.926378984084531
   4.849309513545709   2.911018640087771
   0.2218241394492092   2.1654540379245173
   6.690505065511269   1.4627043150768286
   2.53328038851982   6.783836925722743
   2.72865785094909   2.538746501544827
   4.600383199794509   1.6744606723737947
   4.500986018765281   6.452863329348737
   0.7752870621964717   2.855826288426602
   6.545762561354891   4.269595673035488
   4.996162388748648   0.5492082218832263
   1.214955356715179   1.0518816633645838
   2.6348855148404837   5.8367934412527465
   5.6799158671845715   4.585364216769905
   3.838729067729407   0.8258980936755587
   0.6292335755875709   6.720880139147529
   3.327565838329506   2.762953574838616
   4.106110716188887   3.542011173236472
   4.978225337687908   4.903264912468156
   6.4746084647039845   6.9737530990503025
   0.9915003341590012   1.1485928383055968
   0.6398558424587296   4.2012927459172476
   3.994925994997025   6.514420691205983
   0.37680482221257505   6.364559616632109
   6.085815088227783   1.3823193722672014
   1.9453573066870629   1.43465085875809
   5.564154801337879   5.2301291226718885
   2.08668261993934   5.962403549805606
   5.943831780595649   3.1137309094124985
   5.006285611610061   5.517325571629682
   6.76327931742126   4.598984769435678
   6.053877823843461   1.1067680932734636
   2.742994360449505   3.1109698737640823
   6.508346575859493   0.6806569195293632
   5.957501968754584   4.779960377478277
   3.168108551596802   3.986278440768837
   6.903203482933515   6.819632346229209
   0.3328764703141711   6.540546774140869
   0.6511655592826652   2.272795056943963
   4.242362181931919   4.333855449953842
   2.67527401608251   0.6035014624649269
   3.110676418784593   6.070049787824188
   2.4412931437377177   4.101690153987367
   4.562184167578245   0.28123449418508184
   2.431236897738222   1.397572810219315
   2.5353098528246587   2.5340604200222137
   0.9600805266809106   2.557781124072798
   5.57528672197993   2.1658147409332047
   6.918201641614768   1.2538415055505527
   4.885077761734238   0.5540672444730214
   6.443060933992442   5.355856872404303
   1.5456963062227844   4.832808503661942
   5.487501346087668   4.010318880164396
   2.952891720299812   2.220940129054735
   1.3096573606270618   0.8107914818298237
   1.7466575126690653   2.7256609658978617
   5.060835826869999   3.063748198501458
   2.3332648072055644   5.923722686195268
   3.892847199336222   5.389160889133225
   6.5165135755791725   4.807705595508919
   1.3451333189902208   2.9764873889689256
   0.7656364851073357   4.3123960550604945
   1.2046517857002714   6.74150906497911
   4.2517827219950055   1.1080286250128608
   3.5578499678656987   0.3980286773347068
   5.98325296346154   0.5625828148227059
   6.374173430163356   2.0707376665839154
   2.1616457428360407   2.4345060905413094
   1.6744238519479233   2.5316227416001738
   4.266819584488044   0.8601623577833754
   1.1448975270505457   4.442082310218478
   0.3580682219621023   3.5469875875915315
   4.959604269201303   2.126477015599175
   3.6521455538156404   5.77376281871356
   1.5679790255537993   3.390149276153381
   2.6057727509998188   1.8335908098864393
   2.294374542359378   4.725994874020402
   4.490998755732565   3.933101462880638
   3.778229966047209   0.9284772013119909
   4.806280551823798   2.283078578233808
   4.560186206746829   2.652529341963727
   3.8143896707391054   1.1811409760576108
   2.489530548116041   0.8170955382339895
   2.0402432063581113   4.296285711411303
   2.0922238265383233   1.9591131070914842
   1.6975037521007441   1.1180290215800923
   3.596378086727128   5.693547099779726
   0.7422793781855508   2.629565724884175
   0.9634202329429549   0.32863967702879104
   0.5755000795553926   1.7047928365345233
   3.0182972095442238   1.4228433910884053
   3.3325403027200338   1.5132243443037727
   2.6109395004849554   4.65096116301246
   4.209395594719097   4.344755345523664
   3.673825495353674   0.7718218736126642
   4.379217939502389   0.7379102889803107
   3.0668463596340745   3.7583724734983455
   3.7512532057303645   5.610642425776253
   4.2207971242930675   3.263374749361668
   4.116217633674536   5.251930573048364
   5.804682334737962   2.549949954275833
   3.107893535064054   6.535348480049725
   6.9496407738567125   2.8160151244692293
   4.890213300363353   6.562460831672583
   1.963666210274615   1.4852150411102745
   4.55234771143589   6.134333236798932
   2.966411567205202   1.5242538431576198
   6.8613026502419325   4.983617972166165
   6.462237080368711   3.177588823145455
   3.2822713448070013   3.5776128138886665
   6.5522758633020555   3.6852506085888392
   0.03148417293805639   3.524363831977345
   2.262660140139028   3.568109178322226
   6.37453661602296   0.17931833040140188
   2.3361671829368498   0.9272127338280765
   0.4251701108515551   3.959210011889959
   3.7984126915098373   3.9098765355075993
   2.3352229851751676   1.1227891186809775
   6.667332842468786   3.0450071734196076
   4.995958965442643   2.3746916797742417
   4.326070469899367   4.543700185360746
   5.194225171303196   4.589168449295039
   5.324488494114741   2.8984558930938453
   0.5838829680963488   4.234577853376666
   0.7134110864154103   6.195409890778593
   4.84369541320361   2.707472211071135
   0.44830103123486464   3.4787830965793085
   2.997350667610971   3.756790494888544
   3.925455682898413   4.275305918490948
   0.0695402807398825   6.4940986153514615
   2.333917839750728   5.998683063186611
   6.044003143505464   0.1449968486924219
   1.2201652293636176   5.410211773261249
   5.475191393351819   3.6997468110720217
   6.470260924448693   6.611477688832966
   2.0847023804177005   5.967846572715032
   5.815512091796064   6.188603434265718
   2.246866403604277   5.23171461812783
   4.962804882230748   2.114831597555182
   6.434870677866954   4.728822319265011
   2.5396449166259965   1.849277966947275
   0.45954142786585483   1.5695433177839746
   6.226558137684561   6.744494072641878
   5.687400204347256   5.419670569764339
   5.725864695673077   3.394035779303578
   4.372851855652034   2.341977569277534
   3.585964379026499   6.913536978284471
   3.7813509963302745   0.6003838304926927
   6.36413240481984   1.3548419514546792
   2.916142354645004   4.983211572768109
   3.1684457481059844   6.502557451491087
   5.390655833141529   0.2987015674483925
   0.27082623666497874   5.195936057121701
   4.311882429229946   6.13638688792466
   6.228303210057082   2.0563122925382036
   1.9570519050645678   0.7720984318959937
   3.7884660562515204   2.0813600260330856
   2.5366677758652996   3.222313706309248
   3.787695499823509   1.992255493561439
   6.441456923325976   0.9252297102533309
   0.2771262815183584   2.48837153618946
   3.0690256185190377   5.341382395005126
   1.2314151482327214   2.676446094330616
   2.618008702696744   5.92580187188525
   0.40925320079422955   5.897213163006497
   6.1232436937937615   4.4266351799493755
   1.2421775086685458   3.972294936336989
   5.484987377830717   1.3118369489133426
   2.0296076682122925   1.537705035037123
   1.3184409125104497   6.3159656730366445
   1.2131460330378554   1.6176200597869013
   4.116838397456577   1.6332997168442778
   1.0920511190647546   1.92312939790023
   1.4820966032082814   6.161415954991985
   0.02440862284540124   0.5354785323188117
   1.0315155096981394   6.42105698382075
   3.934892455961526   3.6518769744338564
   5.037262049123345   4.343539387465918
   3.8201258528312834   3.9342441932676233
   6.897362352025982   6.026136236213522
   6.906517555059059   2.70732357485407
   2.1726671039326013   6.808798396963155
   1.1730698045399852   4.8023994673717
   5.153751076804239   6.622254460826427
   2.1030163876741836   4.236404498004615
   1.7449454413637135   4.497965247595905
   5.773270917261292   1.1535109925168476
   0.8696977211709241   3.414582983273092
   6.729529767319422   3.5373571071789467
   1.6121941967387574   5.2834956189679065
   0.5274930018717449   2.1268558072528814
   3.914671448364   0.8477213854220196
   3.347032438558726   0.7370997996025435
   1.8480883741545302   4.58384180663663
   3.706254503019773   0.7991694594530716
   1.2658182558506645   5.355844620384631
   2.0162717535546957   1.3887153018160985
   1.035767811375964   6.572677708392693
   3.5251148513315758   3.3129827296980086
   3.025816329526122   1.9479945625506918
   3.100582147028542   5.969508231131607
   1.5907160852181397   6.650999858254769
   6.296945086316229   2.677016401053812
   3.475582752720226   4.671485483014342
   5.239290743949032   0.010104594631621056
   2.8118498274962533   1.6000772451137597
   4.041900809336119   4.344103637299758
   1.2360506789786374   6.746389420334638
   1.7534370748370716   0.3350633223458992
   4.1100371563161815   4.5832169420898925
   5.1918158650102395   2.4221071586504803
   0.3632332873427052   0.9140733882148667
   1.4955223894643734   4.645467036689119
   0.6132642664797168   1.9143130159760366
   0.7757374702736984   3.123301037798141
   6.950797436341411   4.292754129274218
   6.905008362434941   1.4239621026398317
   4.097668205774277   0.26115111469953367
   6.223319885609387   4.8076855048632225
   2.5643614057191924   2.7830425129582594
   2.7812850102151434   2.8927156301309047
   4.943655976156509   6.701432707853496
   5.672793957660979   6.7257042190008525
   3.581738338261404   4.816442191526449
   4.035824431703194   2.504758899436922
   2.566326578439864   2.799492786389629
   5.420236459925624   1.3158310913997393
   2.263343682296026   3.9897754987822442
   2.4352416000635513   5.199185976264137
   2.519417860579673   3.6216746314450745
   5.896850980250624   4.662497734196612
   0.12698360552166932   1.8785028222600073
   4.096978244222338   0.4006764136337345
   6.221992754157303   0.35833551054939916
   4.310985272759684   6.469827420499744
   2.9512458621384217   6.071904104746939
   1.2493315171358759   1.4938087732555092
   0.007087750084141975   6.970447589187048
   1.8416000043309533   2.656647412355456
   2.4817100317774887   4.22309230448469
   3.5175433327662473   4.252637983653771
