   0
   3.6551457193228742   3.2072368119951484
   0.12987282630009545   6.112913089931256
   3.4903916617818065   1.1409440519131873
   5.517818989606019   4.204317000116911
   6.5172563998000825   3.6409379455513395
   5.237918807075369   6.270513290284232
   0.6463185105336023   1.0039845139486459
   3.6554297290972255   2.7931786976697395
   3.4399397838047854   4.662624801600155
   3.126173686025818   6.898607951703995
   4.4262460625782145   3.7596517729968477
   0.2900486075210632   2.3792628169752943
   1.8357857856457265   6.151815560082963
   6.259245864027922   4.106202154140285
   3.0425687757091344   0.5939491528982203
   5.623018674354383   3.5479420851525543
   6.638658365889177   0.33809928435952374
   5.447679890284836   1.5790645024072962
   1.6876941996056507   4.584404929415412
   0.17609835831777665   4.448415633635517
   4.287687049798302   3.1413528452968773
   2.5252932246380357   1.6820126010032106
   5.127136389069036   1.2926999413204334
   4.143816892722859   3.8197940458340307
   5.240984338557411   2.22674029671319
   1.922448688988089   4.228131582687666
   6.664129145876888   2.460749980313995
   6.452311103144218   5.791535499617652
   6.140180203249946   2.489338763878569
   1.1938540390059886   5.067265560636278
   6.471855038282839   6.400085626357857
   4.458237870109493   5.485579928278834
   0.49686790257185987   1.4332343070031337
   1.3094856417242713   2.396128993021062
   0.03938273109764068   6.414375037397492
   0.9713561883455442   6.197523455842999
   0.5220557042633687   1.6599320821847021
   3.2672281595759323   6.442380594001324
   5.227406019829731   1.3449327251343197
   3.0343725615794885   1.6841764317513537
   6.469717656005399   1.430923896667906
   1.3358230019911685   0.9250021382621292
   2.179879448754156   6.079057061659414
   5.643643289354102   5.8348505021819195
   1.6155375163771675   4.019257324424914
   5.986723234221076   2.44332860033159
   5.087643124076987   5.611041686924577
   1.3443269154697954   3.7537168434911754
   3.741938000693943   4.314950469836792
   5.3234427498622425   1.6970707762706463
   3.5501320714506956   0.995704031249247
   2.3835820112886386   1.0305796911901615
   2.7504920078706037   3.8990949287096868
   6.566999535067992   6.189676463888089
   3.031261549464145   3.284274610371291
   0.8554021553529214   6.727410262719109
   0.7728073051272071   2.551492025332095
   6.90604244769621   6.8173718184611
   3.6555837205167285   1.2824904637023298
   4.0206836476321826   4.357981921728397
   1.9009788854411522   6.906665448502092
   3.7702573235165655   0.4962277605705838
   3.3408101677900843   0.7207380100716295
   3.7361186021621204   1.8879544462953186
   3.4087028214950528   0.7230936441466718
   2.335645535665615   6.729595608580693
   1.012791018015235   3.176086553302595
   6.675507235305248   1.5327459018515377
   0.08414640471959833   4.980507017162457
   0.8202693070047407   3.76825456974708
   5.399047818605828   4.836059015757487
   1.7770839230970505   4.880542119567379
   1.0456663591720328   0.770091996248308
   5.879055702025941   5.7656156275617185
   0.6469522327069333   5.94398118434847
   2.100449645364028   2.617781185732481
   4.161470596852345   0.6924470665131661
   6.15625636212581   0.08032534593791951
   3.762643371942767   2.5157550562233943
   6.026704920690827   4.884461951951712
   0.9443161908168958   3.2281337102487515
   1.804153607041143   4.62861282399178
   0.6167799505838432   3.6678986638597597
   4.485378301163843   2.0366160057044165
   2.5423378331481112   0.2956669955719916
   0.5266073064092104   2.9387251474159335
   4.013218985681589   0.6466973930805678
   1.641742079727482   6.3432916416992775
   2.197101070915948   6.961787449475209
   4.456038829039138   6.30979243188522
   3.066715818731188   4.39830922587957
   4.228109809693894   4.895387656796913
   1.2899717187162267   0.01886161484620552
   6.9224414149132265   4.227469838498632
   1.8857382786460337   4.2696688694155505
   6.4527101577158925   5.753686917092189
   3.8478990266275828   3.894249955214623
   5.923014894280609   6.938695831304912
   4.306490230991143   3.1800333595253454
   6.169729760063485   4.113427676390571
   5.1297026983205445   4.106491645103343
   0.8510158199462248   0.837915047843393
   6.1742368638723235   6.353014673809954
   5.74411965566782   5.012762125283938
   1.6639595127682116   0.23314485758725245
   3.792418068643965   3.06710541782589
   2.4180255472687144   3.448939908634932
   1.7947582265432769   2.862439993597965
   2.8595829299981115   1.1051300529296042
   0.4489765943729507   4.481957222888394
   3.9148974846790363   6.6873872149566775
   4.749564853973051   1.8240663203380427
   5.060188878785552   4.6924171225231
   0.4962897546642696   4.886543263151818
   4.889682272785035   6.299737265004869
   4.8961582119962   1.8142732479143806
   2.6633429321202944   6.895902483846176
   3.935452423270534   3.1888294402965327
   4.3464690755345945   0.40158526333475086
   6.361652832886776   2.6621518776834403
   0.6757802429546181   1.2103189103619676
   5.746893380545219   2.8793636190383185
   4.77785033559471   6.124859480613118
   0.2051875010845794   3.6972868077517504
   1.8256943326836956   2.973020906364432
   1.9049935237914792   3.9854913987076563
   4.148028652486991   2.599485534550619
   1.556778849497819   5.7957374603789
   6.103187095793569   0.6634913834807373
   3.5620740600600564   3.403439525293512
   5.895883428358712   3.1244452648177505
   4.4860954357213485   3.661310332393597
   6.3499743920435225   4.468411562215312
   4.960353257684497   6.260611872714965
   3.4540881714724248   0.6180694785112013
   4.034743638082256   6.8694647634917345
   0.26944037192910875   0.07713876000931741
   6.380462222884895   3.710442322312283
   2.5303761536024916   1.1874112746913195
   5.595662057216198   3.951197555373831
   5.978135063254818   2.4224359189013085
   6.18511415755729   0.312146079306613
   6.147043590337411   5.406542614571506
   6.573215085083444   2.544248775820479
   6.969808729641102   6.831296439027501
   3.766521997675421   0.897716102152772
   1.1847872581653722   1.6436180817149246
   0.007582066357680106   0.3889732983521682
   6.1130758077105956   0.8007067628876748
   0.9561570630296938   1.5785059227640026
   0.9269695245885604   2.5265487595896516
   2.5970339136400176   2.69622171542376
   6.053804072094924   5.363193770937436
   5.205442209570339   3.2937444382978187
   3.8504038978969803   3.3871316833055
   6.30169198465528   0.16457418487275055
   1.143320426847175   4.756996356343075
   4.595974774936903   5.053324734792763
   3.6587560025477064   2.2734768019564386
   6.462362595350866   5.674271004033772
   4.763529441788001   2.8657092303869636
   5.487870983048778   5.777212366883027
   5.304651782928687   5.870576751929645
   2.118040986128028   4.435183732008813
   4.670036814681409   5.642239108670694
   1.3648282978824111   3.383815414651058
   3.4965897711534204   3.418862055607941
   5.955678375896215   3.116170706659671
   6.72437132221905   3.481920025752302
   2.1844954626095183   2.5296610638422883
   0.9367478135058893   4.470585741975059
   5.07580597333436   1.2331608289661606
   0.1364012479557538   1.2596286063676039
   3.292748539614183   2.1527220214293035
   5.285779995946704   0.0738816203264453
   4.507610049436342   3.823307531616237
   1.0880354601609352   5.495745675793531
   5.710463678490392   5.721736730438646
   1.6006973446977755   2.724339525592263
   0.1570503239485237   0.18256155049140155
   4.359306222963991   5.865807071512027
   5.3513803901342945   0.8438659137166156
   3.7419257996917157   0.17394192293745647
   2.6216183253257315   3.193999044044908
   3.327926156383054   4.018685292712518
   3.4796514259013698   3.6330328005613897
   2.9956343589004275   2.937203677677676
   4.055325525572562   0.5242557132446751
   2.463411891211644   4.418150117352016
   1.4656702757773612   5.991284819878035
   4.907429342570107   3.0843621423413623
   6.0175197349886265   6.715406544168198
   4.186870432983014   2.672647476377981
   0.6487720194547222   1.705526877949119
   4.073505849984895   6.66145722860012
   3.989117732792383   0.949636036820227
   2.7175409374489163   1.5681436195976426
   1.8653994308825395   3.0119658298697147
   0.38535209701604844   2.8271497111330453
   0.9898548612669118   6.0140426624315895
   5.277184730394689   2.7688758968074305
   0.9513304352600973   3.0306104736384185
   0.9741001583199019   0.5461162316036604
   5.480137629701919   5.742921943423348
   4.7734186211602525   0.9008558848145911
   6.276558558271757   2.222172673670537
   2.85061489088668   6.428870553666723
   5.481100003621258   1.9648705944430684
   4.833085437924278   1.4829669662756004
   1.1214208497573062   1.76971201302469
   1.9874184743582275   1.0578496936457498
   3.596453128508805   2.73205669235207
   3.806754174263849   1.9205020388294058
   6.452567685780863   1.5373665040191968
   6.338540728040751   0.8896123394819037
   3.369722539955838   1.3589987829570402
   0.11544445735782327   2.5259821565984875
   2.407367627440883   0.008515876700570746
   4.043390710330241   0.572990946760471
   0.16046808561948644   0.5481981100539256
   6.060668509657202   4.282103607928016
   0.5453398106839722   2.3557194011457794
   0.8107434634152436   5.273042473174573
   3.473079828604432   4.629968387045305
   2.968886305317906   0.8116537620495328
   0.6752109570198853   2.5447723118195724
   4.22893464480924   0.3406411742408325
   0.42174218487579007   2.693804010993151
   3.291463807513247   1.7692411545309188
   1.8161869238512511   5.125223885203892
   2.4983582124289043   1.417558056548201
   2.7651626414051225   2.1386352595392446
   2.031231813313731   0.6196841600620128
   0.6020354149288276   0.10970306431290933
   0.8323590181514223   0.8168680644217703
   6.69465610811403   5.919309545162892
   0.6167376391843569   4.517900332423483
   3.1865718036543442   2.094393377459102
   5.522616467494341   5.768532256140043
   4.309181302471356   3.516645233199725
   1.09528253207536   0.7551401864936182
   1.4591426557332166   0.5230005936428869
   1.4151103180401814   1.8699967235903379
   5.460920167654389   5.408400592413513
   3.265840742095103   1.9864122481604451
   6.128701563756474   5.746559190718569
   5.292764930711476   5.8316518085622295
   2.404996566667861   5.5685028720769205
   4.12295131634882   6.203938609590295
   6.98506786435124   6.281419461933116
   6.410863620213163   2.3569962380372425
   0.43692645287466625   3.271878874809664
   0.7326789150103716   3.1714876592580197
   5.395966657725788   4.417758990057636
   6.181327906280147   2.7473497838287413
   1.4513936210154263   0.23223457467913622
   6.411735491521672   6.784427865901679
   6.848439500705039   5.0809636004141145
   6.751956284828611   2.5709578693867954
   4.10594506456307   2.8501223856465514
   0.8308577298272183   3.5703443311708187
   3.093222471998413   2.598220218165678
   2.976713409094068   2.486331781275995
   2.023199678411137   5.098645246639681
   2.413533593006245   3.2950631896746256
   3.2006836406531574   4.772665958861985
   6.023166959712027   6.059668794760089
   5.215163654739104   6.324137745111217
   5.151171676666451   1.3889285439807586
   6.586914915350958   2.4174370771514795
   2.6131631459783193   1.1661957145392572
   6.6632462588994015   0.9891683864195897
   6.7058069822321515   0.6581734146406804
   1.8185711921200518   4.251962154806176
   0.6428365004689568   3.3152786276059896
   6.737571054253521   5.135208707068049
   6.421437272877371   3.4962302794114075
   6.75505047426903   6.812841431886591
   5.67804652603258   2.9891451334308097
   6.889174124485265   4.092310470665281
   0.615083783698933   6.5598241942173585
   6.33660949889054   1.7816585918928776
   5.571334510402469   3.835059710127178
   4.798684831705119   1.71313648818118
   4.268669249336575   3.624692244629954
   3.077008595895153   5.882066643959436
   0.19649729192036125   4.300797490879594
   3.9150825885741396   3.1586884396776918
   3.992807907254244   4.085773624260282
   5.069277445450068   2.248492804779331
   3.0468672757561337   1.0532614380715533
   3.0681220013634656   3.013074370614799
   0.8836008049680426   6.316712784990857
   2.0631993713377237   5.918805953016178
   6.193395953502151   3.270083964918184
   3.58802262634323   3.254661586844473
   2.643530391432158   6.853521467909648
   2.923104010716759   5.853289420573178
   6.848632468151098   6.644058774351189
   3.1160139753328493   3.360956526157303
   1.0875476687141736   2.117241486177712
   6.524564276716262   6.632264623177353
   6.532693486408895   3.690245686045023
   3.0393332123499652   4.574556861108045
   0.9054461449414044   4.140452660533862
   3.8985912615924443   2.734708242494585
   0.5873147208080137   3.695593126096597
   2.234265081954655   2.1075197579177005
   6.301616125419999   2.512470229908728
   6.181919919788883   0.0502054894518571
   5.534080832959394   2.4009212067096115
   0.5508219806127672   3.8114878432398123
   6.883273113521858   2.5080745210756445
   3.6819803781729554   5.026587011310274
   5.522926615957404   4.2551086622361
   2.2226547026022168   3.590919984986488
   5.9182541190114355   5.114616834732285
   1.1151473477111442   1.6055881649185721
   1.867001336948087   5.831329541707934
   4.135789320545079   0.5867675523827559
   2.8334756975615365   6.4223470961058755
   2.8268622230855325   0.8488782708447511
   1.4099934666624678   4.745180890202364
   4.639783600562853   2.90794174897691
   4.575146945435476   4.592802794380436
   5.552222691447052   4.906802273754108
   5.222006373073539   2.1645464325552624
   0.3348962738210943   5.437915343632705
   2.2018318467794034   4.370108461977461
   2.025630629561103   1.7321781992521057
   4.870080589202733   3.7510401516234078
   3.018863659696131   2.9938016290656724
   4.831455397045664   3.8500243313693865
   0.49809462300899165   3.691494553644456
   2.2594557877836294   4.622873366449753
   5.726876388635381   3.8652568014229427
   0.8133444056686703   5.971592116605654
   3.9707804422499375   4.975851421911326
   0.7916657258758194   1.6789881072976702
   3.548351293638661   3.5105455133790517
   4.74640016567956   0.9462180696985696
   6.703402106268537   0.46398914957771187
   1.3355614304533154   1.3743022183003522
   1.6540907490454426   5.937118141180017
   0.7144949886164951   0.5890400595052968
   4.306048485388433   0.4397478943903057
   3.257354271284427   6.785908306688525
   0.7174245777095106   0.04403946595408503
   6.860186506710787   4.267420022796682
   1.4730387519799102   5.316302402869493
   5.5057747658222   4.560071917188608
   0.662927378940683   2.9536142326316566
   5.167843044557338   1.9314076485301226
   3.1673992837092677   4.269514828260215
   4.49843902319267   2.0798704768597545
   2.426304885827182   4.10955445004515
   0.07727547471744722   2.441017531636276
   4.814559239612517   0.43275083156942795
   1.3055178896890554   5.943319588505382
   3.1590443426349526   2.6690295667639607
   2.298967451302709   0.15516383194460115
   5.813853189162048   4.055500999902946
   4.376802528251382   2.5918281657735696
   3.061421102737784   3.4659451685462677
   1.9519982364446085   4.497096604257877
   2.4264303615416978   6.77815287594343
   1.8082585215580234   3.6788263282246634
   1.7774561770042119   6.572793991820104
   3.895753090788317   6.961183887354754
   1.8481594689935825   0.9252559978607949
   4.8941647867577815   3.518411356727134
   6.035418341254779   6.238421613369389
   3.8765130959823924   6.775881579613876
   3.026125594362332   4.46962498272646
   0.46092881777428707   5.703854427916572
   1.9674643331721664   2.729052018797095
   2.860019745381357   1.1877373273552323
   3.5273125297955406   5.06962279195238
   1.2286732393597388   4.73581097683783
   1.292010486507457   4.34991567071155
   4.67110705755193   2.081269462665069
   2.5180628322468777   4.331970411369794
   0.19668743145452317   6.250080692211258
   6.2924312626654   5.674825227053987
   6.81149576648894   2.3995677904947383
   6.662911955522335   2.202423572000731
   0.7988370697131116   3.18475879389955
   6.275675889195321   6.761040643894269
   3.076841873745107   6.5804567924132105
   5.501386899123803   1.136662900599422
   2.3250263316799744   1.9766226673157825
   0.9443986174246075   6.876769282499435
   4.344135733156712   2.9730678903414534
   3.6113665159414112   6.453740264333289
   3.854805875246247   5.626599937444619
   5.866197094467455   6.018644267469901
   1.6505423365933543   2.949662015651242
   2.617594805667929   1.0244236828177098
   0.699220556559919   2.224157728429923
   3.9735488856690697   0.24652374296630408
   0.4347801709572866   0.17754813602936748
   2.8539416761293737   0.19678790066156548
   5.096990776331248   2.270460286636115
   4.778044971505337   0.6129566207546566
   4.562128949782093   6.265940393649549
   5.238005785111177   0.6113910640373814
   5.6611212652439695   1.8901372686856523
   3.7325103071522054   2.2146566847818976
   5.504161764263936   5.752598098893288
   2.6666509720923948   2.308382560424584
   5.822030310794917   2.7715063780576767
   6.924605627033108   6.643330593855422
   5.794295242781184   4.145092432705441
   0.9910739695570928   5.278886272286354
   3.2632941228917156   4.42509416421805
   1.035506580276029   6.863202116525239
   2.6302518555759207   1.481542693666026
   6.379991304664973   2.363002374128234
   5.096099914225873   5.1002997631012
   2.247251093682504   6.292577044507005
   6.244526962725939   5.625667246715617
   1.6295457408076446   6.146770828463611
   0.26850015012616624   0.45004335890545843
   4.532349848596683   5.616792109671815
   1.4139544813103648   5.26099174884555
   5.728520952143559   2.2604424742996416
   1.4555646209994246   5.783245241257698
   6.509254679831557   4.60989261171129
   0.2294670556035715   6.29905871345495
   4.737460347542571   3.2303984124277383
   4.426520340822617   3.494977289862991
   3.7972767059507033   4.992381194884768
   6.99714111187827   6.166483127002392
   5.790283587361103   0.7870641548268561
   1.634976289871772   6.014132499924764
   3.5545494684491965   2.1023826374193417
   4.891622942422699   6.185695624105109
   5.776994466854112   1.281160650623459
   6.528324726235756   6.358454328297157
   0.632629567134917   3.907566831199202
   5.7330301119076275   3.014219760105782
   4.016073553182667   1.610636934832279
   4.822413945983828   3.13677163011719
   3.5313303300241934   5.635176745015427
   3.0084181243744896   6.857325460954531
   0.9751501364423991   2.810626773092067
   2.7375848945378016   1.5882809137244285
   4.0873799098176695   4.047500889155392
   6.008911285692043   2.918901069255078
   3.848546307976936   6.208775248163923
   0.9421680215856139   5.998722048694187
   3.5804999189650455   4.1401383784545525
   5.703587230366297   5.305392481272596
   5.550287152706887   1.7982764618629403
   4.699530017921731   6.583288059556593
   6.690496777695546   0.7903969982088559
   4.721211700618231   4.347646630499857
   3.4311721113632365   2.230968141728534
   0.46476865194341554   0.6761160266466782
   1.4889591228573535   3.6331691886726283
   0.5609153935469119   2.0555089078145334
   6.778498630882188   2.5828264644208443
   5.927146648039922   5.816200821893143
   1.3991581979627115   0.19163088994377186
   1.9029076389003126   3.1700148509140766
   4.907034254085669   6.794203495134414
   1.244357765659389   3.0695754152849184
   2.8077397219539573   6.040104877255073
   5.640320757279926   6.02802021688426
   2.3998301966049036   4.437152380408746
   5.964722540548533   2.677602452604842
   0.7618067126363394   2.5264341021681753
   4.00327845314174   4.204115246764568
   5.807469485081482   0.21218472763547536
   0.883403561243876   5.871221205248009
   3.9349822316794647   5.331207139075574
   1.8962813101087166   4.644663950260465
   1.8643439041468068   4.326801397086946
   4.8287346652198035   2.4409912026999496
   5.796048762967803   4.891181930510039
   5.320005507122746   6.7588142716198
   4.030553817141577   5.658143069466277
   2.1247610728789947   5.402779204041338
   3.663756789832557   4.464248313890829
   6.498604850169542   0.6813224160643779
   0.9180243257652085   0.35210207557404827
   6.226079471921909   6.848931809981606
   5.081396936012414   5.363275679668289
   0.0836139591885795   2.6720343293204563
   5.909431155614026   3.2612419032457645
   0.7710748095105459   6.824777086082112
   4.69472818372142   0.6361892162778596
   3.5555428613637385   0.36686912210702816
   3.028530202184708   6.3738651901523635
   5.04964817663177   2.8203002628366574
   0.5668573159824785   5.219616867385884
   0.6942587963982367   4.345147692895969
   5.870485845385928   4.136575939615116
   1.6315253969686343   4.216836205267151
   1.6136636090725545   5.3434521779223765
   1.7392485620593205   5.228109306794451
   0.15078826419612734   4.322679636500709
   4.651245867937339   4.778622309542487
   0.5933598020670204   5.713677084083492
   2.6108545457390004   1.273463086802205
   4.181358875373293   0.8487634017174285
   2.995920170962919   2.029057283443849
   0.8337863421108931   4.750786433784693
   5.313578656935417   4.180813263739238
   0.3324316766136698   5.69180220931112
   4.391853547410273   0.10150628678656348
   4.6310316534885025   2.911160743988389
   4.3925484016364535   2.5728068621807263
   3.288808835754308   0.8091327309871339
   2.1361276687984416   4.404499922630248
   6.002970370175124   3.8687280947679263
   0.06423790535045071   4.3668442854706555
   0.6590820093549413   1.7136402583622492
   2.9692344077005925   4.1911684420064566
   4.231316295805053   5.084261614377654
   2.392537760687199   1.0021975655961164
   0.24641434223992276   6.10650198885687
   4.3348558633498335   3.8727550543651255
   0.37578124842869964   4.039653611653144
   6.631268644550687   6.237380443932404
   0.039475100722285106   1.7198289441335897
   0.022883774658636447   4.666053513715729
   3.693934624292789   6.164512862165335
   5.60423065114641   1.982613849097325
   6.732123090634134   6.271553197006591
   3.9417734612910715   0.9146121515803305
   6.650358645262951   1.2324266781474007
   1.74388354663504   3.382229425457028
   6.330430447806989   2.1849013718763732
   6.51632307856274   1.1735482228828062
   0.9486900039517082   2.7542318173770868
   4.159750882562473   2.111856921146498
   2.1556421698153283   1.4747998950707806
   3.9569759866648955   1.8978190646787771
   3.7701448008715044   1.645639668280003
   4.857641870046458   3.6052373068360786
   6.301664071862285   1.9535541596903219
   4.396736654909174   4.323788457673795
   2.152118061370516   2.1965570022712284
   6.980785672933946   4.675506338871819
   5.35567364900166   3.658147863649713
   0.6417949287077757   5.883937350291569
   5.190454361592416   2.119448095679138
   4.6939698835927155   4.745791741872602
   6.940446475421153   4.15150379889452
   6.031953513080975   4.244560203713314
   3.4989795473662455   4.204080398887917
   5.081778934786769   5.653969193798435
   2.38699361390818   5.100050629400752
   6.656950631933261   4.806289389775747
   1.109890440345997   1.8559989813479707
   2.1820249936100353   5.746417837331844
   4.596102196836604   1.2799403259504296
   6.924772560427805   3.257295106482422
   6.748596322552755   1.5460723994772585
   4.025465995692498   2.7256236819846693
   6.897373973792916   1.9142583440499543
   4.2280496064765405   0.5190002702342905
   6.166602052840351   6.948453599326777
   5.302903209191104   0.4664689609149185
   4.464354978107408   2.9935718909871687
   3.2046301865214866   4.174158214612629
   1.9660326041547205   3.2943011608904986
   3.030753977706799   2.766056589176957
   4.594349907865408   5.982159567937388
   6.838424433307975   0.2171334371311623
   6.099386841099454   3.218602566232609
   0.3361910407128115   6.741909925706304
   2.911516094748227   5.062264656024495
   0.39661391052577877   6.7162313983983015
   4.978118814209855   0.127445059082674
   1.232944862946507   3.343393178515641
   2.3018291438110303   6.818718617953461
   1.9493188198647433   0.7279200663473301
   2.8736372589215122   5.8630762474581575
   1.0088602148877324   1.1911954195686991
   6.1385157955501155   1.0162755716524825
   2.9678178672011892   1.5527882190482414
   6.044319333010966   1.194099756194595
   6.596302653465009   0.7097225578814094
   3.10654604121275   5.872004568311433
   2.2474148333189454   0.17308189490744852
   0.7721303757298007   0.4081481330969182
   4.046507344655983   1.2672408110116962
   4.684779469007347   4.975079648943876
   2.151043104326487   0.4616649946963015
   1.242444522866285   6.034378263438162
   1.97896467758   6.788615554100715
   2.0943592803268483   0.7563157114027851
   5.919705701496327   5.502247666839386
   6.950660829429405   2.473131757289371
   1.6269362069845656   4.055488095699689
   5.271947128250867   5.159790318439413
   0.5458409704527889   1.110723838691824
   5.069205926942739   6.0601050950203685
   4.8501952172613745   1.658736919402433
   6.176393416982925   6.918897131802591
   2.4557104785070853   4.397464498018213
   0.9585192752027503   1.8423719433011299
   5.236084453966439   2.3180638022010833
   4.487436266642403   5.5891741800576735
   6.996900896841834   1.9604095998702824
   5.755615112578726   5.093603835103158
   0.1599853681340644   0.033551087814786884
   4.5050234169890935   1.2402512369626595
   6.477034173719162   3.0488010829048457
   2.723812105764721   4.3458294877139805
   0.4262937662921037   4.2840325599173905
   5.80784928357274   5.4592588400779025
   5.249781165428705   0.7874021129638614
   6.797227358609877   6.465079630266989
   1.8609936559190783   4.237121950889117
   4.979704099742752   1.0680436958334956
   4.094270058368001   0.30104644611793296
   4.503627084789083   0.048259335883861554
   3.9769241270965354   4.685743147794258
   6.462224176612533   3.7065347218148643
   4.883984696817506   1.329360056213411
   4.199227839774928   5.168593008847681
   1.5828330941057476   1.1760056618232848
   0.3426423527302739   2.1846014997090144
   4.291247122584413   6.671501266057287
   1.299041920724552   1.2469832395930114
   2.95731132956237   1.5412687448985856
   6.6351283435534665   4.254751215064183
   3.0233765726039454   3.5507601191203393
   0.9363619249776612   2.5766307119395524
   3.9587002497597235   6.807238397685067
   0.36431383799977257   3.2080061180756854
   2.8366201272914178   6.738863700279274
   4.234975833154566   6.778255593044684
   3.192068500590311   6.182940913475126
   2.509597736964545   4.4453058604665765
   0.323947620812168   2.0298291334055536
   6.127709537250889   5.21326712111493
   5.1043486643995974   0.6024166284945507
   0.6188227824471682   0.9267789853006857
   2.222804702211065   1.4032085130806515
   5.404886667249922   1.1322226036626124
   1.6287312754582985   1.031977262328521
   1.6499185027899483   5.15122693386942
   4.738919631350349   2.9665702624107926
   1.4263034189602612   4.085921654728658
   1.7494061605555922   5.50787161424962
   3.349105738534675   2.0681626038651277
   0.13225430858332576   0.5170597660612134
   2.6803096447594306   5.876476831703732
   5.107747301472292   2.619202634068574
   1.224252406840081   4.074751256077894
   5.561196217348032   0.3118828838639087
   4.12359020701255   1.0757087427934389
   6.521035356007467   1.9009384949730026
   2.9219797848282814   5.999993143971266
   5.931083186768129   4.38755785397616
   3.985241558785324   4.88820360436186
   1.0348085581407878   2.3518647028378474
   2.5671069357949046   3.7284944638303097
   5.243155828052879   5.517776322470287
   6.468736039152553   1.8863822058182333
   2.8799392110938973   1.042317313923594
   2.3730332366538387   3.8661689726191613
   4.69003106425134   5.649720312183527
   0.5353678567942198   5.894921651295229
   2.4555277977246788   5.526542782978118
   2.5816476214785213   2.600215045849219
   0.49378946883599073   1.408676962943826
   4.702775804729491   0.05187283806626097
   4.208708323387278   1.5245293639862303
   1.5413612138046529   4.655711304906106
   5.232772909760717   1.010795404759429
   3.5421338114071577   3.8238190568132016
   3.0324590540084086   4.088150422330386
   0.48185608272733094   1.0011733435117864
   0.15318203307044798   5.673829630096566
   2.307606196395117   4.502419977543559
   3.5525134640562555   0.21646692753954377
   2.2941441356002112   0.7054193244816925
   0.711572116715876   2.3657106315977585
   0.8816589966577181   3.4596809300917557
   6.424461854213951   5.6350316237062525
   2.3745299776050537   4.098082543357762
   6.344336880804628   2.480792245059757
   4.96982219765508   2.1892971148721543
   6.51214184344812   5.204036357647829
   6.3410706557638905   2.1361194080800985
   6.210277063858179   1.7836141204858373
   5.228496164953588   6.911411140350627
   0.5684082474385271   3.17015147684162
   6.181127838746301   4.628654738524841
   4.402345072390018   4.710024748563575
   3.759397267043858   6.268130967353162
   3.7893764278882376   5.226894969963495
   2.1386037332680536   3.7225072545860765
   1.8746617310633842   5.865510416623881
   1.1542336381224811   4.387149525151834
