   0
   1.9639225477745288   3.223453924586844
   4.958577172537206   0.551229353713724
   2.20903932161903   0.503176776920533
   1.193721513137298   3.593603433518694
   0.48781005085794404   0.24097217375751778
   0.8653445857510015   1.6609462329327356
   6.886717786594974   2.564046477720248
   3.1780729348957553   6.4163853211239505
   4.220857298051878   1.4211760805874036
   6.41012316242346   2.369673574271101
   5.056516752390919   5.576303286819334
   6.156091080982164   0.7217400631579689
   6.750337057857058   6.78175619100594
   4.271727236623647   5.005304831042801
   6.002578476517925   3.043417231432958
   5.861490977417675   2.726364875359845
   5.72572966516687   3.279812659872104
   5.06275503609756   4.0853724249087175
   0.3021637966749462   6.785491151209166
   3.262377005361765   6.949712746600782
   1.5457488697174537   0.7362098182709733
   4.731930883280682   3.5605992408206335
   0.8922859204898543   2.5193466593369362
   2.4872358922215754   2.9877868909969774
   4.522357805367913   6.9376020209059215
   5.46589910952051   0.09452293997740735
   3.2676312903403324   4.317453548245675
   5.873429064521925   2.7429296512109147
   5.267868343303573   6.255978055801944
   2.774061830808837   4.156535763893333
   2.430860955848239   0.16054863129854424
   0.696775011406447   3.761949008466238
   4.8012173269484775   0.8755667307468475
   4.190055262795696   4.455682841680202
   2.9663855997937203   2.5487879517964966
   3.8908169232749823   5.08492567226214
   6.619514464147911   0.46694502527654214
   6.773457297079482   6.992564229192267
   2.3587091625105714   6.886274334832464
   1.8143698530580983   4.7570453134721475
   0.730954174863675   1.8981968988079267
   2.3453217988560997   1.756683639981524
   6.426432802349361   5.103806351629205
   1.8759396918522104   0.9057991745835632
   6.395186535021342   2.322962839873977
   4.141131356994437   5.846587062704028
   4.493016171278327   0.7346904111299376
   1.5736086758027688   6.035898611689679
   4.067240397063173   6.7352255872072675
   6.314763372926316   4.540136989090048
   1.6653855005838207   1.4084605360073974
   4.25898070688618   1.9442424732036894
   1.7910922110699616   6.83067528902446
   6.477064192199873   5.5922632044940235
   4.341486883900011   1.4773503020258598
   2.683781360940137   2.4072883460831496
   0.03897472224079834   0.7644987489470073
   6.202622149221573   3.787535708674944
   3.817873991759319   4.2403593596051214
   0.1377042488170367   0.5431645405254042
   5.742519329364369   6.145434199518377
   4.188336575968698   4.524904734686038
   4.618427926890468   1.979759277291305
   0.7360994906292421   6.5008707668330565
   3.0118256020679457   6.355939120226559
   5.497373801659732   4.9619471228826315
   5.915300279847843   1.774881595370073
   0.1660971685043463   4.878909642970385
   6.788551480707332   3.0383100897511515
   2.0721062032372215   0.995968451022542
   0.1631741214174105   4.808033403021797
   2.9497594838106993   6.025693074954942
   5.429118960535567   6.33660328457915
   0.4496261159615247   6.109300855470661
   5.817937277088922   2.62738160617017
   3.032854745041668   3.124067786921901
   5.964127375853894   6.234195813252182
   6.363429360118426   6.85614057261351
   5.760859542949867   6.581652711891658
   6.257849363559907   5.712302217613133
   5.530069555169372   5.076833212683283
   3.6648623314556366   5.5182712375209295
   0.7993706395319224   2.391488827150707
   0.02970821922471767   0.043880572596415535
   1.2194437453736138   4.121005851355129
   1.747925481650814   1.2070145177196558
   4.365530093578772   3.572306645574044
   1.2330998338740837   3.438446405428989
   5.345355585039801   6.697500661073105
   3.4110278144289263   0.4387519807993292
   2.2832842274900758   1.1735006937236654
   0.2095984357685794   3.5262391701379454
   6.866702764082138   4.329966926222241
   5.839285797326318   2.961363685270487
   1.2256027502620435   1.0488354722652542
   5.353478257733403   2.0383703427108655
   3.47003764080212   4.898345942215555
   2.140960115175828   1.3589251507703417
   4.232590390449725   5.622870631965139
   2.6346917870272657   6.5452771821005955
   6.554201444492984   2.687003532853119
   1.6216253863944212   6.712007727649303
   5.411666012817413   1.8682630376015572
   3.1076274661365932   4.295705578765529
   0.11382121445566928   1.9074108051839849
   4.729663712598552   2.3409250129612795
   6.690903042426271   4.958787930022984
   3.2142401792997597   3.058557192775769
   4.267767328076837   4.035218024999496
   3.35667973817786   2.4092712195097956
   5.246625776142212   5.812925282064032
   6.440147364102518   1.6199529032012374
   3.928662299435695   4.051563601535979
   1.9264272037333217   1.9150930497376186
   6.976354623002187   1.4928527762407278
   4.632285491109115   6.337850117744986
   1.8595358326166695   0.42846280374499934
   0.45584378339138265   5.347038425562796
   4.138194071110952   2.1736911348572265
   1.036720741797441   1.9065599666204105
   2.113718532278768   4.448119917793307
   1.521785598059909   1.0328296236661583
   4.027757413433664   1.1478443256811026
   4.865206385137965   3.2335097005911777
   4.604071706899693   1.1960074772234353
   6.8170563692452415   1.9573992126971003
   1.313721873694207   1.0792783398107915
   5.949082612785167   2.0805909453039537
   2.297641547074485   5.317556118974867
   5.729325265353474   2.578037645754307
   5.403107903974283   2.4725833075170693
   2.789110342294   1.8724397055274533
   2.281835792289601   6.378299270391473
   2.126526475394848   3.913891269686684
   4.957375930144692   2.0716617620630613
   5.05983407032727   6.823991639901429
   2.6982152887232576   6.417316168261044
   1.282333779703445   1.9371601782658519
   5.430435203342946   1.652887139281827
   3.377068258048111   1.2896552141030702
   6.2899930753162   4.033817049934178
   6.625305395215799   4.043333679848255
   4.249657981474583   1.4275762095351
   5.887098314800512   5.986447765502302
   6.059336894986063   5.096713652489896
   0.7452919998421846   0.1278122328835447
   1.0109929166413436   3.018619686294438
   4.986193635053723   5.493437556600023
   6.280566568685968   1.9170196423062258
   5.840700762233189   5.546256175436427
   1.809270403087008   6.726113195500487
   5.2290222422456365   5.179836276626071
   3.8653418684102285   4.472925414854703
   5.540211254256956   0.9860063991400589
   6.5747958998807   3.5468348839501123
   0.23456517250382536   1.4640834518149652
   3.825933735007528   6.027387662597846
   1.7825349772543824   2.0259211009949003
   5.03732267907683   6.162410755631774
   5.148120308341488   1.0562712395991496
   4.332672651512194   5.228081749438996
   6.1878135970766985   2.91197131219008
   1.6884989183361436   3.8610135448723057
   0.9679928043797911   2.5862469470667295
   0.6116674872405281   5.529558384838898
   5.10424829697553   2.8259393895152165
   0.8638832486043315   1.1074376233752026
   5.7954632233535985   2.7697436786237843
   2.6788907616794226   5.5274474727960765
   2.2635562299689593   2.6745649939320524
   3.815620494434734   0.2263941332376077
   6.816628490443543   0.014876505362326986
   0.6567199404756838   2.5445557920577353
   6.728844445745223   2.1764802906327816
   1.3968748989495268   0.41387056411020373
   6.574709652664999   5.12135398737928
   2.1690335810268193   5.5586985142847105
   3.568498890503491   0.7742811377791997
   3.729110015476773   3.0413974541193407
   4.841419100115849   0.4747438497072677
   2.060951053362611   6.312112729005045
   2.439679741412503   0.6490746943979725
   2.9733138617093173   0.9680666934859368
   5.145981913816483   0.8881395660128147
   5.4393139758154065   6.192291782536267
   2.0150163452991667   4.864849745239546
   5.07625877919325   1.3251449970795621
   3.770404674946738   6.9935693105800265
   2.7799999165606923   2.224088756173112
   3.9360980821921023   5.420012415700764
   2.112892559983405   6.9881271813044386
   4.769585722210367   0.8354948150462944
   0.5981639449767351   5.262929090364252
   1.7273528065562829   6.733430914761467
   3.595953986212173   2.701070673239143
   1.324859931361452   2.068738096085804
   2.927500826529615   4.228979376323174
   4.853906839910829   5.842333491502946
   1.8739056414705368   0.5680576085108522
   5.4895733074749336   1.9131859374402844
   1.6046222455889643   1.9721136256483698
   5.85702176629656   6.339402982388258
   0.4882781306748344   5.37662704106127
   0.13527884721969774   6.767611709268762
   0.1046423192673146   5.1075214838488305
   3.2506989271955726   4.826412395642576
   5.111520705634791   6.96802012696278
   3.6571501612598594   5.134959140655271
   6.4240655259180315   5.91180246251542
   5.61304890137794   2.4117438146782177
   4.436450190371555   3.619084716996767
   5.7472037403479685   2.261433625963666
   2.2570703635388245   3.1193902909556703
   0.05601681412374282   4.529136683678545
   5.13839252539845   6.150679560295387
   3.2939261987736117   2.641742186556195
   2.4612831224861136   5.209149949564685
   3.007058622978902   2.105006453433748
   4.781112110719226   2.227425440377816
   3.216898056733947   4.292827825027172
   5.559134931285055   3.5209919551363202
   4.986361675734035   5.85167959838866
   5.287620085358603   2.063643915268832
   0.7950098215949374   0.44844048870373443
   1.770896094862069   2.2923474513145146
   0.8132041140900933   4.213887808387851
   3.346958235647749   1.5003295748710368
   6.796862398996426   0.07689064033537096
   3.825481144754972   5.454348309310481
   4.425045323464663   4.24586522776152
   0.878048887768521   1.1679984169789366
   2.471946498534432   3.3743260359482097
   4.545119402938533   1.7775551140828285
   5.242942367481139   1.4463920146240163
   3.4217086763226012   5.200256742638327
   4.211194890366087   3.135878177172315
   4.949983070660821   5.707076980335989
   6.7668864329868885   6.329129083955716
   4.081915553502119   1.712933224393282
   1.4355005606945939   0.657020967718374
   6.378868217622868   2.9769282118506393
   2.834651251360972   5.2555866293372615
   1.3874265655494538   6.013620060592028
   2.0207949875580575   5.567485485762869
   1.8720217781323667   1.8434635058767492
   0.727750077506661   0.8080709218284385
   3.194837377858798   4.256464148209906
   1.3182807844230735   4.750074392845336
   3.8122077912472787   0.5277369768732662
   6.05809157551335   5.72995307609604
   5.504178832782405   1.0070548653635236
   0.5784108989984146   6.246720569039649
   6.570107712624221   5.206628526717302
   5.118931766077811   6.2106023525826295
   6.808144494275775   4.932249135203991
   6.3372103358538   6.804132504075695
   1.6501472527765202   3.6425802801176936
   3.1337126454396786   3.0423306586021956
   1.3460408648142654   5.57978083174991
   0.07353139071563164   6.461371816484347
   3.582845456075887   4.291788437748057
   3.5863841615345775   2.926687635756708
   1.3835569928807792   2.962495773042716
   2.1958394602600246   6.331704126590514
   4.559776962734773   0.48069300506387
   4.56680104373884   1.9574547176436736
   0.3894449999948357   6.412057119560296
   6.167120154504692   4.48106995927875
   1.5572440547224202   0.9906094454671142
   5.8147887206682185   5.057678327559683
   0.7302051684928773   4.916965083128739
   1.3265029502277663   6.555517684667186
   3.444750001546381   4.140346958407762
   0.8964738382674945   0.8980878360046217
   0.25387228228247816   3.9097330001027464
   3.7161953982211613   6.559941991216342
   4.324369211617175   4.206655292769006
   0.6964699097148095   2.5742418377057286
   1.8839927416092384   1.2180673769931245
   1.9723205672574156   6.940473602347139
   2.097106487438835   1.772345995669001
   3.159515121845505   0.06974549949263398
   0.09488919621308922   0.6448901550651852
   0.08825210265606254   1.8728608626211534
   3.002340420956398   5.341929537639433
   0.9651539248546193   1.2828839469022915
   4.889305503618843   2.3920526274787326
   4.60904151202885   3.4091903127171355
   3.626443070840924   6.314614475084013
   1.5690566658174512   4.144014910231525
   4.649525992772304   2.2925802464206866
   1.5655285617675512   2.8852874529515744
   6.626671740354073   2.154510664671896
   0.7945713440283414   3.1010641897563636
   1.983062413461489   5.56629457240309
   5.206732786867863   6.741142989185068
   2.166424736802475   4.34788003071188
   6.908101592234885   2.0004679431468473
   6.434001769423295   6.563655619040516
   3.339116006725912   0.6567071690220049
   2.8079558359885812   4.487281333257816
   3.8619028234511092   0.14090592849118644
   2.6811109711243337   6.712667768389805
   3.8313113982598477   5.65539713706689
   4.3586413666767525   6.572448839360664
   3.1378928900515737   4.0271679848738415
   5.5937897850321265   4.633693814017776
   3.592913034855991   6.57765986499074
   5.916892500164626   4.3677517102960834
   6.376068934059621   0.1014998136217723
   0.26696618997314414   6.13701994180139
   4.085919408483506   4.076935428708689
   0.11380775521386521   1.4060764584239864
   3.72112474132322   0.4797696641605981
   0.9060297375649616   5.568016153471941
   3.1774232267010776   2.0403636578088125
   0.29665960728194507   4.978976000802936
   1.5708635641976825   2.4698007880514368
   2.1828935329966965   3.714736246759346
   6.892144183297484   3.0865782515304776
   5.150306822294895   4.202930740305566
   5.159997752647026   5.399213507774927
   4.434281945612882   3.24279940590711
   1.3733957947460487   2.542932168743187
   6.002629480992454   0.0015627501168967717
   2.162931775159262   6.030119521208433
   1.8233350306533713   1.3723991331900345
   2.111081175822651   1.0544980211457704
   3.810077427466454   2.593649691905238
   2.249118978460169   0.588013800830819
   6.3356253634447075   1.2622818359755321
   5.245311506424519   1.7271864948259372
   4.569428221304806   4.826779595701563
   0.27459007558053883   2.182206447830442
   0.23067988417154095   2.315540017649686
   3.504240967704148   1.4573279375597774
   5.651846004964728   4.446492453774229
   5.543243346183034   0.14513949507231982
   5.3201005248231485   1.372062752027353
   0.08471132586087338   1.8500594589883745
   1.305338043790438   3.1407506431540484
   1.3214919831544851   6.567930862637937
   4.193378563376534   3.5024868770995847
   4.534300306782872   3.8788629418214606
   2.321700298144874   2.949583659709968
   1.5398620636920621   1.0594906163558102
   3.262494547110778   0.8684954992924937
   3.44336834804187   1.1885949030455303
   3.6140452907483707   1.3797487090438019
   2.365135796578201   6.50655272396353
   4.246399929657602   5.86430322822787
   5.505695837424809   2.6943560545273595
   3.201009209178721   2.3142531064908547
   6.076631594172326   5.361966155467769
   2.466471272755594   2.504175202546282
   3.25630537235071   4.8785398852143675
   2.8437293683089226   5.556580709497705
   2.4302174462065174   2.738588887421429
   6.074033626699636   3.770822925413386
   3.5450634962898544   3.938407749244304
   6.331685165390345   2.5994671351205234
   4.443648883142821   5.336128188297852
   2.0810447227639424   5.389519015634062
   0.5546539952925077   6.686531294633576
   5.163499024426237   0.9580665596098857
   6.28682670232776   1.9782725700735049
   6.815034974814254   6.242777595933691
   4.92151914044469   0.8564486216213346
   6.118789262999834   3.157355113595789
   5.710568404559021   5.287457062114933
   4.169396018622972   1.390440703247043
   6.268358821041577   1.215875474725225
   2.9671687183446958   1.213612678911605
   4.197486063058838   5.77460703601922
   3.770113464105574   2.4100179119606837
   0.2067853624557826   2.639816866658691
   6.310482578289422   0.19982961303853974
   4.768564624623134   6.371203228430969
   4.9300343463673535   1.522119189870925
   2.6187250687264294   2.045922576482381
   2.3043812878728556   2.2348786947414783
   1.129035398949438   6.181012929714692
   4.01176635893857   0.7158289601141697
   3.7751607895239836   0.8444289473578765
   6.755318795864018   2.9862995991887384
   2.5871368062122557   6.978830037659718
   2.570301389095531   4.838860502212606
   5.60081015014718   6.305033399057946
   4.839073628758874   5.52653718705384
   0.9293582341242653   5.733568474709927
   3.3964550667770985   5.367339030570538
   0.1433325446635313   2.9930428810580936
   2.436882587101589   2.1324780474182736
   4.185758396549191   1.1830522415901072
   4.332220114554616   4.32005357449154
   1.0556583313062793   0.17714116889571208
   3.835285542629603   2.3681290302143987
   4.968953784134387   2.2378453019696454
   1.4791244278537927   3.532022712345649
   3.6500342168583675   3.8611181593220008
