   0
   6.075800042704486   0.6698840014263472
   3.0485730450254556   0.40524444767091494
   5.7312283692457395   6.14495173447629
   6.6444513291490965   6.037116071969908
   1.6134760310516967   4.333537521464674
   0.6666211073411253   3.993511632627332
   1.204074417750004   2.16380928830474
   3.075257387303752   5.174702708895082
   5.327019828189988   0.9602190145130614
   0.42236459769371615   5.591741143961578
   5.937185148540087   1.3754254764302147
   2.7368536744563654   1.9078134333590504
   0.14099390449834903   0.2969922351434665
   5.188372266621374   2.3596293827927917
   5.008893274212996   4.902415747725595
   3.049878634369226   6.829565518557754
   4.152254643724985   2.910060707461136
   0.7514095009340211   3.947685767088044
   2.919161137287851   1.1663512580067557
   4.058700416803136   5.9299051819032575
   4.414131183644337   5.021093627797573
   6.620283800363472   6.404465031578624
   3.366160670182221   5.47307745934519
   6.305394080618278   6.743533516537918
   0.15755412497404708   4.817123522776577
   0.9024764231165395   2.4001462905701016
   4.082850037534076   5.4915269123950115
   3.8643014832375138   4.4528487751312085
   2.1327302205605347   5.01135833585346
   3.870654050157264   1.9813003697990355
   1.2921434509950145   4.278368121253842
   6.0332692318046215   4.035749915164753
   4.504953863204358   1.182254709521486
   4.590156013051497   4.821689860193845
   0.08926441420971643   4.2508370146279955
   3.927656238046287   5.298144254825634
   3.4881511190555647   3.1681922678121306
   4.72854712795329   6.683945642317479
   0.809878105796307   1.2600918818942397
   2.9732080775626013   6.381003470710672
   5.6497498891156015   5.5450964485941805
   0.41833434042357853   5.556963864962798
   3.192596652364897   3.6674384399826288
   6.0438876615463615   6.081812403237719
   5.570467929913061   6.964350576917322
   4.793937693047215   2.6838663443673765
   1.8944511739967227   2.075765996134851
   1.7407595781181215   1.0802529712663205
   5.2926164360609   4.8783430078211625
   5.5740102219083845   2.445369775678346
   4.6679223202126625   6.118540600151651
   0.05802037544271432   3.9079681312103407
   2.740507942980743   5.930991646631298
   5.810200892520897   2.8134047934336164
   1.2581264645595862   0.45869787226787795
   5.432267293486199   4.2522485472233615
   4.046567556353518   3.040590788544288
   3.6734552334274713   4.839832098082361
   1.8287479719917141   2.899779053335821
   0.9211026712150508   0.933487168509776
   4.466736005811714   4.952323472142242
   6.898944179434038   1.3950957986919859
   6.475313716248226   3.261655623312679
   5.007163146082396   2.6462443281883195
   3.3187630600459213   2.7877822546303688
   4.2607193813236375   5.121660615169778
   0.13440229541278736   4.423183374875523
   5.273671967838447   2.303766838676835
   1.1269813133088258   4.868844889144258
   0.19718429447246089   2.317075124154952
   5.94738198453962   3.684133009243747
   1.9476047430534   1.5758063578822998
   5.907156846480795   6.843244317597911
   3.4584790424422662   1.2115053449764082
   0.8872715946158893   6.348738193186409
   4.056564063916449   2.959579510237687
   0.2750082851480967   3.8891809718871713
   2.3968678985851644   1.8545821536835105
   3.2073168685852984   4.183206736134732
   4.695456727713337   0.47371342009368866
   4.811990392779441   6.526319143852479
   3.2712289985109892   3.5764067693911477
   6.019878200478671   0.14953786038567174
   5.649066340688806   1.8150216970560393
   3.871932313292148   2.310510462179456
   6.686734448450404   6.737556914327295
   0.06422079590852892   1.5679888763839247
   2.366616003623631   4.567952392459821
   5.762129260950911   3.439590252504228
   2.0408186169717295   2.232939195675934
   1.4718035293600389   3.6105360614605426
   3.0344144465272587   4.806554896271859
   6.982476780963235   0.047588515050371205
   5.596525330633764   6.964329632600716
   2.0876579816137815   0.7776726889370671
   3.242679736081056   6.178805989761001
   2.956243614549109   4.714701035294063
   1.5543310830297754   2.24644730284753
   6.656454069194897   2.7608879107380035
   0.492633140922228   6.3131415538408
   0.43607693356073063   4.470362831370914
   4.24353429980209   4.861404753395475
   0.9318423410243536   4.843171474429056
   1.5399585822549968   2.137036078124769
   2.5188323797993877   2.316768358485705
   6.304307299695866   5.226377385388982
   4.517671596791623   4.739885943815441
   5.320720202725053   1.4474742279739714
   1.952824812421949   3.0501829166632666
   6.4815032368562635   5.889338743526653
   6.999669555291638   5.532352186328649
   1.9558322815003901   1.8231591701262584
   6.171090894732482   2.9073879610176143
   4.401312526120938   3.3177017818229064
   0.6761871569456986   2.096490474338826
   2.0801750194217536   4.7182986284808734
   0.23425958021362359   2.314603978566605
   5.451861297282416   2.694711940682669
   2.946593029205698   6.178862077002046
   0.4924500570873628   1.3278165520256504
   0.6166228286367107   6.766235977702113
   3.6388475796157467   3.188436957533164
   5.165918646907301   6.022453533317447
   3.8718699277379702   1.5638299583207966
   4.519000891021164   3.6107838461832777
   3.037307188951268   4.908193143927516
   3.5243427502799367   3.1945496825469784
   2.057773899647195   4.233237947907386
   5.141995693825628   2.271262258684353
   0.21060371473630324   6.513256337070289
   3.260111954048796   5.019036234513017
   2.1382659223510414   4.256264069830554
   0.10322608744663964   3.177473902232573
   5.71773630044972   6.188698458223133
   1.2644892917346369   6.7654787382375385
   1.3439662448024599   1.515798564258936
   5.932139584642675   0.43747877086720277
   2.5800599798916286   6.453194808850875
   2.8873262204268357   6.49731951374908
   0.49297236763079055   5.677381193003767
   2.325991694102088   6.025604288782395
   0.32851002008740227   4.013644549434103
   4.501850299522069   6.231536745663899
   0.4831213669785218   5.069670923148863
   4.600590760478816   1.0143406300610147
   2.002426650104259   3.6314496482707543
   1.1372629734687305   3.812110067532967
   3.07764940855741   2.465244478446493
   2.519397695030265   1.1274618740909894
   4.22107115713303   5.715294901654953
   3.2377414974016894   2.6496365747909003
   3.980340020009798   5.351568719838782
   2.4345777258702728   5.641721797866787
   5.198930407136187   3.105273008904014
   6.356438131855903   5.229438935441156
   2.946255636365585   0.03199059084375899
   5.423596107520714   6.414462493026579
   4.32590019772004   3.263199650554743
   6.343070801905693   0.04051250909528148
   1.4241480025436262   3.6465864077677637
   0.8549519459929906   4.564484243749237
   6.683443926837487   2.833959267493887
   0.3336987119966318   2.327653195654614
   1.976637618900687   2.952717098956878
   0.5666439044752075   5.083517095986464
   5.617818080214543   4.292729879358065
   6.6012769553546535   0.8191091170055126
   4.474259221936452   3.4551311208950173
   0.5909618937022265   3.405640311529474
   2.2414597172554647   5.142925605959521
   5.075583244160904   0.3321031205770102
   2.8094652072418573   1.22545972566098
   4.109198147005937   0.71199144123712
   3.4836302224850795   3.8797049693026873
   3.091111373071638   1.9085650879609068
   1.6266813269419453   6.500948341560584
   3.0698711061201074   2.49811011568951
   5.061406799344568   5.683886612729598
   5.671524803042   1.883422341294781
   4.314508915653413   4.902266811745829
   6.65405650866437   5.68125969575378
   2.492117068634685   5.561114934274235
   0.4092637784895178   2.037789268924584
   2.256165943199557   2.860243034948159
   3.5214194684601705   2.27507099470695
   5.01831163843681   5.391123059864995
   5.748899521218354   3.7394006558006008
   4.084262347646237   4.591364995762535
   5.520540531443478   1.4088512665566135
   1.0663652617859951   4.101934140987487
   2.232831678305521   2.722632187056336
   5.436002103363787   0.7118919213627087
   0.2971294461730317   3.218902307125913
   0.6098032743186326   6.93384365642701
   2.017917612734029   2.910452349453786
   4.454907112600014   1.3304209602441293
   5.983722604480589   6.889191957778912
   1.5584453363286501   3.5080313693503635
   2.721633729837108   6.430649772839354
   2.0351540714176353   1.2087517366508707
   2.904454292631507   3.8687224932743876
   2.0444612417544814   6.164640351785847
   0.40635768910877734   1.7286775764366167
   4.554622475571065   4.33089408104766
   1.978498073620574   0.042938879772510985
   0.22643139222541764   3.785172197147681
   0.2603668441169702   1.4294621521343425
   6.592742361626758   5.970059777825551
   0.25577162236935536   0.38652189695033035
   1.9825075853086953   3.064038701337244
   0.2841471319430652   1.3505165414362574
   2.8792390622829442   0.09348587322704283
   2.7684983616682937   3.374908849480185
   2.613765202618044   1.9441155344369156
   2.0406064510324398   6.818704742995616
   3.469868317212778   4.694929498060146
   4.632219690016394   5.181886705364789
   1.4288433335441575   0.681140739078079
   6.277783671790117   1.192999037101416
   6.895234168058791   1.394681070184327
   4.0798513056639685   1.4406001256127792
   4.830964181038128   3.7518032124206204
   1.9826514389771823   6.245574838647108
   6.778783761213619   2.3969380739625956
   6.862378304630324   4.0953189619781485
   3.278427607205466   2.5703621824332146
   1.174601771925404   0.8035868860327295
   4.17007414687217   4.644382995956649
   5.199782087615296   1.6213091997152254
   0.23967253022019863   0.72864486942027
   5.4972120479310504   4.803970182295974
   6.589402433824809   5.759809960992193
   0.21579244972492684   2.6401493665234645
   5.014001082470739   5.224263291330731
   2.4168830347025927   0.6636098610015827
   3.529896839717731   6.114643282792926
   5.540059921938673   3.7078396703397662
   1.0390567720604393   6.891894952553603
   6.586942437052212   2.6172227151817147
   0.9131568148521894   0.11419210823184778
   6.511340434386852   3.8030431229871855
   1.0561534441936025   3.0024729121389884
   2.6858100568012775   5.4252960743245735
   2.7445416046410016   3.5394843172443147
   5.165287839752269   0.7928063817243116
   1.2545450850263964   4.7451243906646186
   4.787815475540544   0.6044251509279249
   4.964197775726879   4.535524222529961
   2.9404458974781824   4.903101286788311
   5.265734151132537   2.0567076361658807
