   0
   1.8240296167961723   1.4396955996577439
   4.113922574641281   1.2062790632844296
   6.50610203056095   0.26161371230372354
   2.4790278594680712   4.032407358024385
   6.8721745643826395   0.4084337150972416
   4.752889228589334   5.98858191907108
   4.722723853371119   5.188276918200254
   5.691427004430216   4.8102091465703465
   4.768138258716672   4.61694221743493
   2.0694408863575844   1.492860956952161
   0.5233813491259297   0.5055705484152064
   2.6172935216561743   5.3691769449281495
   2.564644772107866   2.254134060825502
   4.980827394789964   6.095189989103638
   3.397961926484035   3.5194192472598997
   5.211802369571779   0.48378705846051084
   5.946587266628237   4.8939514369151755
   0.4123653314790391   2.825169587301544
   4.889533572386962   6.9188259561816166
   3.242012315853515   0.7550722507684727
   4.777992553126704   2.158686806794672
   0.049222228911531496   2.8711507293576686
   2.0194540894836797   1.6911179471990838
   0.4123992100863404   1.1563434958211198
   0.45117206624997974   5.205485497059661
   4.86597151059143   2.845165959216168
   5.325211796928326   5.967791627045501
   0.5474565966859453   5.664788891808453
   3.096651521116306   3.18837348489042
   1.4300129407785334   3.3974066592749437
   2.4445921115526925   1.828308355389951
   2.702458639223966   3.4437923641826615
   5.462472586446794   1.5981533972906896
   0.7249510164702951   6.520093821455361
   3.92976361802705   5.839177587441452
   2.8234778499766264   3.7908155415869973
   5.0214616039662   5.13251302740032
   5.9900261554188585   1.6305834711332805
   5.724876636851169   3.8556766115248013
   1.3277524393731333   0.8156890307679265
   0.6150574893344245   5.498690488257033
   0.8216907437327061   1.2735529309115348
   5.490770454338283   0.36354626902226084
   3.7254956227020997   6.564153814312489
   3.692294835347791   1.301038585837771
   1.5334263050145462   0.03210923480898642
   1.7103786248033999   0.38801041480239273
   3.1542432112201864   6.051498527919959
   0.9525324229710053   1.9158330011415334
   2.5198936981226736   4.98766541045973
   4.258431481900374   2.7474591835329107
   5.446829791012738   4.421134957825735
   2.950525194947366   4.00566847992017
   2.1215093198013695   0.8184277652898293
   2.869044591316319   1.1791427247635091
   5.10409007752091   2.1929573586243465
   6.9724300540103155   1.0757850642698934
   4.235545008368724   1.376336608559099
   2.6847906649917745   5.6142177148003025
   4.293377887401706   2.3163273584148145
   5.241340880586622   4.224670494390333
   4.669839461455066   5.3323068309413655
   6.820846224624352   6.629490022551794
   0.7439963428537754   0.4925295821286728
   3.2609463134122105   4.991280136721068
   0.9852213152214176   4.229609052446606
   2.6278082919995214   3.8531987058415234
   5.160634514240757   2.9815404379666983
   0.8559026108611347   1.9512198887596468
   3.322731541588969   4.0352382297449685
   3.0867734891415948   3.8521836201319855
   3.5259016649040325   5.857956188731921
   2.217518630731018   4.464235763703885
   4.461743902749239   2.029110485850146
   0.5202750865989116   6.777781764000885
   5.4130559207726625   4.430920510360166
   4.013343107968813   5.725351693667656
   2.1050748224244913   2.620933853678623
   6.552670226394078   2.7977950083927774
   6.180018059275775   5.292898754671048
   3.369249338379835   3.022002957551521
   0.13717520681442608   3.4345960433751594
   4.003571345485387   1.091872717211178
   0.6657675009355148   1.212140735416686
   6.282612298131908   4.849505677082064
   1.35150240688113   3.7499130995287837
   2.147915955970692   3.937655087672096
   5.7602099986023365   3.833675864636858
   4.77517054293214   1.287208170325296
   5.893159691655944   5.141582944788747
   3.5262686514176145   1.1650181624349267
   1.9686157244867553   6.903685431179543
   4.8441656740634444   1.7876665358883375
   3.412903562536866   3.905186267844995
   0.23894871324042488   6.005766811318244
   6.841716989178998   6.482094544543951
   0.020356043945619406   1.2811898920363398
   4.678607790728011   4.610080681982949
   0.4075765085046523   1.1161167910786274
   4.8925625717265655   3.3582279622102824
   4.091495454399619   3.2480965487034767
   6.140279866078035   1.8690298298662231
   3.237634087088235   1.2993122332141036
   6.371220972050921   5.63437446192997
   6.29987346812577   6.161028257709089
   6.694724319953902   5.164412995678617
   3.8656318657286914   0.20572128504634912
   5.018425548910395   2.1921016302077314
   1.072507304263568   1.4496626196143447
   1.6459449074683605   1.320857161049302
   5.9244763374985245   4.0377522381802935
   5.669257766245317   5.506166510760154
   1.092583346703587   4.890169697295146
   6.607380476775941   2.964135970657229
   0.5106324153224734   0.036936676841930804
   0.3279595814120849   5.020865079417497
   0.27073901833007075   5.07175682622146
   4.84206844045623   4.056181142569087
   4.986673731302826   3.280521093573915
   4.0849709373718905   3.053664372477443
   1.9247794512343122   1.342643342731463
   0.28682895561510424   1.3460467733438906
   4.802814656928597   5.064911157856846
   4.997284174651741   5.940961434520943
   5.226424243480988   4.387811045682957
   3.256563675568616   4.326672646653252
   0.2710181482457652   4.9033137880743745
   5.803210855756936   5.890811191614788
   5.723674612296466   0.34087310369763413
   1.5747634835918354   0.03728955099954545
   4.975273650450926   1.9149198042303113
   1.092653287239223   4.757470597308962
   4.497399311351052   0.08240508506401634
   6.626318080670088   1.8013107855806485
   5.2516372362851955   5.132968608897303
   1.3039759713294434   6.702598080263609
   1.26072883969323   3.127082543598798
   6.578721889888993   4.739552494805025
   3.9216293079260724   5.009044401679547
   6.668569220184857   6.457956214608396
   4.4598540673830955   1.2519681595295502
   3.767768992938525   1.6486282100492926
   0.21258219321627214   4.140941150189892
   3.9741996952733705   1.6544582586450842
   2.1848226126297243   1.7682933380850976
   6.993833073835368   4.584359769775488
   4.548533748238214   4.001444936204737
   4.768241200180191   3.432405283452603
   0.448926018389896   3.089075335156167
   5.224822008249014   5.2400497358298335
   6.6452572630646705   0.19537449862747303
   5.371879498431934   0.29775375469449894
   6.145272784317022   3.9949180984186548
   6.951907089398802   4.959457424886154
   6.093024356388959   5.522225514834101
   2.826385788475285   6.939262323196542
   1.739139102474231   3.7503359635817253
   0.19411334750943032   1.9743244551667243
   6.360694024338724   2.8717613717321644
   6.64255026047239   2.4713563837427546
   2.504693030703286   0.9729468816852452
   4.897870484405571   0.20629166663335452
   0.9047195745405913   4.72989435133061
   1.9743728182910645   5.317557645189803
   1.864684942990516   0.9078778114310521
   6.227615834869226   0.7230520109299097
   2.8166700007539056   5.822201286003344
   3.588101504732894   1.699321808751574
   4.141697435172286   0.509726501231557
   6.993542982931173   1.6885829903531804
   3.192858207143676   2.1724171388575177
   5.747714513833883   6.445127373074698
   2.7795494550215576   6.484423077271131
   5.212589687344923   6.397302668438587
   4.159669247496768   6.6032504079270895
   5.8879384665973244   4.5846587151109
   1.8434480958283985   3.1933350885690737
   5.548760569806783   5.73199236205107
   1.238183752616867   6.456864174681179
   1.695897634450066   6.942930064037365
   5.357481518664374   6.071959894726198
   0.1288753516968988   1.1353306112623422
   1.4816889288912845   0.06236601756492932
   2.9724865260115503   6.699190231524959
   5.788046911830268   1.9655490382710337
   2.979840126913395   2.9348815890589375
   4.569671414646047   5.227651393373308
   3.3945606779289728   3.6254550806839356
   4.731807004831125   6.534006036046688
   0.0835313613391282   3.6113815562349925
   1.7918872457558712   4.782943967945944
   6.049039577835809   5.469509839611746
   2.6167699319971525   1.628404474179105
   0.7953897414347163   4.3501677230576785
   0.6060989926462578   5.953375360666766
   2.3600135874054002   1.6972250604746417
   0.9750848678591234   0.2914672673730664
   0.1228153878896252   6.9655933838295505
   0.20307777139532868   0.08795065273006308
   1.7799519749547508   4.55903098990498
   6.59614702985335   5.784352663225074
   6.109460461589611   4.038271443310959
   6.262461703540503   3.0222409241132837
   1.3661021001779867   2.1953926391780616
   0.6186084863278111   3.792089677691695
   1.3215093739806936   1.8549920265190494
   6.83306482435908   1.1021481782909521
   3.1131755566130277   6.246130580720708
   5.369883932329039   2.7100080730159344
   3.182044558788346   0.49115790764246103
   1.0212308827013465   0.6460847019409978
   6.663415434591991   0.17843043741827636
   5.5117500094579785   5.663504573323006
   4.649588069326135   4.125579120800952
   5.920824728293682   2.372913418221333
   4.765137433189083   2.2983856218857226
   6.800628636126054   2.6634914201152666
   5.486915132960244   3.4274733568625857
   3.968456094668727   4.072989664092002
   3.600837784373038   4.160915405550302
   6.521148908636676   3.0498687021073856
   3.11623154374012   6.605514604283032
   4.657529360259174   3.549650793798537
   0.8559646294326588   1.842904595795678
   1.4015820552863936   4.125365883628667
   2.806810555375079   1.4587734567817205
   4.294711435954972   3.608495864384098
   3.149443463949633   3.294406014395909
   6.569743012983705   3.6320965215827314
   3.691181312029303   5.519393162595402
   0.2324148559828093   1.6217993541050022
   5.197051465994947   1.7327514817943712
   4.857951074571204   4.4731670577879274
   2.8559631752634926   6.126846559207943
   0.7608851433178871   3.9454035165501082
   1.8287360698428892   4.79441380430772
   6.515645106049484   3.8316879011678364
   5.503440540144707   0.02361395243397768
   1.5934923949603563   2.2154321217952098
   0.7309692098648108   0.9094642692664465
   2.138246668507537   2.58952648707178
   2.929970360536053   0.8121307866938332
   6.628813081196661   4.302170030930682
   5.535231605969412   5.113468823174983
   6.370862528095143   2.6981484941862144
   0.8173173416662022   3.362844070121941
   4.423104246802916   4.448451407447614
   3.623721905265887   6.261667281440704
   6.69542526071061   3.9038898790985366
   0.08301032384198581   1.013224263029572
   2.5567561604646265   2.8699016898234917
   1.7733838517732254   3.3602784839844686
   4.359859627492638   5.9800039792738415
   2.2858126770874305   6.1475759221514155
   6.8283229405125985   4.844375763714243
   0.5093439519191153   5.479776527593019
   0.2578735842519029   3.367827439741502
   1.332401743040345   5.497489167485124
   1.9597213234204311   1.0679373016314881
   2.7888558847415337   4.464979998398647
   4.317965095253406   2.879408223324869
   1.9813510305089066   0.2527784455512736
   6.246193608841129   2.8047217606658816
   0.3868429249929881   1.4067994918086342
   1.7102379296921884   5.863939824789445
   2.3905066023889265   2.8227499778799974
   1.334626355787956   4.108027641056948
   2.104133741441406   1.5904869600458909
   6.929622983142088   2.9903455224375075
   5.703855793439705   3.837642438851409
   2.0638211245073963   4.139979695713752
   1.6694848725761373   6.385228680300973
   2.56409595538723   3.548356318137966
   1.4239769324537521   1.7300853287858322
   1.050308473570897   0.3671071810189791
   1.9564835209289604   4.289929608136104
   2.306486935988719   3.920425929932861
   6.066168051856095   6.98641807394309
   0.4533007244222914   5.15918214287233
   3.8864243332969903   0.10002814497601287
   3.518474241464078   4.626827583444629
   2.3403456052013234   4.907713224091541
   2.1023766326079496   0.06865994168675027
   3.138253860231445   3.910188719247709
   2.405358316202238   5.096274870990186
   2.856808515746834   2.4703483960820867
   3.9214915482261823   2.8180671667555637
   4.5366773530064055   1.417714600018225
   1.6102072586806364   5.0644118940125455
   4.101960401962675   6.6259704905500465
   3.3329074043664217   3.772679613090627
   2.7395203918880258   5.741523388056329
   4.785968481255644   1.2525158443551048
   4.180083999304825   0.13069490047974264
   3.074635020839362   6.425834897454867
   5.595439221607385   5.721532244878956
   1.454141768031434   4.728755205980821
   0.5672622408883268   3.7433855856875655
   2.614984887360823   2.174222856075872
   3.293075260639081   5.413292227618571
   3.2086042232155547   1.1043481408211346
   4.873537878070452   0.3828573237986549
   2.0978165665576287   5.410497831377359
   5.172744791715242   1.2427204070481987
   5.073184512782975   1.4669648140515705
   1.3594073031238065   2.5838455423863738
   5.502084393426137   3.7105563552936096
   1.8217598738717489   4.035768667213764
   6.571577361243413   4.70371671001102
   1.7027424890180705   0.3415874940907303
   4.449270602538924   1.6428244929658904
   5.824473308848597   4.887876455850741
   4.818193463708988   1.6160770591400697
   0.2622319624703985   4.184856580754491
   2.842299648075438   2.4768978849993886
   4.288141042283924   2.588049982665179
   6.688538226297999   5.979076939623257
   6.833438115297395   1.0672967697910662
   4.26952990691638   4.8188781783849635
   1.0156967622239848   2.0624108058687853
   3.877712773987765   1.447118514253333
   6.643562448231495   6.416897813587564
   4.857413452787796   1.9507510225808704
   5.9465316060020506   0.0520596940622986
   3.405632047112052   2.9587528346759524
   0.0810131837611403   5.4334568069973335
   1.0054189964593312   1.401147599774652
   6.236372434156893   3.990096774156452
   4.877551808840043   6.0427611179837095
   3.405868250317326   5.473869557890835
   2.1868131130780686   0.024834083509378435
   4.097354242301102   5.792644530427611
   6.558500375759603   5.17788885751834
   5.437329273909364   3.11509495888625
   5.74889010562255   5.618273028702941
   5.269378135601398   2.028714404627053
   5.070207571904589   5.10857068192277
   2.9642581713727236   0.23463578307458877
   4.396248494031959   1.8486010350905215
   4.743849550162107   6.683764135935675
   4.269124997264904   6.7689952721477615
   1.3748906774801846   2.1983821689505323
   0.7907039053003387   0.023364653110428235
   4.110891953220619   4.481786329912785
   1.614131414970584   0.21784955430646868
   1.7518217900933246   2.9956580359658176
   5.451434737314832   0.9783593436500057
   5.651126899199346   4.480774925844189
   6.082516565877696   5.736088400991838
   4.42835553590522   5.911316226529843
   2.8889536574338788   0.11091622483720476
   0.04311624721767737   5.406410103792278
   3.442838727215194   2.990073283429375
   4.752313050024155   4.074726214504723
   5.656497918570171   2.335978027280353
   1.3075602855819903   0.9388085615236569
   3.4432464555469515   2.912422717066055
   0.5533930930333226   0.9754972032378226
   2.7524332748584133   1.4923107120258365
   2.359344283151179   0.917181423701144
   4.223863012106076   0.7029197683601165
   4.560178633697889   5.785780713949304
   2.557265053367419   6.476191703249639
   6.288527578174185   4.177242489036478
   5.011822189671559   5.101818474445318
   0.762883151567808   3.078997417218101
   1.2388489213118068   2.129921450722778
   3.2413709058949434   0.48621309365349086
   3.907553465349709   4.837894182664075
   2.4679300268774282   3.28482954421846
   3.3093974607719767   0.6624983874475058
   2.522492163966367   3.790265305430892
   3.3209074410551462   0.9035819042678064
   0.5404599758419224   1.9703256644589464
   5.767874203758555   5.129805927204667
   0.2892477251285628   1.7392472763333817
   5.365716523272146   4.05954534234602
   5.080858699208068   6.786958592981369
   6.011368579772696   2.251649533400584
   2.9594308000444847   2.2035361704387997
   2.27138498528907   3.72102042751216
   0.531399650005349   5.673483578849952
   4.4490493221076886   5.592993494881108
   4.203381508507184   2.2478605649696686
   3.620100599321206   0.12827805541623782
   6.959095496514657   3.6544360254203623
   2.5022839959421357   3.886735387947099
   4.141602926077305   0.7769370640339823
   3.9682637027989185   4.453549494533813
   1.0108512567001826   5.324117510994902
   5.424524541403031   0.02536718223615808
   0.11897541743206075   2.817764430543342
   6.160725208233593   4.2467570199847335
   4.787013983973367   3.8559100383563143
   6.124547589884363   5.998862795097145
   6.176664931644084   0.15341940231858808
   0.3964292644760591   5.372395693072198
   1.6294119283804518   4.1267634745398185
   4.926646474017916   0.8061388094975096
   6.0928162668197965   5.773197654313218
   3.8540533826316015   4.3399069125951915
   4.569977166463407   4.296701168280053
   2.951368644217967   0.11742873378467633
   5.613128387475395   4.353943916502541
   1.4362387616645789   5.6798919002496095
   2.9360454061967296   1.9331851078621196
   6.5503883713979025   3.214918404960639
   1.2424027499260584   4.737414135674154
   0.94100806005222   4.768503712162612
   4.358427533944604   1.5201870149731311
   4.979115176654756   4.4889842176425745
   6.718160728139249   4.118515098827452
   4.71895891542515   5.252366616878373
   6.178344680140544   1.9418065808212654
   4.240624477505474   6.517376721424409
   0.03742031301673765   4.409263311182363
   2.6248324925627258   1.9763615883019436
   4.99932257017748   0.280282249191511
   5.784509796235591   1.504696327756393
   5.657731150337906   5.993308494350967
   1.8220477086136326   2.066627118997855
   0.8801379281376244   1.0182384125623836
   2.494247870272086   1.6095021565897394
   3.243556786477325   3.8358648015238423
   5.748794000959906   4.571113111422955
   3.414911291690372   0.48501103593861516
   3.146669386574949   4.436399772976163
   0.07909958849875631   5.663892559675592
   3.3042806403178946   0.8100368960279057
   6.696438745017204   2.136897712840741
   0.27713226044409545   5.72045046064537
   4.018664144229103   2.6813766084230704
   3.063731125706997   3.338582315204768
   6.908857710402858   1.011174115952512
   1.1339881467276505   4.981245227201191
   6.595649028429581   0.034542950305444964
   2.080719985876854   1.1741854458383452
   5.045739774738283   3.443721438707328
   5.155937278436009   0.6739896822817072
   3.6612634186704933   5.991857539494806
   4.585445269843671   6.6907528540748125
   1.9997048049555646   2.8901090329393786
   2.1558658150699808   1.1149400105423934
   5.674062462889797   6.5536525223369235
   4.637527949100837   4.332153295208039
   2.0196497980269177   2.4399740747152867
   4.144757822885762   2.208537484659248
   5.511392406065119   2.9562223485711243
   2.541936155866242   5.047329221683698
   0.28168541569629735   1.3645448104048317
   6.479277999105441   3.753582418213766
   6.423842976609837   2.2852334498528792
   0.5866237588473172   6.099370107356919
   2.0698757878924114   4.787148432795578
   6.76661668860105   4.855792761031943
   4.503797779152562   0.163292147052854
   2.410480314267132   0.6508916040707058
   3.8128737526806766   5.3165494613071544
   1.7101915839767652   4.724090792388348
   3.789177743069613   3.2265137006450537
   0.060184136257325105   1.2780660330131464
   0.9725466473163367   6.2329607713453665
   2.829801464823949   1.8779611849470486
   3.8734716591358826   0.8549370091956006
   4.544553594660813   1.315644628290233
   5.5306836187128265   3.56657215592465
   1.7398224555188184   0.5432253030101665
   6.643145985190136   0.3716274008782109
   2.4449885408122705   2.685318339023921
   1.5698829579017386   0.1584392426018989
   6.41904481719472   6.763574121326769
   6.513530508729284   3.6753133268795244
   2.890597960266537   2.6097599543451118
   0.19470807986562055   0.5435781182367524
   5.655738719250277   5.505204262954409
   0.28427011762732934   1.0213986193093665
   4.956606118121378   1.3646899244957655
   6.789209245160208   0.24610645061284775
   0.6015489357257721   2.7819014721263975
   5.485439319047548   3.416194818627513
   4.294630948971889   3.9713124496564873
   2.356904182110908   5.826278702059921
   6.117806025289935   1.5779135693761053
   0.8354115831358868   3.839218831832454
   5.5534289911514625   4.48146280155407
   0.4393096470559188   4.769255441800272
   3.3478529492422933   6.095958404414869
   5.181578013247487   4.2583965148689185
   1.8987002522181529   6.257810728381223
   4.859120784359352   2.055453778464774
   1.6989775547467634   3.607709949250123
   2.0450090360703044   2.1530190572756407
   3.6905471488791846   0.4014650282540313
   3.2841281853501094   4.002319701812917
   6.167545340298071   0.9341055957993147
   6.640152309546155   0.009293544841101786
   4.127180751850225   1.2293201258764452
   0.35797070745336157   6.717368781407353
   2.690927885272775   5.332819104337861
   6.9906617414966   5.003334213210271
   2.4134684266881115   1.4534914587214458
   4.893812961743164   6.252336480664005
   5.959818387784823   2.320243257963892
   2.5124494086942817   1.8364334212771878
   3.762916257555852   5.465180976784777
   6.3770459995696225   0.2982847947985371
   5.874529953467728   5.705325469874571
   1.1850562602143548   2.43746256024498
   1.2916812315776727   6.875318049753028
   5.773102244805796   2.0115047500061287
   0.5788683401736201   4.862599303401391
   6.182434802966342   4.9972408319528
   2.613204328118175   2.214319223958582
   6.386477726190984   4.310063402095717
   4.755176000754749   0.0217579157646427
   3.584236054610625   4.549718618028972
   4.692061941884393   1.4433098803384512
   5.267057610951699   2.73083554991849
   0.6141375121416827   3.1011104557940854
   6.538695995768425   3.0648185367222096
   4.265625480333208   4.679152122388627
   6.409838146331048   4.686864473024477
   3.762942867805341   2.362267478730044
   2.9982157364298394   3.7677785620372632
   6.89212578197194   0.2856231448744194
   1.744136994344848   3.714897489371872
   4.885401381674377   2.9133977122036177
   5.898727238454621   4.14983941540781
   6.43371506450812   6.233086378279905
   0.6583884564093962   4.0529374611250155
   4.917600020737778   4.838400306809819
   0.4039393827649832   3.885121595460163
   6.533120389578988   3.3790009636086014
   1.5566146865401338   0.6376552620547354
   6.152699279482643   6.479336000607677
   4.585559613139268   3.6185346211790006
   3.392480779321985   3.071611278823737
   3.6926690246876475   3.3615073073586106
   5.458462030173001   3.1494627391208714
   6.660581094877816   0.33956328033408234
   4.912965257222866   3.22916254092683
   5.278343331221234   0.1794014383307364
   2.5411076798086585   2.3042161030831254
   5.656734218880287   0.8067737192494029
   2.0037618101860533   1.796984257117026
   5.611433733042351   0.4047539588469602
   2.939084825145189   0.9474820152023208
   6.127191085554168   6.237883279154667
   5.619033031795991   0.23478645379452867
   2.719859739427952   0.2847836716443146
