   0
   3.8341470760063157   6.64354021990249
   3.0997455903764783   1.817679875811816
   4.033722156657369   3.0730683035082658
   5.746642453088875   6.365885872295998
   2.2057155781069664   0.1325484484442473
   2.696777266768612   1.3514492504228792
   6.447460913495868   5.703378387526746
   6.005730625109361   2.799636923690893
   2.306061662092684   4.525182483587461
   6.077157994679473   1.6070222069536189
   2.814043864027322   1.7715581748156335
   2.0894116215774963   4.051622879557237
   1.0718630721178872   4.994324945353291
   4.481636422944284   6.801227666729025
   3.4989404479730113   3.696377647880972
   3.669353885951528   0.5056937471028125
   2.3700177833535587   5.280548764462548
   2.826537758509554   1.5931812880673366
   1.842489414083127   6.452942509116613
   5.831932017310341   2.7682189575834166
   6.362987893518782   1.33400378177511
   6.3318483420282154   0.9311738498803839
   5.117862728471117   2.549144506551443
   1.3199282840906559   3.8041299800867985
   0.06231497626165372   6.43304911333373
   6.67634029491916   1.4573596761370942
   0.026811587996834585   1.1878421725837451
   3.7446332911257443   1.1834975485910695
   3.457025738066653   0.3850993305994591
   3.2539512266867523   6.763215086997044
   2.4949118287921177   5.595241185717846
   2.717562157825407   4.106612353753534
   3.353646429210025   6.165155139246116
   5.855642883563827   6.538733967870329
   0.2780270891808013   2.2459407750757645
   4.601007180971679   0.6255379726547989
   0.8145449025943331   2.0974843634763003
   1.850951901881512   1.4083298685159003
   4.641709051095306   3.465117411707496
   6.326643705048446   2.230104522875652
   0.8313193446784598   2.4359242843048188
   5.693455764918419   5.99641344451876
   2.125254214477123   4.638313093091744
   3.4814099128091063   4.716312179210046
   5.619951581406968   3.948273381396762
   2.324370620954838   6.515614183871607
   5.152134181830468   6.0092971179178605
   2.6098775197707944   0.0051131958538471745
   4.674444452741691   1.8602410756651129
   3.798500045421547   4.920614240074086
   2.9985198983436603   5.796471213089924
   2.43233340733647   0.3295402685210804
   5.465662671167319   0.26442388729356103
   6.206754273342394   3.420565452791863
   1.3816172941340388   6.108284563110852
   1.4277904820849852   2.9581525391846193
   3.4220935806840798   6.849778118857257
   6.719456638027378   1.8930540917826524
   4.67953430464442   4.8881302205634665
   6.981145553305666   0.3727638964951252
   1.579249057051507   3.557055861431208
   4.324659089148268   5.4925872736049355
   6.544397185133496   4.869189291384188
   2.0437056977154544   2.568427430124332
   3.034426373956131   5.515675111361873
   0.5856820136856373   6.49656522173805
   0.42043479143652995   2.2696926525621954
   2.006298243577866   4.893639283926744
   6.093545990161055   0.3674910563619783
   4.492100702265926   4.181711389929012
   2.228750464022919   3.7090695687413655
   0.23418620824025183   4.598735818319917
   5.7467864292431345   2.832937910444386
   5.2283938408395905   2.2739265490951346
   2.2304988836753474   2.575450514116812
   1.4630057294683594   3.010448630628993
   6.859733424664743   6.12501059897979
   4.434474857751097   2.2645385968274785
   2.8301881095117967   1.8249945570305715
   1.0049463336674624   2.000589414095267
   0.21676449271308174   5.566554473850601
   5.282325000474137   5.635913616129479
   6.830824949986128   3.943507935655403
   0.4643904249068631   5.1668306124542065
   1.3033840720455165   5.5163311604423155
   4.442945060507983   4.789399368741106
   4.402621530655592   2.550825277406607
   5.412232577066703   0.8935533813961338
   1.4642320091498633   6.459331063377609
   6.767846446100609   0.21856847076700214
   1.7769834519757508   4.8784203512411555
   1.2180975685730495   4.210728865969024
   4.823480997844708   5.866799746115382
   0.25929961652986533   6.220731549339857
   3.4274968272164577   4.100714624086116
   2.989672996020346   5.11880435739072
   4.104342987963271   6.181446885927738
   5.653558439291677   2.1896871586509095
   1.2496344372971908   4.250554943651118
   4.318379734934504   1.797560077559688
   2.2344039785925878   4.033308305083144
   1.6912786403887639   5.2826787019247465
   5.0008982404813205   6.199325646085188
   1.2805949887404104   4.866908206885678
   6.3735040296136   6.541727015583403
   4.899351360309854   1.004526858754429
   3.0131169612597377   4.932167401659921
   3.893648847254216   5.617600477424116
   6.750883836614302   3.308925290750495
   3.4583675346518845   2.0019056260574617
   2.9386201165345063   1.0987687749421498
   4.975812694394601   0.8798151646246398
   3.448313816302456   6.460633857473144
   6.479934477053604   3.1107314629958775
   3.0420035004944057   3.570199631240159
   4.109497413651748   0.9475906862966847
   6.015926578103428   6.8392479797844
   2.7680611657040335   1.449633595966874
   5.299207747063342   1.4822577376552282
   4.156881973632972   4.727074921018418
   2.5574708673862987   4.204979083129228
   2.8888334546320147   0.1024754433938555
   1.3156267123976104   4.995793883275853
   4.527188621139598   5.026560010141078
   1.6717049875302714   5.050471637839341
   4.122595554578095   6.682894016880849
   3.8249667226182997   3.7544850414541844
   3.1448255248643884   4.656269721606502
   0.3866502375155444   2.3843518128576355
   6.622857700803388   4.823827623538576
   2.2805724383275776   1.7705277308844545
   6.817615026864462   4.755869400500233
   5.973420546858426   2.5891789220810564
   0.8561494297264463   4.385000447129292
   2.8009413720223817   2.218714370548632
   2.45432526780923   5.517666679793328
   3.276349418269559   5.209267373907745
   2.147034887420468   4.9213319859057725
   6.4811426534920615   6.36936713218198
   4.330725898707444   5.223472193884296
   5.946132393863555   4.273847382191906
   6.90251298187606   2.705240394178141
   5.831861714235039   1.6405938064078636
   0.3533847584937595   6.263088311932105
   2.712702035127804   4.511034391816952
   5.840015307739585   5.345809009335514
   3.857786851059496   6.500337213412834
   0.020424196170448994   3.5523950814376057
   3.584556813876701   5.558075424936365
   2.293227210981438   5.797784641969587
   6.037059183440949   3.698685855709242
   3.5284591844451207   2.519002389991542
   0.6112609565531194   0.023340371392420844
   6.419944661433981   2.3033748768186366
   0.21350222557204324   1.0609134323015939
   0.22493032307521232   3.573436544719288
   2.5958339792460707   5.005527941830075
   5.886190683877481   5.559816352193233
   4.163351388133967   5.821718406126219
   1.3550557042523828   3.7338302251863817
   3.893750137184327   1.4255556108677854
   6.350805736697896   4.155678918669238
   3.3482021862739413   1.2311303574613437
   1.8026169808623007   4.822084895914123
   1.1852640748339263   0.27659956590398227
   5.824735319408282   1.068878114095984
   2.1158949132690426   1.9125522811686646
   5.273800428555067   5.399473851958327
   5.857784725751554   1.6477572746270297
   6.7292286243629595   4.769361220783629
   0.3610549214392893   0.203409263402053
   4.123310898010888   4.359654722930176
   1.385012444470151   6.126797591572036
   3.227171566110277   0.21943845529851458
   3.4070078865662046   2.4588688883978054
   2.7719763712464776   3.847061538612648
   6.839561158798408   1.9374705474057654
   2.1517696204890906   3.814727320895927
   6.6207885193769656   6.049105636374329
   0.4150646169772141   0.9186421044616625
   3.425782767435244   6.9168431494427525
   4.606801147057533   0.058676614074832156
   3.0229603792662516   0.5305760313153861
   4.470528042104532   1.1169130327702015
   0.6695135372724484   1.1881301556759616
   3.0626591825083422   0.5136430699201138
   0.9039672878243735   1.221773722575024
   0.9663963046432356   4.8722984385548465
   2.6514597774406274   1.1344912097693083
   1.5223999274182893   5.32148572955714
   5.208733945189751   6.163933084470544
   5.8165364880967365   3.402722194701985
   0.42094228370132747   2.029258970508064
   5.08201846953513   6.336647832986273
   2.2012349429427136   0.19715077857196772
   0.683998055662027   1.528423041139169
   6.476720011638387   1.4280699882329047
   3.959168140557377   4.66469627525824
   2.67075024594527   5.632393602084021
   6.881162332118331   2.569959469787223
   1.951607934847807   2.178366664692184
   6.814544623305016   3.1492856650925893
   4.691527432079165   5.749860450253118
   6.505914305475944   4.247375296834564
   4.887611789203942   0.6517375114346183
   4.940150736849893   6.100516345897303
   4.697567562743387   3.1041689588201242
   2.763057487166421   0.2484927919352743
   0.7382960675610486   2.554566390109831
   2.6386647375880026   4.307655973840947
   5.384254399368766   0.36683397644852556
   2.170187171609617   4.884304015102075
   2.985104158721303   5.422458523493668
   5.868125508273267   2.129191770310664
   5.698546811592445   1.1865079637622364
   4.097245598104142   0.9994269701254066
   2.5043506979668755   0.6539111964403235
   2.9761589854629036   5.203183408485831
   1.9294494506381836   4.2974505210767155
   0.8389719046356968   0.05559706882757254
   0.07160351051932412   0.6886998040517153
   1.0979601883211734   1.0708851638285641
   2.6604861752569757   0.856697402227952
   0.16947188901773436   6.056162236067286
   3.1401748501454305   0.6864471141120904
   1.5422517049093205   1.7566052542123858
   6.095888852532919   0.7403965816614322
   0.07812051911297746   5.72954896840565
   2.7804399922755874   2.8108434282966304
   2.2394381621608526   2.0967727205743394
   2.0222244041328477   3.279780428334061
   1.1360207993904894   4.139671066363077
   4.416702101542896   1.9749879604430762
   5.07617216380134   3.3611783656521577
   6.417178822330148   4.667243691907764
   3.692234178191602   0.641246736402195
   5.7483226326525525   1.6533196900898226
   0.690554090885445   1.459360779694582
   5.467212629576958   3.012993694930472
   1.8490033387939846   4.847994687330902
   5.9918352978705975   4.115605871252883
   3.05218297029445   1.7751048573255455
   2.5058129209050564   5.782745200648631
   1.9151849055800585   5.031676325420349
   6.330762599271283   5.1884581757292985
   4.901276164155291   5.422020965976783
   6.134054950461775   4.09692358598152
   3.787112126088072   6.119956394016117
   5.209854367191867   4.399843034123382
   6.871078788462944   4.463176185932514
   2.5351960545283654   6.121851344850666
   4.456104799481714   4.211045250382568
   0.8604655819499655   1.1120579792756455
   1.8677792057073956   4.3877430182353745
   5.7450183666494405   6.5333804561593105
   0.5918462514462721   4.2730966380265025
   1.193793389658857   4.998640190212334
   1.0321519691736576   2.887636511110659
   1.3896394142823767   1.783443816222952
   3.900845512666296   0.4463264941729751
   0.9486927275125024   6.970676694362513
   0.3571446158701158   2.7271080696315715
   0.15251106845822415   1.649992703041362
   0.7092040315061927   1.1158236778577442
   6.730786140588338   5.407985920482976
   5.785628486210181   5.248264239425284
   5.9823224415407275   3.300788308960785
   5.968905234510916   0.6730190449283197
   3.3295910127862935   2.300637608796859
   5.36253127125415   2.805479511453471
   6.803529134275375   0.8515186379040119
   6.636845274420952   4.633784746345279
   1.4503794288736536   4.656282596178489
   2.765571726406562   4.171672429594309
   6.24122427075287   0.14870635247603103
   4.125825104711007   6.5311287679160905
   0.7474912303969311   5.278756405800589
   4.288813052832484   2.7094125355917793
   4.622072418627356   3.2578780848119924
   3.276721438035637   5.750456431390928
   4.795817307822614   2.773432487863651
   0.10325554195020303   1.849828319718343
   0.2630240758385558   5.88746522957063
   0.051054589274604045   3.2253669521424992
   2.387175412752085   3.3847858594257203
   3.3686863924234838   4.1722834509464946
   6.809529265628984   3.7289012567631463
   0.8931750893485099   4.661952131647656
   6.2882919339421335   5.021642624873944
   2.521005261002375   5.1277914028212175
   0.13496995511390986   5.443387909753601
   3.4612842020239736   6.709568357082599
   4.347113433444231   0.5755798279946684
   5.809245594952362   6.199136531139796
   4.0630294741167985   2.775797777361805
   3.1765086131029108   6.246049351327892
   1.58416404645126   4.387946997012388
   1.9065084820285758   1.040669998546901
   0.9247166155193715   4.02618054646055
   0.7892492745431483   4.695327664297183
