   0
   5.192973049558347   0.38476739978953833
   1.7392200708302192   5.7521351001011976
   4.923886349254149   2.0585046472210333
   0.7822836270396327   3.1624110757914825
   1.0174946295854557   1.932546486250215
   2.0692555920866025   1.5797502580597875
   5.642743414925444   3.2914748996596717
   1.240654482714719   5.793004544116372
   4.901532302554735   2.2206918504636506
   3.36570326579719   1.7238976025962423
   2.6492354250308336   0.10697923791198949
   4.247271015707409   6.907682624699692
   5.761472740004129   0.3952068071284307
   0.36213520886903106   1.1059110773261778
   6.473076716162849   0.7473987836606543
   3.0854619260861815   4.357187601890311
   4.953286845994682   2.7493917488513606
   1.2458579361907458   6.005187962080084
   3.288040729734311   2.528089519260811
   3.423564063506884   1.1953673376041234
   5.515814301450797   0.07884689938682399
   4.739316498706166   3.002676422786035
   6.3078019920528385   6.757784066831447
   5.185115044942344   3.7422623422081815
   2.2963122133277922   0.26785901828882364
   0.8205992746901172   3.1235213292444035
   4.937089300155698   5.560299547399321
   1.3999418696071309   4.735021198149321
   5.141860694909379   2.38451613823551
   3.20413356111394   5.8937121938803685
   5.7367416488945135   2.7498952493153155
   3.032238872401482   0.15649002784383337
   3.090218125306614   3.31189339928172
   4.452669752558719   2.7755750244744384
   4.011262424545324   6.662623756931993
   2.5317297392811   6.0813194286429155
   3.243722513091362   3.692656303924119
   5.341644411026008   1.1969539779652565
   6.5774645999769605   4.596019738148789
   0.604006247873998   1.6294314893006363
   6.759829156586665   2.714420754295902
   5.847018501636161   3.1389260164846657
   4.0228013614178915   0.259469363810783
   5.446138926137703   5.866692136151408
   3.141881703749918   1.0132183336922629
   0.8776825057237853   6.996890645472603
   2.511974954008578   1.387605965727213
   6.443651197142612   1.2426307454208771
   2.763708420947208   4.722406663130201
   4.623524529858243   5.179881637970363
   2.950418332641659   0.41907255936279075
   3.07495246354516   5.905053156496294
   3.3116373835405595   4.4443714697515935
   3.1402520270633683   0.6629416253963194
   6.06324360482051   6.89299803751147
   3.519324359693855   3.9813898661180938
   4.577525996216876   2.6723623360897415
   2.542064448307785   4.457404424894146
   4.698249713721849   2.9655288605491728
   0.21455160906888693   4.666623608618383
   5.786395896123033   3.93980673299984
   5.923266971153438   5.713929164955539
   3.4115842348120258   3.1987614327991616
   1.3602937490068998   5.7076403447928055
   5.392270472128173   2.7244455048170213
   5.879922675787778   5.923129671247747
   2.1446534552867895   2.52441662552811
   3.1132890039494074   2.6238481253018144
   4.025804540809775   5.884634461696503
   4.252633576097529   0.4286428092694673
   1.5508725325943846   4.034604087347558
   5.970487560093684   4.753905399946803
   6.027304194795545   2.1551544653885335
   2.4615465721578795   2.2174786720706976
   5.280851518087752   5.00201482975717
   5.5862033843679635   6.968405585650014
   2.748727980833667   2.979875028481102
   5.5546772873441705   1.702498656593009
   3.284609720068534   3.281890928147945
   2.0193826229207588   0.6383580563239404
   6.558262677203611   0.7086152215228482
   0.8406447793501306   2.9618630130141996
   5.9394136185739335   3.9981135901671956
   3.157079234513979   4.199313358386367
   3.2310703040167996   6.935543726661214
   6.726912748177015   5.650292085261569
   4.561829293701284   1.1657520168135644
   6.810234485849924   4.400972137103916
   0.15979708047018482   6.506464179141178
   2.1346289265260854   6.546985695551301
   1.6125870310624006   1.6524204101893896
   3.7278499732946417   2.082125525366197
   6.568439450134151   0.4723288348430663
   3.611157910580327   5.455044108807217
   3.652847866619057   6.6307840408108305
   3.525653144960575   1.060767053768127
   0.6631613826601106   5.016322585033737
   6.011400003226967   1.9172333087322773
   4.860468952180737   0.42455823408077586
   3.275344309608173   4.479223885756569
