   0
   5.149659026356902   6.746207090738862
   3.2618502378572765   5.387189839936237
   6.527377817916863   6.869051927460365
   5.826711680394839   0.15165320938678895
   6.259409871503535   2.059813921791777
   2.055378098375179   4.0498695549512185
   5.718926318716457   5.035875945884333
   0.048678576798072304   4.521388585162069
   2.9150667798104224   6.349381873132357
   1.290264457029881   2.360596297644905
   5.644827676920279   0.9821649572938047
   2.442218979381219   6.830924963112126
   4.177382520173827   3.8708964733218068
   1.1785776030871258   4.807902390320956
   2.792091485551701   5.516476518065754
   3.525964995565451   5.389729598000698
   6.2795465866708575   3.0807146555725535
   3.8280183483330226   3.897474519696611
   2.7718312751801983   6.84111693202127
   3.066475821357657   1.389120882576909
   1.9937615902139663   1.5611237428092841
   3.8567719898754595   0.7326055006924388
   1.2212109415436951   6.238412898134221
   4.989690197308196   3.922630074725618
   3.895707364800989   0.8179094411861862
   6.9130849270713695   2.6844279830749196
   4.976325519312901   2.798912469943735
   2.0388989147415777   2.4848178164884986
   1.7104873879015066   6.227277653477061
   0.22065733116497777   3.8667740583457384
   0.5746115925797891   3.3438627066748845
   1.1753343643685625   4.53838894600167
   6.673651097516116   5.159472133512595
   4.020950280943782   4.880506419278782
   2.895379320869308   2.444304224888066
   2.467465174966195   6.48944902516461
   1.5908848800571553   2.056433679700566
   5.533495581599474   4.0421621610252085
   3.497061214794298   5.189129978507403
   6.965096532864682   6.160747805170322
   2.029967032671574   1.9908424194166674
   5.805306210713974   6.061755449882261
   3.9597714655449328   6.104448110970233
   4.804364282081703   5.6027511230110925
   1.828578796151668   3.983889455996454
   5.570479102880101   4.884580096492146
   6.291768302475401   0.3765968853508176
   1.5397196929045163   3.832386920476398
   4.8515674400572015   4.109118960729505
   2.9910849311709815   4.161859459110135
   2.2084143825226183   0.28115169266255224
   2.448996806007096   1.839307243835754
   3.6812517751105154   3.159686929432251
   0.9004380051274781   0.5650835141646982
   4.842227842181866   3.4702696929507812
   2.307658770516137   1.9495129066502561
   5.674368317112914   1.406378468311512
   1.9198400568586393   3.9088792158972594
   0.19261958946886915   1.5207169397084637
   1.8783131534127597   6.386181161437781
   5.569246756359797   6.723728420535469
   6.569892338776046   1.7972582067835718
   5.373908267049737   6.89491796174194
   4.111593733919085   0.6175421760164798
   1.5768136348056692   0.11158871069198228
   3.247469126554238   2.2580826286556714
   2.4702083075060606   1.217376564573855
   0.8044992296431241   6.831647633033201
   6.639013145726826   0.3894862276237344
   3.689446685759643   2.5805973207056385
   1.5557843373088587   3.518807356123896
   4.212285581512045   0.6278759446498768
   1.2882432801299986   0.591114779282343
   4.294280952202378   0.3208684762872662
   5.18946510784391   3.8503239945890186
   4.8600037567351135   3.765014949653469
   0.2913967040413311   5.3363057224018515
   0.4225291839968226   3.189973237450187
   5.441712452686904   6.42002736620237
   4.549776515428465   2.5557709137498703
   1.01210453876993   1.2078197053984057
   0.5474066970687061   3.289785879607434
   6.262935789613685   1.1543372395515532
   2.309910428930336   1.2475416232175425
   3.1747725847425388   1.9103037622180772
   2.876475037329957   1.9112020924893147
   2.751650117785048   6.3364113864464215
   1.781933101116604   3.479302653451615
   4.464007483000732   3.7387587510887865
   3.815554109418792   4.859645914549236
   4.6310679764372775   4.723995976787366
   5.291653393213129   3.6544467408908714
   4.143023345884425   3.63385840311663
   4.395952163985256   1.0227032782153667
   3.9927196125793394   3.2990509766539535
   3.600334342644419   1.8194225756929263
   6.624624734217079   2.851466591458538
   3.5361065284981708   1.6447266709997215
   6.115697195896545   0.5514934704457896
   0.08207652426106138   1.388014664734142
   4.6783593809899555   5.023693825241276
   3.758731539102831   2.5232518970768925
   5.920114251271779   3.949404670303978
   4.82350222248826   6.801109799988638
   0.7074334617709835   5.138839422496492
   0.7345641072643806   6.0920742085094
   4.3633753648131615   3.9980412910202823
   5.891836545961942   4.961792772790151
   0.27898401137909223   2.717559792587142
   6.773802179182755   4.1058252601184915
   6.837849785040264   2.0399991919789873
   3.767477469970766   0.03561546087136003
   4.841302695209299   4.212610377630326
   6.136330746193302   5.390894871471291
   3.3785430884986534   1.698868034638208
   0.6871499473432657   4.955883128227928
   4.3116022490433465   2.4095022570865847
   0.7818275870491893   5.877542961537959
   2.239358601754489   1.618725535098461
   6.39373737695007   6.7238014910071495
   6.967923498669769   6.355418096547157
   5.930843139529382   2.8780425623999726
   1.146546243361267   0.9018116770412414
   4.538883536451928   1.3433282330062783
   5.828772343447775   1.0937310004383782
   3.5579481947361713   3.3257011029554313
   6.28792781789317   2.396728178879386
   0.7344592593907143   6.980573097675123
   6.454083415595361   5.231470167363787
   3.688043967988225   5.4395997737671555
   0.8464962691749008   0.7395066574917384
   1.9989884757219816   0.687589979437663
   4.851102667809582   4.11707789873031
   1.1169262056646274   5.029899467851076
   4.636981314816645   6.799888435451013
   3.0951253403371   5.780404776148827
   1.9187839842233951   0.1557993038299641
   1.9271996029900207   2.408551804699086
   4.15397391023982   0.935162719823426
   1.0042785811414277   5.711122894887763
   2.614291284996039   3.5400514946482
   1.920634661502865   1.6202635758716717
   3.0902059801651784   3.203901144812879
   4.534474113233683   6.023960120749678
   5.7752026277010975   5.422113665724392
   3.838060809955936   2.45855536207923
   4.133576561897337   2.4419398394237275
   0.8075525201395781   0.7350406886835082
   6.281008662428309   5.306483548483994
   0.9878904729402128   1.4817593743813533
   0.6015204332988435   5.852945395638936
   3.121793022339567   0.22580569434280184
   4.98749824082471   5.189241583213806
   3.654367024362177   5.993800450820922
   2.2213102133256597   3.5159149073604077
   5.436058708651517   6.489876779232407
   2.6176265087728234   3.7217703321083584
   4.406630423446599   3.7046023926487317
   2.1148887903281355   0.9619486982330835
   6.471556371792308   5.3232179653480465
   4.542459795399356   4.426168546858502
   4.179695087170815   0.5349663356209114
   3.7968235353759234   1.7226434573585632
   2.177305045676286   4.797438853507235
   2.135787569167877   4.739707153439888
   5.748432075718443   2.7807605763594534
   4.743977121802424   5.502445913487699
   1.0554065336205527   4.106085033350288
   3.135999789611889   4.4156690188134275
   1.9656514487101635   3.601270896190996
   2.8454880250031858   5.377314714543864
   6.592211868552809   2.6237564679688696
   3.1988207077727395   3.5579167894137798
   1.885377129569826   0.5465501244513552
   2.7916551586053924   4.1720301736797705
   3.791478506859581   6.767901004992404
   2.574491237565118   4.316532387222046
   6.64240778885062   2.5886142625868174
   1.210319773196955   1.918499809489836
   2.5556090155726583   1.0031229947788758
   5.592999660863326   4.021872192528425
   2.709259473893731   0.8713265708969706
   1.1093394388107658   6.0473991851188105
   3.411069027313216   5.077854741235017
   5.390946895121814   4.284381447026939
   6.901580835786968   5.143815426782221
   2.9337459335010276   5.715495295885815
   4.824075587769902   5.3332309223746135
   0.06364561693658488   6.3375116455776475
   3.2531370460742295   4.592267825727351
   5.296182745826322   0.42099435709738564
   5.102649028418643   4.674012297980195
   4.176044633613313   6.651085232589434
   5.631455601116151   0.5349433429570442
   1.1892149001954122   6.809258477503288
   2.6311255912859757   3.541401397025974
   0.31607242428016713   1.5924493373502797
   5.715226507922424   1.19525246100324
   6.238105300422577   4.321234165304023
   6.933219818292571   5.977593216521282
   1.1239945283172474   4.662765732731644
   1.704552813521485   3.5177417341873594
   3.3026504569106705   6.086937830166652
   4.809734922905979   6.621907118754636
   1.9813769815564788   4.585777760666624
   3.885142667836491   2.7418311034169767
   4.486670888044066   2.216340654463121
   2.547012294955911   0.2283399858160412
   5.293251260334849   4.276398644663139
   5.917539455827971   2.198146718919098
   6.363748696131193   0.38999700626052647
   0.9422137146293431   1.0443889566943039
   5.047072777392646   2.466466261539134
   3.4724809281017395   4.542291298603562
   0.9778062003191228   5.401760592669731
   6.641532068210501   5.140982084742824
   4.082068754778021   5.515006862940638
   3.583483604972177   2.390899291233536
   3.927120160828421   5.05593184807893
   3.037421794650107   5.533366440354121
   5.252566735438571   4.680351097745611
   4.837744061182257   2.0748166294718704
   6.590364173079082   3.571179556335115
   1.7209454292236472   3.6827927789475403
   3.418900028047854   2.881448320236683
   0.27645279257573496   3.9742514553611894
   6.303274444058631   5.393582235408545
   3.2353276298252567   4.718842387555565
   6.949481085977199   1.7257201882128168
   0.6256124283850804   4.650739306245034
   4.044530851500362   1.071130458210901
   5.62681174830535   6.472241019214302
   0.16763989727168938   1.3307984406876772
   0.22845625120088076   3.7407650235168806
   0.9394489676093747   1.5920366290294639
   5.038912366407115   1.1580003651912345
   4.926817395613469   4.217491875207679
   5.80055811028345   0.3258869062128299
   5.6400759388316   1.339194588791491
   4.346157659166513   3.298735677194343
   2.2477112299015594   2.3013241287314297
   4.878730368285231   0.24420563260512973
   3.3902824090811756   3.5631313441418917
   5.57341557902561   0.22799701681403306
   1.7009649976667003   4.759987021333247
   4.584801853663803   1.5580222722688513
   0.3344479153249448   6.025798248184505
   5.5968961067478995   3.2634645697342375
   1.968996037325621   5.304054039454101
   0.07536896453176889   4.142529319938595
   6.378329804622808   0.21754231109407685
   2.372926430858967   1.3898467015075844
   0.7705543969611349   6.128295223640374
   6.798616016394432   0.11037756115970421
   3.660711589054852   4.299601787051331
   6.690588641843871   6.04132665502742
   4.081609169867811   0.5709409059673253
   5.429296258437404   1.5369635876699435
   5.444423656107491   4.67447208757684
   0.1943180023680945   6.323401729743945
   0.3361520503841925   0.25823404961976204
   0.10296865988782522   2.7012817634433537
   3.985330321249182   4.836482464777529
   6.172551744831861   5.763957974283711
   0.04051633425985102   5.2616180621321424
   0.320583925119859   6.807182069318046
   6.687877235503315   3.904929879659969
   0.3585251536730838   5.433424806214436
   4.9848009563079   6.544902598925976
   4.6445128050196365   3.8998821645432407
   4.605792039513459   1.9921118028759115
   6.739306604812863   3.023852121227825
   3.9849961728152747   6.728750108475689
   3.057112301596927   5.442572224693804
   6.096532746295168   5.3086045195163925
   4.119166494266533   2.22675581795021
   2.8394036628593256   4.949829234371252
   2.6029199648852006   4.767960111976587
   4.188078152329247   5.658126129770714
   5.933373136473927   0.499572996802081
   6.932944787529488   5.3419765217571475
   5.685575060515271   0.36959841015850114
   6.966651995025282   1.724333163999553
   5.55850988636901   2.0605723940378806
   2.672950041972905   5.416711969721221
   5.140555398844435   3.747838846132143
   3.043977294526983   5.301890786349412
   6.115407035129156   6.702062821854995
   6.690025681887525   6.370450137883365
   5.954827091558455   4.275256516967966
   1.9126521285015317   5.3741615939028975
   5.510781951313208   3.7617441847761075
   1.4875882124486641   5.095753339684789
   1.2544992080262096   5.296387306152195
   3.7482421826491716   4.68985814874438
   5.213681382407091   2.3420432694991047
   4.9736628777547365   6.423968161241209
   6.931577207310181   2.4266247151061697
   6.966683672508097   0.24099960822378652
   1.012820588029582   4.617280808119115
   5.0585391857110515   4.876589282711621
   2.030910195202397   0.7651158950558764
   2.595589945282378   4.794520146347255
   6.750911185808473   5.818509977908353
   3.251876529347575   5.952697525838945
   1.7684237438723653   1.4865057652046367
   4.268054470648908   5.3798697923477095
   2.7820727462582338   1.2358737241774294
   6.942855182114315   4.7298106284374795
   1.8017337928831956   2.0263668639610684
   3.3975473365177575   1.3849535539718403
   3.6484223646022533   3.3283215387903917
   0.7969642156823937   2.305494869026936
   3.124234151473403   6.825164601486257
   6.842494568687785   0.6627504424637639
   0.22193406447286723   3.780531568389287
   6.453022608721639   2.3570795367102906
   6.703752964398402   5.345597907245152
   1.1191382769909697   0.800959153400941
   2.30766408682451   6.096881240449665
   5.454024938720607   1.84681804070788
   1.736868835836939   1.8281593603412305
   3.9712673119457444   5.457010925127283
   3.45443376253098   4.07230920413301
   6.095407560241409   5.6498391671128605
   1.1399842162812328   0.9997606897287298
   1.8554162780506376   1.4107953380118032
   6.469065135383091   0.2299140166823025
   4.6243269224455466   5.632233685440179
   4.648247320610769   2.7002651765323202
   0.6501226398925372   5.737442444751267
   4.880262442117415   6.065131485707585
   5.973545772820988   6.4566171526769045
   2.643416062097452   4.141771437408792
   5.647839819354961   0.25250464801232064
   6.348233520957036   2.6863360459536803
   4.963519265025089   0.14251698587960526
   2.581760225178171   3.265493093962303
   0.6380953420978186   6.131881872093735
   3.7661442031409917   3.1917091761322913
   5.656276144078908   3.1589226170180997
   5.643092180344542   5.411076564522975
   4.640492400980609   0.3588347487558564
   4.549500541234238   2.872217991785855
   4.294687496214112   5.576346540340959
   2.972023459221251   2.263202056995108
   6.596145615684674   0.40042858158693095
   6.359551876540766   4.080549679622659
   3.0107180801457893   5.555737412894978
   6.632537753953074   5.790311302936413
   0.07614523603538159   1.2657524439749501
   5.2568081912520075   3.355842666665848
   4.2362526749183385   3.2015910887736223
   6.146976459428526   4.640304556025358
   5.8156446884509085   3.848256540133137
   5.030766468737221   5.14406159781553
   0.5000925132518058   4.556600591264447
   2.2405293564687105   6.208052742010936
   6.632163991934398   4.2045523407099
   5.201939768378351   2.2038563371638107
   4.044714391998009   4.265192103014007
   5.162324416192699   0.3395663966828777
   1.0367034736495881   4.172018883201708
   2.9422805569581243   4.537752327432262
   1.446386746322892   1.1832870917611527
   5.704209793074586   4.387666183721223
   5.596260779883246   0.47755834053997437
   3.910095914558702   4.4385132008744925
   0.1722371046166753   4.9616384340681705
   5.788324229528301   1.0839994974368419
   5.856345664588576   2.2398464906951676
   3.745544540203652   4.990520211847941
   6.7578628638153555   0.3800798722897353
   1.2445451322886565   2.4422449694801482
   4.382087063780805   2.5174193652769845
   1.7228122885814519   3.116014234725494
   2.039081001678605   5.960036093514402
   0.1489141420551262   5.6573499582243
   1.226523339348677   6.304941240587225
   4.805057675551194   2.006039734098735
   1.621409969559228   1.1326357385002754
   0.844126796809558   0.7156448739086377
   2.884672964718458   2.1299987434265155
   3.0982226756089277   3.5259396323413226
   4.520875992195048   1.9897704048603795
   2.5131873098178024   2.1806776971645347
   3.5419772139370327   4.152761697707926
   4.44980207440757   2.9352405336383547
   5.659740616688807   0.39544534253353514
   3.9273160536536813   2.369611657390319
   3.1757089452127616   6.420857726803388
   0.6886648741165807   3.0117746740010976
   4.650739598890338   0.9847629760959082
   3.7392083200142476   3.8850316712221975
   2.8179411787973176   0.6818030630682087
   5.752021171176522   3.4198812377708396
   1.053430230116894   0.3278860471843644
   3.4427338763651454   4.217002038181277
   3.0386710727150428   0.9053319377578771
   6.695630455475707   6.912530124425205
   3.036238600585633   6.286321772357127
   1.8701748982578013   2.88021833388632
   5.457689084668216   5.417971435877909
   6.333341256181765   1.707215134978012
   1.127801034020616   1.3388704196486958
   6.848093102208861   5.301099805159037
   4.84379147917392   4.3022021551724245
   2.0020593871069328   0.1254552286905647
   0.4911945798224847   0.40458559255378157
   0.3829219368994812   6.419663173403028
   3.1099266462637383   1.4625510844056264
   5.69823695946466   5.335751914620799
   3.9046486589465554   5.440085504526141
   5.497375544203978   1.721023994120995
   1.2628707309446967   1.5109587612260003
   2.5819763378065455   3.789845131666735
   0.3823328020315373   3.8385619590323543
   5.588770191343263   5.161367052646053
   4.11602622115059   4.3737657166076565
   5.594841050534994   5.692110518378315
   2.1188137754681073   5.407828978103715
   0.9303512938322904   6.203231787489546
   4.32393539475168   3.2726601096964516
   1.6874721595679665   3.591942668818803
   6.190775625789823   2.454757846580333
   5.686718340502774   2.9249551080003022
   5.047105871982344   4.481933385447555
   6.903096832990702   0.9389682666770831
   4.199596824694664   5.253436812052059
   0.5644439173601878   4.9191149378804635
   2.305738035538013   5.014383824873598
   1.3130297635874166   5.190932494368544
   3.788378618774422   5.924406014937027
   4.968978776477858   6.444820658499496
   3.8309517211631863   6.138215602601024
   6.550255689555734   0.8141020356311658
   6.717016627943596   5.5023055236239635
   0.2889372169867911   2.048690289229224
   1.9721025146765578   2.377273273707849
   3.4371914176720946   3.266029893746759
   1.9289116220372278   2.71928386772115
   4.678857175605056   6.619362299825617
   1.9687846931765915   6.396959565310779
   4.953717013370609   2.80052404004237
   5.792912093264081   5.781508647276742
   6.461527259756858   1.5903829873155206
   5.646111824376426   3.928176134104552
   6.541572523995117   0.6846639152583123
   1.4540821027435582   4.166125724394246
   4.020976528884867   3.7563141310161248
   6.341870445035442   0.6316345916267604
   6.4912130810848385   6.167710709992661
   1.9768889485131365   0.21600622817496218
   2.8072179531543244   6.916904830927036
   3.624139970753016   2.5548783450701147
   3.9072165053285923   4.291751952486369
   1.7144037681562727   6.059630226344085
   3.823843180544742   3.3141708349630354
   6.10797295424018   4.584362086028819
   2.4983365208183193   4.383926173496646
   2.0871092583591055   4.133447702652007
   5.719558759216754   6.577225521037654
   6.429728062023754   0.04493036162011044
   1.1882958586990604   0.8200710449962951
   5.704907885316233   4.334060112922634
   2.354758890600779   6.639705787311638
   5.187652546555944   5.349039504818491
   3.2934130348489643   1.3996386241300067
   0.5159249247560703   3.5775699910226946
   1.4642291888824057   5.844637486002988
   1.4073036109023112   4.348067957074136
   0.7631555692186162   0.42172104701125523
   6.415699131811378   5.293436610063342
   0.7870744883226368   0.20158308037792627
   1.8404070597570943   5.788057226044492
   3.7297158827042773   6.302031086101743
   6.500355327351389   6.130187934273438
   6.78496397454442   2.5109156909329378
   5.1557433119616265   3.0222272076589616
   5.362699979327055   4.3206814894517604
   6.8973537350096334   5.9003268147017724
   0.8197888195402583   2.8200635142388037
   2.8306568213419503   4.882610879511078
   4.775026140519811   2.8406052729186304
   1.8574075913584869   0.5417793172546954
   4.411824188372583   1.4265691455352423
   5.301780806433594   0.3631516254114818
   2.4761248345291738   5.086463334882636
   0.5411640199267336   3.6232261090080793
   4.949490953783862   6.392804085608514
   5.683573700988082   1.5166056425469825
   3.618535242342215   2.3238801564178666
   0.6842422470603128   3.6706630702159857
   1.9718104991560095   1.2871881262929614
   5.11325708751252   2.7175950380118814
   3.0339915328455467   2.0288537999751672
   6.0742231593953235   4.342532735957776
   1.894645494795041   2.616751026655318
   1.530753768361551   4.194154848467811
   4.805091941693487   1.3871830035431638
   4.523181308161796   2.230771535302556
   0.8018215404483947   6.165884557426745
   6.452214850013968   4.480116721224734
   4.868646342142204   0.2137546105628645
   6.769357375950249   3.8151169874818547
   3.672222819801202   1.20612728037755
   2.045733504126052   1.190673585734719
   6.896793119701745   2.131535749337804
   3.4915606986916803   2.8480166415515082
   4.163955251699186   2.2918250812553156
   4.567836627926786   6.273470609340259
   3.4519825513306888   3.6001146802180792
   0.3698988675557754   2.1974847444258927
   4.826672317852964   1.1065129000711655
   2.969349824922283   6.637563376254585
   3.161917553179416   0.13363331614049057
   5.876426141834644   4.92524931038456
   5.36315428760605   1.5748594778114358
   5.229227502169279   5.812589157310463
   4.410546754981975   5.797956012805987
   2.2293045161189315   6.127533125693419
   0.31123909661110705   2.2050203025891566
   6.724944183087844   4.040493930539025
   6.791204572349209   6.826917373306296
   1.6940731886965459   4.815813291140892
   1.2671941918370124   1.376241878164207
   4.698039614384144   6.952159611955393
   6.317989114892064   2.947494028559407
   5.165616988774841   0.864901532279559
   2.5216256700509243   5.036561611227455
   2.623410167422977   0.7312754604642594
   6.1414754699012635   4.753742773287307
   3.714430604691814   6.805691809874126
   6.729017516520191   4.025445866683062
   6.040942919867591   1.417795039172392
   6.264855981823251   4.21935038397411
   4.530770370260641   0.9899153220295787
   4.9819958629185805   1.9862115825595905
   6.1580844485399435   0.7533269215004182
   0.5065996953899486   0.18863775930830662
   1.4502877915558456   2.4042492740381665
   3.4114093500975384   1.5830734200893821
   5.281937537920974   3.7207982817561116
   3.705728997592149   1.4358614669224872
   0.9947394397589303   1.1611236275901673
   1.1833234874886145   5.487662727205965
   6.889482268339526   4.68073762886115
   0.9158030708049365   1.6326587269484638
   6.611365566979552   5.443565581820897
   1.5140179564811458   6.349857944066045
   6.894511193947193   2.7565205689134062
   6.083704784095211   6.313477925273909
   5.544532540056636   5.4314313697075445
   6.074084801695376   4.717775388703119
   3.419876378379294   4.87092136095445
   6.45932225179573   4.678838027161169
   4.523231397101415   6.486364339977339
   0.9027184915036208   4.621759894957071
   2.133639510667152   1.5863134736214883
   4.732221112680998   4.826261643971645
   1.1980280911734198   5.622824474945152
   6.703293444786779   1.2872209550807572
   2.957719374979575   0.6508658186082211
   1.641400166989178   0.748725593042972
   4.01105756938918   4.042535459548853
   2.1413212048222485   5.191158063647125
   4.707631286772859   1.9030739570590418
   1.5542241820005902   0.19047208668640347
   4.932655426462414   3.259688558591267
   6.515881449130824   1.4272185682249827
   2.9719103176862283   1.9369748845214336
   6.26062770296044   6.2000245468138235
   0.24822340114655483   4.094251138541157
   0.9256224061928355   4.09413250575795
   0.2898155816192859   6.680384534118783
   5.978683002053517   0.9702508160833376
   2.3289183344073123   1.5607218550674928
   5.8004213735387555   3.1723664262630766
   0.4359043272386067   3.7885052997168764
   6.317627618994485   3.3053204219301575
   1.0697617444152057   5.429675596639601
   4.419800855970507   2.103842821100292
   2.370074830434173   2.5052456915279464
   5.694443530706165   6.804395691590049
   3.4287632358161977   5.989442760916571
   5.789194199816606   3.03956595788572
   4.161667197051218   5.3945959316032415
   0.4500823084140868   6.601904156793029
   1.2506486920367315   2.2852679882670293
   2.9951547295094874   1.4699995397565286
   0.9462198698747118   2.094403531358354
   5.661430125021951   2.2542324113130414
   6.308791422717391   1.863288600355355
   4.9105999154553075   4.703040381074509
   4.72347225404367   6.994892293503829
   4.395106188785305   6.112689016513475
   6.248936432720531   0.7966803193764221
   5.8711868221092836   6.404429188488754
   3.555209638096501   3.4942696671444002
   5.899188518302162   4.272576774536452
   4.8683135335650745   3.5213109852615485
   4.693912086310999   5.16544655099942
   3.471542441600583   2.233763760102712
   2.9789607913000467   0.9382206604241505
   3.9137316020504613   3.758248229661737
   4.159028971854201   2.8127328810100756
   4.144214454099436   2.46443634539063
   5.552773608543481   5.793793036671684
   2.332249341844487   3.550463023574368
   0.8263764714295845   3.9250808793971803
   6.135534547571659   4.448114574043727
   0.13411447903611762   0.7197819721132322
   6.658015322183605   2.191075318189749
   4.807213784226112   4.772039735970775
   2.2815230328127285   5.544784341227869
   1.7359803372280997   0.9449445494112585
   5.9688706154519195   0.5704813488907878
   4.8626534192452056   3.6391791689683695
   5.51786907163421   5.388789843225746
   2.443645281626872   5.473590513663945
   6.596308946104076   5.2197121076882524
   5.949787869389357   3.2548528800345338
   6.2072926622243285   5.306184306220761
   0.6519189622980089   4.3780385114791125
   6.5223874119279595   4.077360832940743
   2.0866027413010566   5.783309267557876
   5.776902133387742   2.8755728258556994
   2.7129877329595713   2.2960904294919637
   1.1471816991851855   6.7574279264065105
   1.1567696692375782   2.598989444204481
   2.2241447851795355   5.284793393718949
   2.4909336300781257   5.223365299363946
   1.8603790090874792   5.845424223566037
   3.025414453506687   4.806858889051629
   0.7999418724215751   2.885778666511671
   2.0690236597483733   3.4403384347022565
   1.600603712382283   4.500077324323927
   2.0869515091240247   1.2236150227856388
   5.9276022829102235   0.09994387604585575
   5.605864611226711   6.16392971817833
   5.336067749962223   5.387984987118849
   3.1160815776851187   5.284615628207916
   1.1661088709689458   6.576440671661279
   4.0865161386710085   3.263482166881216
   0.15014147427457936   4.728558989698448
   6.043043944574954   4.091370769591501
   2.776371746000735   5.255626726306728
   5.4646550873321535   4.13097829281464
   0.3654368972913593   1.9766034074339007
   1.0242175589589133   2.564442559437485
   1.1990399211447569   6.740089176789402
   5.441887821612593   4.545334082722032
   3.889998257505131   2.4198701387363544
   2.9291656886921853   0.4165956869439188
   5.502469220322569   0.1255684437318232
   5.8803002455313775   0.12061827061051489
   5.7191928626384465   5.718937453842136
   2.115216786507344   0.41104509074508444
   1.609435293229152   4.194126499457529
   0.5943429510137723   5.678037405160983
   6.276896964069823   3.16675309267739
   4.110675938846871   1.1196406131439636
   0.8611898973244546   4.621901591941308
   4.018141966855907   6.631531934154228
   3.0295697761262965   1.195186697141806
   3.5777597301625126   6.14583465331732
   0.2274506002322758   5.603794379664336
   3.9943324916284637   1.2268273024225596
   4.556808153620757   6.405936284920001
   5.676350719440495   6.527278028584858
   6.220920862058714   6.047429206594086
   1.6805053010589037   0.2237832514483552
   3.0119792652632817   0.15313005583792594
   6.699661076068443   6.782883437655698
   3.324931433347975   6.238734272585917
   2.3193635782346944   6.3618846391161705
   3.656520282002381   2.454969437416345
   1.6029036058115347   5.819204916341566
   1.4927987243361578   5.631483228882713
   4.3686803265536085   4.698719418980856
   1.9015032002363146   4.761757216187888
   3.7960613307897146   6.660973983501542
   5.02749290661306   3.163143883709853
   1.2371530185282034   3.6612844377010294
   3.0400551228020283   0.8576517067936211
   1.3218494211280576   4.720638207850468
   5.900209786076626   6.249375973947206
   4.622246944222171   0.39996599385197096
   6.604230396597723   3.9234946126723518
   6.289964032186267   4.071743258474341
   1.3164410336823456   0.35952415726197784
   2.1961234430390766   4.785037016310745
   5.0299262335982275   2.5380535825126493
   6.188712001501598   0.9410059950770208
   2.088134570247429   0.8254461466756048
   2.1357435960220843   6.135514936954106
   6.063437118883832   6.145023934882887
   5.445113925342676   1.3839187741824914
   0.12054057843119359   2.286023654416404
   3.7432445533124272   6.520224045562361
