   0
   6.3006137165044915   6.7747630258657825
   4.521249163669789   1.205902880701474
   2.842466779889418   0.9362236128676032
   6.697038461321425   3.4476657469035152
   2.2792757693950385   2.0772200023188163
   6.731123966925004   0.5533285577203727
   6.201697520824301   3.2848235979822498
   6.697415896297715   0.13071604790097946
   6.1799796232879425   4.69507767825412
   3.321310017778566   1.9653820319455781
   4.355263658316293   1.879158386585777
   1.1642680927693971   1.4937284401634956
   4.365784606771776   2.725070114936783
   2.4012759781854554   4.289280877624526
   1.3336409185061866   4.74538262637345
   1.0042564944054424   1.4198783080577748
   6.836058768455086   1.056953326363229
   3.764633616169824   1.1458368461662118
   2.577059442658785   1.937755475359447
   5.302114939767936   3.885208084302006
   5.861185433879933   4.868861642887084
   2.0143702869660793   0.6720504385940264
   2.9504304251292544   1.316314151847887
   1.8236579420917534   5.477191874920319
   0.9587630002563726   4.198041993587613
   6.571563644331432   1.7482640394143014
   3.105623108690872   3.015162237740231
   0.001882963747499411   4.356843579843077
   5.910514874475322   5.0049374883087845
   3.454300918029279   5.815341400717494
   2.265311454807064   4.394337974966075
   4.667883923327294   0.14483516361899795
   4.26912732039928   6.898584509113189
   2.46351802660709   5.137342960335955
   1.2526093109670384   3.018234288005316
   1.538297267387046   6.9620960334153805
   3.55423676260006   4.441295265773618
   0.16247934900029415   2.1151654608780373
   2.3407139663626007   1.9535367632159408
   6.220995289235643   5.605360648159054
   4.086783425923953   6.700594875374469
   5.786616501175639   4.006614779767808
   1.246774258168188   2.429649388235047
   6.250749122040067   0.5881331776776582
   1.1609497809636413   1.4663785056958942
   5.9704445944126245   2.158380489264162
   3.344204214937069   5.654578089414009
   5.41657874849412   6.527539517091805
   1.0029039605233436   2.301261971240204
   4.928275103747435   2.605380795818279
   6.917660746308619   5.329238271924996
   3.392507708299933   0.10753250253607327
   4.715565417613049   3.342089078948652
   5.47544335379141   1.6429479945192345
   3.0349030798335837   3.153156452653808
   4.433443861572889   1.5989231890085076
   0.15861345944488248   4.520570520627872
   1.0267709499919513   4.72731959366439
   1.359753027806932   4.364535789146656
   3.6479017511024905   3.666702419650629
   3.4629544154996044   5.6210171397475035
   1.458979128539393   6.809909678299815
   1.9803757146156098   1.1076519960954483
   6.109288703890783   5.945124764946616
   4.628869690912267   2.3431409614685466
   5.473775178379988   0.9608223820613552
   3.077098752255433   2.1705502349401433
   2.8174699541305293   2.611022659774129
   2.407060932631628   5.287889994961895
   1.8483282736169866   6.887082505548152
   3.0039879820565596   1.3860101460755834
   4.272334562966304   2.935818279391834
   0.41181231697756127   6.53428691117055
   6.709854314210806   0.701047601800252
   6.108400847361593   2.7387507044767165
   3.171079242592936   5.546703850769627
   6.165487489902685   2.225239743391593
   5.721027625728144   0.04447244694104047
   1.3627328553384621   4.971838678215439
   5.490928887252842   2.8774577838844477
   6.523581742277147   6.330293514287938
   0.8129408371351412   0.4236940238028274
   3.6325784534424543   4.235274926232124
   4.969013265619524   3.039365389687268
   6.679546273499956   6.503290571627498
   5.852328127527171   6.361406632744709
   4.155524647183083   5.069723618686657
   1.741117790509715   2.09271412491332
   4.698605177909861   3.7029119263739645
   5.379773004328177   3.7204931191644013
   0.5547948774634806   3.76835397454035
   6.651028185489891   2.449331035205806
   6.279781329296327   5.994062733715108
   4.305619193866309   1.305385430543609
   5.461962892307725   0.9097645543296417
   2.4921862863167767   6.8866312414897735
   4.195352997527106   2.6980753058881524
   4.200301895303955   5.59641887575262
   4.572955956636037   3.6049567300012924
   3.1933778920129416   3.4036460276855123
   2.606957737671376   2.8096971261754655
   2.56582032576181   4.222652099910218
   4.711564057813481   0.7513282563890855
   3.7101682867411023   6.899500887166032
   0.20756272577767776   6.3488310465964695
   1.2250683382285155   0.5286184513762241
   6.2246766932568525   1.336653201123283
   0.13380806836235593   1.4048096348069241
   1.8885210544673057   3.0649984243750654
   4.715743049168269   3.3404814321755714
   1.7834629068981707   3.5860206700207176
   2.2793244354553783   6.346455932960411
   4.380932067267006   3.662493370635693
   5.325549144037047   3.7870590218121363
   0.41471642155978883   2.494696029197614
   4.7645190562139526   2.076228807588466
   1.0705243582225488   5.464195997933783
   2.1554198928551807   0.7811878446871315
   0.336581899117977   5.039878782037146
   3.3415897050083654   4.643782824883953
   3.9352811324930426   6.182014352541593
   5.347470197114034   5.5168958826350725
   3.92288308027464   3.1143210630241516
   4.993096529257716   0.5443897653850089
   5.305024729075285   6.211924013330534
   6.364403586783633   6.087851208469844
   1.8702697224331368   2.974779707035515
   3.0539885156226796   6.9219525180656785
   6.892182556907166   4.621572904854335
   1.9570901054749616   1.0825573717542365
   2.3924050784250666   1.748266742717743
   2.3714123220173855   6.457748292178335
   0.29294816840965665   2.7484210887851264
   0.20703413405025828   2.7617621303745254
   1.015408383342968   6.28907027761303
   6.264019513836519   4.9253705654793
   1.90806154710861   3.0763838636177523
   1.7804518549004302   3.173549794055012
   5.298774665920516   2.4295122404413174
   4.792492962736583   6.142338796313573
   1.982423115706885   6.808947363099676
   0.2806751645581528   3.3115856987863435
   6.555989324496815   1.417413435731783
   5.603009228678381   1.7988445358791199
   4.21276319431515   1.306724618223347
   5.335603145025511   4.171980314137136
   2.399056185375945   5.083233784371004
   3.355357527107474   5.394102185835663
   5.122583240604091   0.30742132539246425
   2.8069180579469304   0.3142441622799812
   0.681157787469958   6.029855441095823
   2.4974333015231496   0.2607728811162259
   2.15358992358357   5.596180902374982
   6.257785459538415   4.281799121000984
   0.16166666319055278   0.8879806783611102
   6.897824134839118   2.407932507271797
   2.172838727849897   5.544274997564511
   5.565756391331035   5.987518176143025
   0.9677267245560767   3.430109776369412
   3.598208262411235   6.663049568041947
   3.844807044771415   1.6841116940202345
   5.317592235566917   3.9197597694465793
   1.6766228464762403   4.08606960914924
   4.697284306754562   6.343442817246409
   6.067615794386457   0.23852752165292945
   4.372727947680919   1.774366877537907
   4.593158434184032   6.153061556483131
   3.127949941275925   5.4376896382509585
   5.422616666010335   5.27233265055368
   0.7320956628659613   5.868099002036978
   3.5462578672337406   4.743197084639351
   0.8394482595064489   0.027448670152707244
   3.3365660553339254   2.884078560230788
   2.5990252757743084   4.438966632840205
   0.2790156410430803   0.2614895735543248
   3.6462027385581735   5.4301720970335765
   3.405601482158905   4.6060174012892805
   0.2689416434198669   2.6889349563906446
   6.2564069600816925   6.95727203727125
   4.755056078966917   4.293170734348647
   2.080243496252588   2.930219371536853
   2.234576627109794   0.17446871792361296
   2.464881760146204   4.842007907122252
   1.732635739345859   0.619503000010801
   5.660636195610131   1.6288197742916675
   2.643414945467642   1.9003837056487705
   6.528060512454554   2.0164657240030146
   2.424560352776671   2.456157527804523
   3.301251085691176   5.286362967494944
   0.9940934625360709   2.2224756706212814
   6.212748310823039   5.200224857073182
   5.088209478284218   2.7249956603622945
   2.4742680819215392   1.212212002930218
   0.7084709533209739   1.414395227352883
   3.1494883588241573   6.006481165531082
   2.7507750988008524   1.4269249874961718
   4.090855619861612   3.650993198160715
   5.966088544459763   4.504236263209438
   6.3418728706566   1.255122797885867
   0.5543097566270162   2.1997707408127214
   6.229566752421873   0.9590439711001475
   2.9377383417622234   2.7363080184217763
   5.788829842768177   4.367041759669564
   1.5994959441278205   1.9603157410172867
   1.1710712688267835   5.164832606133654
   4.304861328925791   2.763559147067376
   0.2941045965821144   6.632654625410059
   2.5498507540532147   1.1109748222166962
   2.188441809942835   6.081319794172069
   6.701489076391994   2.4261217825330625
   1.2871552273703672   2.897596826264025
   0.008086808590994532   0.5415767765592605
   5.292212502204158   4.888228581547737
   6.465453526043818   2.721445743208501
   6.229679555772746   1.958560812041023
   3.426347800327585   2.406717500896415
   2.8794301187599505   2.852194082602903
   3.8355778782429084   0.32149001530159294
   6.93199412516526   6.712248412427058
   3.062036795752319   5.409156919418279
   6.985914777609277   4.6027591214923405
   4.481572168903491   4.742441700679606
   1.8534827892224088   6.850403471659606
   4.240957564180517   1.069727379810419
   6.590951071966598   6.132186584356528
   1.0033496401917374   0.022430140321849423
   4.211333294560183   0.6438949250001952
   2.939485048722595   0.21422114224800903
   2.173625234463849   2.43705605554677
   2.78648243360324   3.512706140517414
   4.471782062661782   1.1088203028113988
   3.4474876934155136   1.6577272143238049
   3.470031055824656   2.4696147367476087
   2.35051703779462   5.137753230082819
   1.548083854888696   4.5975944587156805
   5.6237149789783984   5.816885307688317
   4.130560420386839   5.816848605901945
   6.076867654843502   6.229801553735918
   1.7794277243226395   6.607997419197776
   3.005375332549666   2.7305267001120312
   4.726497058937729   2.2752467875658593
   6.953005153147486   0.7932121122118766
   5.515015677470654   4.353145890357743
   6.783616460015865   5.719168892128976
   3.305135066031435   1.2392239963631981
   2.719660970179804   2.8042004417897037
   2.8775231026459727   4.385359867935322
   0.406633631368034   0.6638355630555792
   0.4426374965465447   1.5711719911584483
   3.557766084553325   0.9013684347423749
   2.0301621340768334   6.316890711705013
   4.322117706925455   4.634666890151883
   4.493857162348099   3.3711083959402175
   3.201841865061448   3.572512506759937
   3.021562366844092   5.43048207820842
   5.120768278400414   2.3497937697275715
   3.4883340571932395   3.813890643635956
   1.116561925220316   3.6931781167102358
   0.03269243863271576   2.7227308552342535
   2.092585120803579   6.694939595800128
   4.871693669061001   4.971965537166876
   4.123205180995085   1.0224285840163359
   5.600037571400858   5.67321620630649
   5.957661086538851   1.2842219355641151
   1.0416598257346723   0.2916218188852302
   0.6127163717611291   6.011296070698643
   1.139253511861793   4.782367884454011
   1.2831920889283057   0.7926220860662065
   0.37790398588432494   6.140714625926932
   0.23209596326704152   6.0293856461424555
   6.843515562512844   3.671039472281229
   4.848424229426313   4.540589479476372
   6.214948533032741   3.595831256630182
   2.680834910339354   2.8650992064036074
   3.78078027363306   0.28475901146460014
   3.9692571057776   5.56125241567213
   2.9573425946381633   0.3868665518583728
   6.004115311476741   1.1049488622613324
   2.7641814607654136   0.49562095761043035
   1.5442213213698548   2.1307018287559485
   3.2863304992262488   4.666976534066973
   5.519494675698385   3.7474286018394993
   3.319774519474878   0.14479333175860265
   4.333549598114098   2.491817740830478
   2.157229881336791   5.025879285955504
   6.263793321326418   3.156912642461883
   0.8258530488310157   6.318605412627362
   2.7330590437168114   1.2521068307357943
   0.03673897352287414   3.9144720766227494
   3.5969019490642706   6.213049642641072
   5.648052746333665   2.4011855120964682
   6.054565488144937   5.686019884454258
   0.579392442100923   6.398731995982203
   0.34923146460000176   1.2611211367126094
   4.844462465559295   1.196617985270522
   3.0745459276798672   2.9222187544306384
   1.6923838977295822   0.9108721824456725
   4.649518911698511   0.21883237208673934
   1.764962666807084   3.163588861157599
   6.362770877980627   5.746259456196478
