   0
   4.048951977892121   5.469992588966122
   11.102693083682476   1.424016656653193
   3.9733007239573155   9.315296340759465
   2.804068717936212   8.51717638502575
   11.942961831527976   24.094801810344556
   3.397443174894116   0.47146391537698784
   0.6754914447703847   6.637137151591199
   18.676018303576512   2.8542780639134375
   2.361698326830064   14.82631733116116
   24.609353087228104   5.90726514362252
   22.2244574552903   9.022411097517274
   8.10451108752885   10.181817943342553
   11.809218776193593   13.457472912590998
   16.852307513169695   8.984327429671685
   15.269918166419547   10.373615623671542
   16.98379632920449   10.0977730504374
   12.094653479237355   21.139833184855846
   24.08341006298389   2.981587138631328
   9.427409332244407   10.835144441301715
   21.957701602447045   19.668324775682294
   11.385273591103804   10.817868039388761
   14.442449126433896   17.873532316732494
   11.545005305482936   12.614312080874646
   18.445892260743776   8.414301708055488
   18.078472891682786   21.054885845457033
   1.3721832392587756   5.892354657820132
   3.8534075890780977   14.961616998988553
   18.046661056263748   1.739091598796891
   1.1840618433591992   24.84829102682049
   11.27335414418053   17.142908791219156
   7.815798676895905   24.032900811861317
   6.19514515945302   15.083174741323091
   12.158282476300789   17.28181411827025
   1.6983388095754641   10.680612412340459
   6.743870327904528   24.606065046586497
   17.205886172971553   17.340438971045007
   14.380954223550738   22.11237220077981
   15.337341331264017   2.7124607311289295
   1.4964343937554498   16.87499236584882
   15.078630945495483   3.3214287588661824
   22.71714825533497   23.63921919724892
   11.301032068999067   9.831303474613767
   4.827016217181404   2.793336078729425
   24.696284122556627   11.29868916091068
   11.854804718932588   11.453038153372248
   21.453539599719782   1.4435409685922855
   11.196846730506325   12.690832157608819
   14.293920111962086   2.9193546768197716
   8.359698442893526   6.912636289464766
   10.799706750705823   6.800398896842907
   10.119650105185269   19.134787701778443
   11.327757391591774   4.020147318192263
   12.639150561881035   21.44689066369215
   2.1805108930280452   3.292933978814694
   17.354636189882516   16.25940397932358
   15.122998925561856   11.129931518068933
   3.255905963290645   3.029613986970264
   6.780553984230564   18.920932213098776
   4.514110047960518   24.035592644501545
   0.929454468803409   24.694989251713285
   7.28357196301361   8.42498451842718
   8.201538373124063   13.095846898487123
   13.90209125434608   8.203935625332607
   16.263840144141252   1.3121680287311115
   1.6450256317739749   20.05120119978869
   4.10562100337368   6.187944599182068
   1.650367369839942   12.843451935240502
   1.6676686504834504   23.505056372348765
   16.625206599826484   7.560021927419355
   15.682564822729134   9.477804962110383
   8.46836847863616   8.798818364434286
   24.259633495580598   16.828350062970035
   18.99968506631555   15.479837365947846
   6.444582828548071   13.422333798473124
   13.573284413149702   17.43871307906822
   18.71139446523646   0.33555575245736713
   8.4704235174631   14.519942858821477
   8.102791135021647   23.39545191502691
   8.616825149228308   0.46792479978768897
   11.525670888925758   12.695195039992829
   17.350134732137143   10.383652085286531
   7.529167424075897   13.313605509918217
   9.675025693014867   12.765894538788174
   10.745545629616837   12.490665487983835
   9.686644334420457   10.187928243919792
   5.0579291164482125   23.806261177359918
   6.617513265136232   21.47433908625322
   24.473891386896977   7.488908816617479
   7.268655070060351   2.837167285246661
   10.630234516699586   12.841540090403857
   5.422629721581609   0.8066170785695298
   2.83182168240447   23.91305001984464
   1.2043339186704278   15.948807669719711
   0.5361095339974392   22.967147514311616
   0.25482720321089447   18.301490378210847
   4.235075695226534   8.004155965016995
   14.014115307010483   18.178409928025182
   13.757515339623216   10.576755758803072
   18.370733864810944   9.493940666366212
   18.117237267357567   8.407278150280733
   8.42913501595747   17.041872118088158
   23.166450436078296   13.861990202426858
   12.170305626730501   19.225692301823617
   7.478703766134798   19.166928368214606
   20.33669493828065   8.582428739827765
   23.08200603776819   17.360184879235508
   3.9594572609859187   19.06810637632652
   15.890303074836194   19.36714803826126
   24.564168250692042   16.48009529047829
   5.940275502454689   2.258056702215855
   20.24059415653941   16.580090500656226
   14.830465643925434   1.70132610316856
   23.442754656775485   14.451214775959773
   7.081017900739905   2.8614538240510856
   8.597437516848384   3.3736898104512107
   23.484866079141685   13.506920105260772
   4.34248129442684   7.035757744036656
   2.904995648016864   20.891340434445553
   11.490559305245679   20.210014343093658
   14.387427601609353   15.050240739427284
   18.619868836427944   0.12003494871571097
   3.905881629537791   5.51616809291785
   2.5300265830363378   23.59815318724858
   24.53160553254614   16.09645282226811
   15.66965856405132   23.792481475937926
   15.330642145725138   13.280795710028755
   22.0415639190256   19.619738193230994
   22.830854872409105   8.049947945141922
   22.022012305473165   1.380164175699533
   19.472312901324685   18.34210622703979
   4.992641524737926   11.951809322167048
   16.057182294573263   15.200249759930037
   11.676587910678702   14.763668064160058
   14.849057042925972   24.671487136110994
   0.5948935099578417   17.31064274574402
   6.636694515169406   19.858602881178225
   20.114902713430908   22.318027510711197
   3.773428987707317   13.13431860694981
   14.149271491413758   7.7891894904311725
   21.931049133375737   22.42040728475235
   10.682379642612588   17.07734241360967
   1.0657391946597372   12.606639528516384
   7.9503433509065   20.810790767108344
   15.883708541654554   3.6386463927019888
   8.281499423119218   18.970750953347864
   17.915425553489072   15.539132065200455
   4.316140326793971   8.671818711306814
   0.1599128722478277   12.64347426349383
   21.56744440165122   1.227405274094301
   6.144349080456898   14.6285970849848
   15.059959068637008   5.89590290079933
   18.15926643269398   10.493111753689636
   6.087660231550885   7.298112182887584
   4.375905626520943   18.50706124527493
   2.9705264955306814   23.872396404885812
   6.5298556455893415   5.29121129603056
   2.056726726232583   20.891290246057725
   8.863868865596885   10.608686790058378
   12.116933901661595   13.501740800788955
   20.062794994266238   21.15584332649943
   11.707952380686923   7.9709040687069
   22.984869120553785   21.62462652045392
   10.044740885299358   17.820382607654707
   2.096112842882239   24.5752634465292
   12.413095977801092   5.814028440575115
   20.648414912861863   17.205991080759276
   16.17966467172401   17.827899642249257
   13.806882759553716   12.935616891954952
   8.011620652014784   15.475700340155143
   15.128356391833906   8.825077541315618
   22.005254474975004   5.988992913344224
   17.020503456596035   1.2557332481486994
   2.0408907188409153   10.258716136995115
   6.069712616804765   1.9550221362136078
   14.830959204607419   3.1330020000882115
   11.416039495761614   24.414170404373046
   7.808711986157779   4.03602732744014
   8.674747133293547   1.9780244607786657
   23.2169920738959   15.723597109917645
   8.256520470867141   3.4036634807606685
   16.499623806892103   4.523393820132082
   0.32222331598319165   4.48230803576983
   8.372405072284744   11.721303712395423
   4.023115099785077   5.398135672046014
   0.7563549511350659   7.849947175196284
   1.123718890420153   2.857972180075069
   7.092772201911868   24.511524679194792
   23.582076634339206   8.667425065075571
   12.427837214943139   22.024326724989095
   11.170929429888247   2.3518809135923027
   13.053890901979258   0.6207011117202149
   8.763373226111499   14.624883442900499
   14.42519759829797   13.144038558896392
   8.47785532678509   10.991764879969235
   14.52791043281689   13.193279580550382
   9.47990505837103   5.543010259439218
   17.877120548038484   24.445694153327917
   17.87177465407148   9.039671766342913
   12.83828639886445   19.452144280795086
   15.76621834310653   2.722266807907381
   2.026000911974932   24.543791481649137
   17.336920444244612   4.884935063023116
   2.119976329146822   21.615154819196388
   0.36561780710865355   11.148235443383433
   0.5562804038496294   22.4556843955891
   4.56475977226353   16.536813962860407
   22.201276053261207   21.99046396954955
   22.744586089702985   17.922277264610358
   19.296385803915435   18.260406279362744
   2.7147806901552025   24.126956548113967
   2.6737060172518703   19.22326002382905
   1.6634193129249937   18.00084473349867
   6.485666723938635   14.488996562013835
   15.639698742097341   20.081850426695546
   22.46635230653232   23.91659410575646
   19.6819811000089   22.028603941282867
   3.047742034436027   19.593994040307308
   24.078985568680512   14.875407936462679
   15.491072079024427   3.0989502989760913
   4.229478901310807   7.300525793764029
   6.561660047268958   6.09574615647083
   20.574624809887602   12.521849893172998
   9.174962401474332   19.261208712026868
   11.117178500847578   4.1380991482102445
   13.872286208016979   17.253192036385233
   12.113006569925508   1.21903928485666
   13.946509083901695   10.935665851534349
   17.622952925726743   16.214826478199175
   13.53130755877012   22.356781657304275
   0.7468587616599104   10.802424976663888
   12.991811711174453   18.039761121959806
   13.526577347565102   4.616151187419507
   5.510282813188139   1.9911768435099397
   8.701130877871964   19.91974627015108
   7.84729755511076   11.457172519478554
   9.72467346248731   21.668982177857583
   6.877120785207722   0.8654018606545522
   20.71672906588129   2.0866611750302604
   6.645325967771249   17.578930897118106
   15.30421251736346   11.825962744476312
   8.377416572039568   17.058088748402472
   22.636011906025004   6.033450168667848
   23.079098733311028   9.777214192347671
   15.20348177272858   3.139647352902947
   3.112028791629831   2.7754838582710217
   21.483951917266307   22.002950291983407
   10.403265126802989   20.034476395920464
   11.83941965848821   19.11173579367153
   14.752324481260153   7.969862040134982
   13.548873121744865   16.90988383675684
   11.036651872298494   5.200566506431414
   0.330227951878756   21.95253143603337
   8.984484829480074   4.416014385500786
   23.216663172284495   2.521727718562508
   8.583497994104922   8.600494298301376
   3.1921626947610413   4.535762830332995
   3.1242813979751456   9.093458392453455
   16.562373541167123   7.0712857414290395
   0.33962493981054   13.965500569089123
   21.639419816560824   4.58394562651131
   20.093733700693498   6.972029196066296
   24.953110930801436   1.9611208380497125
   14.599929978410362   19.9100847822874
   16.86600917056055   20.869423126410787
   14.201044199524574   4.54851060119571
   20.166125022692018   16.469997756977754
   3.333620399811979   19.427649820414015
   15.938532763591676   17.466252565425147
   2.4152307108140008   1.7319580421931131
   13.776002244595379   4.62149905483134
   22.04358974385551   0.12742104863806003
   18.17876926873491   8.338087920890874
   16.076848742982566   0.9253712751337378
   9.814867878300968   9.624969149026578
   14.876340360346138   12.18528655150074
   9.164972591703599   20.797221686150106
   19.236220220507448   3.401375446352345
   20.959506001659086   2.5489342016374454
   4.298868615659074   7.2312308303965676
   20.730787511840195   17.619929515895226
   21.06056837884977   24.319564058801735
   14.749301263674393   3.1371706575589715
   15.908903450105857   7.646001187529302
   6.590695570071947   13.853293406505271
   16.001469511386645   13.983158195940323
   12.588911427493379   21.927561825669475
   0.1949200032927173   21.989677780156843
   9.470889195613875   5.598637072436094
   16.664023774370527   4.182646514270977
   20.53957188613677   19.0839102970262
   19.31232329574376   3.534790482394204
   1.874486312442547   9.306748623580935
   0.5691570348255681   4.724050119689075
   2.152945742418158   6.60085508828045
   23.192213812000475   5.126651489479089
   13.859987701412605   16.37003854703093
   23.25045205584901   6.489478142613613
   9.851417118873968   1.792057020262705
   20.549139472960483   14.843549595737043
   17.46188954530405   24.046783697500768
