   0
   2.3030790565430936   1.2797786019795425
   1.5140723795747135   1.4154749918031573
   1.3318279377800084   0.26223390689776416
   0.04229039438525428   1.3866114565400727
   2.376755223730673   3.66062683483277
   2.4622507272951273   1.8342019056682362
   3.6592999026325583   4.316558783788349
   1.3682096280894536   1.9270253697212714
   2.8996573967429478   0.34261902030793157
   0.3545011074711618   1.9689913591438728
   0.3533408056810916   4.743790130659321
   4.750950853807886   0.4638337528105607
   0.9074422431928514   4.141929408255494
   2.050695897145485   1.4435384929592439
   4.027641155285504   4.7412927313363005
   4.720383862897648   0.8356817743191319
   2.402670817053636   2.017799740800004
   1.7790112242417178   1.2552081553263
   1.7198652948425097   4.74071266908663
   1.2592012867732905   3.4977780423003018
   0.12357746048572038   3.8426282906352176
   3.4235107806997602   0.18466599716756404
   1.5576681364612355   2.342159362868002
   4.39839358865137   2.4632945507036514
   2.3739350908330836   3.9934089019196324
   1.7097386933544856   4.402835886298686
   0.3002607309091626   0.5873155287603599
   2.0564380065326304   1.7409206460776776
   4.105423642292584   0.8621768149173425
   2.542230424639063   1.9353396813092316
   1.0719324957263083   2.7941326766030623
   4.501106405502761   1.0537287038053744
   2.6939059171886144   0.6331171800858987
   3.9978451803909794   4.89457758517997
   1.8539335461894302   3.4257662687128883
   0.06279954925657805   1.8745065394745941
   2.1010198887835747   2.9239913663754353
   0.7288277165078366   3.6396026234356356
   1.5511266274047653   0.7164085604868031
   2.9783135312375353   1.0627138347856746
   0.36249077923397044   2.1395395398910706
   0.7795058156987261   3.273946982583697
   1.6998128000162445   3.0266739575702224
   0.4939439008935381   0.6382180878859228
   1.5945716193465058   4.6345142079009065
   0.07052860661633242   4.141556994640656
   3.133137285816753   2.151194872141784
   2.6068350508332383   3.4769666597282822
   4.960016843089791   3.0340010809261564
   1.0545530024439427   4.230991560517092
   3.1704827922461303   3.051081981672797
   4.073480586648273   0.9637509106315101
   4.284996394170205   0.30868429482863
   3.297284288039293   2.6480411333390794
   0.14725556722348598   0.7339079530465697
   4.564280196275973   4.88721925940952
   3.2683554564210997   2.452710892768865
   4.9877764563287945   4.566923507340434
   3.3514708699981672   1.253867827590609
   4.093060491554457   2.112294972982693
   2.474626950037757   4.861812912801761
   0.6318994778940501   4.320212453069204
   2.68354389177793   0.05477546518304177
   2.100465078074282   1.815154363998834
   0.5522024642008233   3.7593409006488114
   1.4328793652145384   4.537655481795787
   3.605692402036713   2.1285492057333375
   4.820120916196669   1.3159233277920253
   3.3680689543851487   0.26786663462023685
   1.1128167626451528   0.494037040636397
   4.197358234594747   4.71184558740514
   1.8064861920895559   2.7942461453206286
   1.0005151240103234   0.9740115271822369
   1.179091227444082   0.07624345853216419
   2.383051467934703   4.493495807250305
   3.753287245939224   4.422885489241071
   3.781216718627878   0.08415547265751333
   0.8895570446884199   1.0296856093214801
   2.649027282320156   2.555401863723903
   4.981449738935874   0.7045073734941371
   4.828104838565965   4.518683909405901
   3.420436288529784   3.394235947321973
   2.8151977463052287   1.5195482960950912
   0.22543067486829993   3.046808605203009
   2.76042400228199   4.5424283502609795
   0.9908167235137694   1.2898354718778193
   2.678687732890725   0.623785454395217
   1.596857910789261   2.8611433477332886
   4.537386785805914   3.7789574417643594
   2.9476588800580945   4.461928356622942
   2.5954400118833565   0.6990423383335376
   2.854382617746714   0.7198035597465358
   4.611831137225356   3.7063739922380243
   2.0652208291358627   1.2468784215584034
   1.3162756267224052   2.2706221448541912
   4.358651288789595   1.3571113719607624
   2.840285366202975   3.982274693960295
   0.5628045804768428   0.8675251464416378
   3.6438159806878536   1.2562399411222165
   3.3413045806355557   0.549478129196519
   4.8408492544101325   1.195528687290957
   3.594732443068689   4.219035601507101
   4.726673895594308   2.9834567574522475
   0.3669068667474368   1.1595871535936348
   4.740295579062177   4.892531505746607
   4.216457831064541   3.555206976530853
   4.057317646446051   1.499166499482537
   4.116715315574903   1.8798563349346464
   1.5017997131283716   0.9755897675607861
   0.0807182950853863   2.735378282179913
   3.4900166135149697   2.393793438627918
   2.8731931540189777   3.4603368216490282
   1.2747017806663323   3.8210941585583376
   3.367635671805556   0.9421048243247249
   4.8452735611450635   3.6128541096640405
   2.3341734339314026   3.4562037321697403
   4.457710334705601   4.715135662096639
   1.7026707220278015   4.029754509543311
   3.9171491672601437   4.978542305799081
   0.6355809791917144   1.779995644503936
   2.4169510303018313   0.4542223201328066
   4.066337783435677   3.914179768759966
   3.949887351904213   3.393991335361384
   2.7116164097352606   0.5937590444596802
   0.050268030840434075   2.208752039963074
   1.9495858769070973   2.663622853395464
   2.900244458340823   1.9528718206772884
   2.3713109259034186   3.3262528885156826
   1.63918448868466   0.9968984699231281
   2.2587528729109834   4.201009967352255
   0.05193198988090564   2.4269790170031014
   1.7203561592711885   3.85037203222621
   3.6799271932908786   2.366564601778827
   4.7239981510424895   2.7777913559123006
   3.7985759187124577   1.854468192855785
   3.8071166184834295   3.105942556732701
   4.634923553278272   4.133063321017361
   2.81512114152968   3.629482628606481
   3.6616009660499724   0.20139253389405198
   0.6217304891181141   1.7030480795503848
   2.7961745527124764   2.270177290341204
   3.4186707719852185   2.473063878339687
   0.8594460363737683   2.3192005843254258
   4.827204639727248   3.2910412370414206
   4.701913077436203   1.3022579463684536
   1.780253170983039   1.7563933266937575
   2.9945150700048497   3.670850109429642
   4.851411045937041   4.728398195397044
   2.797950618407005   1.795017596716744
   4.465942763492265   2.8197914243930127
   4.674272216247392   0.5481926737120368
   4.218890000470238   0.33857115985122255
   2.2851210400700777   3.7926717525182116
   4.346704743047703   4.379951056520358
   2.132885703103184   1.7532877181753526
   2.25136720921349   3.786995956637329
   3.3442267676591477   1.299087806958169
   2.8597323793085305   3.996331085320317
   1.1698275549036752   4.966300170453278
   4.515889433387512   2.3644105142271106
   1.1798932129797912   4.150596636091422
   1.0506085987477354   0.43018936446470923
   3.971834837715577   2.272639514477391
   2.6494870817945193   4.711640387040878
   2.574738915983728   4.878122375712125
   2.1501958559174676   1.05641003617863
   1.6346390250721115   0.5719952102375914
   4.439268599465195   4.271008750043033
   3.895265768825203   4.406287956359474
   4.69016146060577   4.73828418808179
   0.45087031872585226   3.8419255334909113
   1.2868532312874432   1.9995250330080023
   1.7408777310305812   1.6871515384764357
   1.4110439802046866   1.825396632233206
   1.2805413190539772   0.4786563278536321
   1.4360479382617468   3.1290099581467965
   3.6774327377483917   3.6162308710102686
   0.46676814337552996   4.1847779204872
   2.5705184816867055   0.18774469022193097
   3.592676199805384   4.008313422306379
   2.7467344588245073   2.8284714977829846
   1.6795130820203492   4.425476929099008
   3.8393866863123045   1.1472653113017717
   1.8154628033696862   1.3127803424759406
   0.6933705105677523   2.2218141585398854
   1.8488414494040857   4.726709066121538
   2.6941121877326983   4.416174678457791
   3.8068832116093527   2.1561211665825604
   1.1003032191570683   1.306020326489461
   4.368994139677747   1.929738526522502
   4.694911994584976   3.8105097823277028
   0.9828813475976989   4.889843844691023
   4.8746184572213584   0.7244087332982785
   4.658258779946445   1.8036490152641345
   1.6347351320673453   0.7200776892519617
   4.950364053050714   1.6254031802792874
   1.7748401054063483   2.5461611155489976
   4.154316384856485   1.6451598359056974
   0.049761040117099475   4.5882921366774765
   1.2713775129170197   4.764222903841153
   2.921215399689265   0.17685379616834418
   1.8794740840750563   1.6226444099270814
   3.0273233573468836   1.0278128802857616
   2.6428720759043776   1.0707484373973082
   0.4803776359214784   2.9848697213015796
   3.8296885734070085   1.5245056283892162
   4.627663634381662   0.7946450303384978
   4.870961174081748   3.0736855059017705
   1.9657927962115285   1.9913485719686892
   1.6912874176113109   0.8220662559695863
   2.485921774039443   4.093354217749604
   0.2685822984965741   3.830580366203635
   2.845396084340927   4.221330576807202
   3.6392953516061826   1.207129273276311
   0.41077053596591584   0.9360530019845476
   4.355463759542462   2.340899380001447
   2.3978242270200045   4.563750341385261
   1.2212693181113137   2.0143648501100535
   4.046097736669278   4.527815888665016
   2.98930582231624   3.1427630681507646
   4.008650832027804   0.23793740072403757
   2.5805511393026084   0.18868080998107828
   3.9121454569692746   0.901179672831276
   3.307080728010556   4.878491068910618
   2.34803025026135   4.214278804684742
   3.5228425663562417   2.7077312296410616
   1.3925104466002736   4.272382638691344
   3.105359558281648   3.8641147393642687
   1.1211560778983003   0.18670092714705766
   4.180009034007178   0.6197217103176128
   4.483412393026286   3.8420026473176505
   4.538570118362308   4.94801274226578
   1.3329411240557314   2.9446265164393886
   0.2750193599434131   0.10666488407690577
   1.3716369636696712   4.012647009820986
   4.264093609595163   3.193826841835541
   1.2583247193787384   4.24206257607295
   4.241926337803701   2.23324532530175
   1.157559357288866   1.2463530226224
   3.413106763100786   1.172813809549813
   0.5596139301712638   0.5114762480800722
   2.704795426347111   4.291447467963395
   2.2896542678784892   2.0343530681812325
   2.0160733682067815   2.900789285090013
   2.2422643672383513   0.020114399767437452
   3.069487191367336   1.9011043203169802
   0.5268993006787687   2.701862524500604
   3.7617941397794064   1.7048201267961616
   2.3905074148225363   3.316423303873688
   3.2321999951149527   2.27652307364344
   4.49547748289733   3.0205455416085165
   3.218919193360004   0.5548221026185934
   3.874229829573896   2.06422511877049
   4.658679819146328   0.31934334775809814
   3.156185722465766   1.8513156244843099
   3.8988309174078486   4.6452182265665565
   1.468512125154543   2.612305733304239
   0.3380018899701487   0.44778450518489277
   0.7489545221579053   4.290126266893129
   1.7888016233103476   2.2618138838426365
   2.0772318041757916   1.8970730298503984
   0.36483192473283743   3.322438857050652
   1.0308860631625167   1.039409357909102
   0.23433447026738163   1.2190468436293667
   0.002137666804258309   4.525939124349254
   4.154072448624786   2.8787659632525675
   3.874216896759952   1.9778161213021632
   3.29959252999846   4.402765359737616
   3.448801742022879   1.1390843330434892
   4.541800548385465   0.32644511072360105
   3.5406102347799835   2.15091804879889
   0.9848212473769052   4.203693910946333
   4.710855108135997   4.397258920630857
   0.27640389194674264   3.025741954659931
   4.19818672244645   4.65552329519744
   0.9296738930584464   1.8767400420135638
   2.7239129191587015   0.19327833064268773
   4.6538196277060315   2.4010456987300346
   4.497696188341477   1.140264916012785
   2.4813420232058423   4.111300404325097
   2.930596654566032   2.934868511555058
   4.300784818860855   1.3017323148417486
   4.27424040993487   1.8951179430013316
   0.25640102666467823   0.3477210590354929
   0.6480578287080152   4.996518343294956
   3.360002467502885   2.4705119293733633
   2.6909507677688618   3.75250000186051
   0.5752743765667773   0.625069806391717
   0.3794110656074545   1.6879932817037808
   4.581131001592101   1.0294136785238157
   3.3910276602470497   0.2726135477865965
   0.398223574725422   4.995374151230912
   4.760482004792243   4.337169572553386
   0.0715019128084654   0.1435676125512375
   3.474548122568024   4.935684236921834
   4.641771242847837   1.789484493734791
   3.08327559694622   0.33484169981380374
   0.7104734556546566   0.27293698880784645
   4.366447813947357   4.313753472121222
   4.004461554961398   3.269716341696686
