   0
   6.091327966374521   3.179072708768397
   0.883541981922757   6.6019746441505935
   1.666976140784787   0.3033800955226259
   5.065892968154824   3.9684380410332745
   5.745156003301679   0.23089844483638633
   6.35910147857182   4.207867132923984
   1.727847235952406   4.307567348871508
   5.985147039873243   0.8679928514781403
   5.958595687561315   4.161322623829506
   0.7104904055905447   2.2055802877630275
   6.2896930678614815   5.050905127429567
   6.734489726009539   5.62699305081385
   6.4961664107701225   2.9591443615250292
   5.604663081055224   3.675706287153897
   3.3124237214027836   0.06667519462180138
   1.9810328982118182   0.8233318354169589
   5.827366036848114   2.5379377524568745
   4.6411240064819825   6.600990744621072
   1.9024859466070483   3.565966935856948
   6.155271236456032   6.106889242655635
   0.1749336503238733   3.3558708663234817
   5.168729885478797   0.6437302530303485
   5.073742626304399   2.179047379882525
   5.2026684361112245   2.1761177773310036
   3.1123680486363785   0.8010885431320675
   1.330457645585657   6.453379316721785
   2.52440295365638   4.475967437623119
   6.998756538683742   6.01726066938143
   1.0817946026390497   6.3075031270123665
   2.644733101959261   0.9067167374112298
   4.676099764051443   0.10624741623818923
   5.611341212543042   1.6835487216558371
   6.953274491594335   3.915834905623056
   0.1819130500892957   0.4329088202844815
   0.971205380833453   3.1474859352939912
   5.343410008333894   6.641718394779106
   4.496652535494897   3.7447512454119565
   3.1445151654323564   2.3258187882198964
   0.17448247150811047   6.002736293713136
   0.24033156504963105   2.4631967228371963
