   0
   1.0720841812804789   2.4820444222322617
   6.770987256609819   1.6259928168143314
   2.2198947538327154   6.462232015974239
   0.6868305243908258   1.3627700530890692
   1.8802507552374856   1.1986184210804345
   2.3173117460672312   6.563410322488473
   1.3271652759567556   6.5047707912301505
   1.6111301187242084   0.9834262051331423
   6.142023282080035   1.3507868714940279
   5.696193841423478   1.6360931892885158
   5.777588759518464   3.7538517907969444
   1.5265801908368428   1.7552310063047072
   3.679757465766824   4.061708222531119
   6.642281670685509   3.328371179489433
   3.4929033988155327   6.014994519067333
   0.6139698194261477   1.2068737655885498
   6.8346304910089835   2.2703069442708532
   5.314350643735411   5.079828960732828
   6.054445949046609   1.0804859179070498
   6.195767301016332   4.09760010072255
   4.288341142005072   3.562030605250203
   5.26054295875881   3.6486395539266443
   5.987467860320583   2.4316883908076763
   1.386143349336419   5.72973474601029
   1.9340657173267122   3.2651696534017454
   2.111573268323625   1.5051099331401994
   6.561503842622637   3.2205828449792238
   1.9045074705313083   4.023837669399436
   3.1677616350036164   2.777585187814988
   6.310494413608632   3.657784045259307
   5.352885655443342   4.37039231251384
   2.2361522180548015   3.6338378930100634
   6.720916280572678   1.8386886787151422
   6.937618100131489   1.0644443709181421
   3.5654967581736834   4.385128191352679
   6.073596197769824   5.129489958914794
   3.9058294978175647   0.2115156372758321
   2.439180720537123   4.530357972475442
   2.8558597283532285   1.2079033633356882
   1.722224438659596   2.0234954003464196
   0.8945293089720265   3.989740478365679
   1.818353109350937   5.7461098716358165
   2.1586502584820515   2.217857724388666
   3.903813922585183   3.1706332735157683
   2.4024102550405466   5.494471396447336
   6.597183444330531   2.8673670426264906
   1.758734488811616   5.205535742415639
   5.14154304495537   1.8162442485321537
   6.897688988373455   5.4756740101967685
   6.6080701496200165   5.788918210463134
   2.605818010648476   5.91656528088944
   3.6600757725259614   3.321411323681919
   2.207773548948806   1.0830638999129636
   3.423356570889757   1.0153309148228602
   4.617805540210766   5.503475582624434
   3.4843158801802776   1.342180566322067
   1.1436358975539105   4.821313194655446
   6.98164245227337   4.780572750142169
   2.4689623617367347   6.975503495262097
   3.170423858300179   3.990167187269267
   4.513285023937918   0.45441566196708727
   1.7194050805201773   5.818937460146943
   0.10897168955733627   5.486228284194382
   5.352690985960316   3.2518882136245777
   4.645431715596184   2.574052797262333
   6.266524865404615   6.9396210763481605
   4.008980873224366   0.04887915981950075
   4.039864256790275   6.694168475073924
   4.294441522946878   3.296804583427365
   2.514307752424201   5.307292377340869
   5.880732942339042   0.019161132415526305
   6.344515348885721   0.23296111645059514
   6.547666537173981   4.305049764645207
   1.614599080365394   5.080999989966548
   2.3648735466990156   1.4354410789016872
   0.07904779499977688   6.492926900358791
   3.1062518384942885   5.196399565762622
   5.218583418085578   3.81376129579548
   2.9345303621033785   1.0561381223049136
   4.401936639631087   6.035118780204961
   4.060510621136737   2.8565059982732413
   0.01386139446005652   0.7651755161433499
   0.010256008360896351   5.684163076675004
   6.447793435388209   1.4801103226429642
   0.030959315388105924   2.3200923871723407
   6.368400924315826   0.029406086924619323
   3.0324307675300743   3.118249441490011
   1.6248498743195587   2.3039167024045697
   1.2961097900831808   6.33504658175486
   0.6399541050713532   4.130875478867838
   1.987215679549688   2.821020020292369
   0.01345660952710559   3.8340496126867096
   6.278109277890597   1.5944221376792
   1.4595332753492978   2.49001512315445
   0.6321543372969038   4.143634411762765
   3.0491866511982266   0.7230495465065326
   5.507324220153369   3.3511913233825688
   3.0475425692256177   2.9114168837122847
   2.417511506990602   3.6968576407255944
   5.424141300533668   6.926839869285453
   2.9369598731787843   4.88059320416189
   0.37115527598410814   1.9967267022167965
   1.8494472610554782   1.2083982543827783
   1.8900489966332121   6.965247963465489
   3.228811090425728   2.004919979003226
   2.7015338084263774   2.134626491952785
   0.7911176178380529   6.956355786191349
   1.3967544661223246   2.9920330150911183
   6.3812365918706755   5.645587274714759
   3.879484310690425   2.4702468362900314
   0.9477962551191139   6.618622939899911
   3.749686829497237   1.9517699476391426
   3.8204514569975827   6.117330372902766
   5.348139840154307   5.006354846841484
   2.5321110559791165   2.1280864120223346
   0.7199061922883775   5.850926934713162
   6.82623093500389   1.629369831720906
   0.7612661883865366   1.7386604150602443
   5.855488958725706   3.873470505720312
   2.2903181573305806   6.920485840422942
   6.9131202565138015   2.208392285178931
   0.7257845364900508   1.4775848472655437
   0.3419030259020961   5.335664585899589
   6.471651978993286   5.197446096155089
   0.5382424451556892   6.008188473781403
   2.987103497333518   2.75883610778118
   4.210015986396424   0.9993821271219472
   0.8717951856733365   4.802556199302934
   2.2568003257626708   2.7207928811227964
   4.115855105095258   2.99513346063313
   2.819813174743593   5.1299925605999475
   1.9520797134007535   2.941617671449385
   0.19636415385849082   4.553967916828656
   3.504628608465162   2.771425682335748
   6.429818652253154   2.755369238781033
   6.6541118031653905   1.407704149102786
   5.471040385184915   1.989877802780166
   1.2332954283864237   0.9359474616054998
   1.8609892594469795   3.942599678424104
   5.83074013112013   2.111640079401079
   5.906613166394978   2.2897953637821065
   0.1115195017608901   5.889456020215016
   1.3133790805886645   3.2093991580504264
   0.6647563539689272   5.918081746038397
   0.1977560996767791   2.4596842197542808
   2.9570453810726294   6.224992935904875
   1.3316689133262396   4.660073778517898
   0.008920713303071759   0.814546088756572
   3.3684028896505147   2.1415023447718067
   4.918360345362054   6.620515339882517
   2.6656543194654616   2.1858744276789848
   6.330907559196848   4.190729259344751
   0.156375937771302   2.645069020647754
   3.400321901577946   5.6367379755033955
   5.521785963276176   1.8195878100254292
   6.696763801904407   1.7554594908705041
   6.69336144042643   3.0853392206831662
   0.9013453149637437   3.8225332634454485
   1.4518551353461917   0.08420561720158348
   0.9764743696580377   5.368628778634744
   3.6013298994973812   6.339930319751479
   5.820745520287098   6.28023007766101
   5.874920619626166   1.925519095524821
   3.2052281507962688   5.815445081100349
   2.376491279578099   0.2917429237175885
   3.044826018560557   6.593155613251844
   1.9785671418226851   2.5684782610026287
   2.783979176224799   4.300351573295275
   4.681881895227617   0.571522122518344
   0.8703091632164394   3.7677666310363147
   4.49559286063462   6.387164008912057
   6.952894590738312   0.18795314847220645
   0.9196746093813838   4.765199551744975
   3.5737024743922703   0.5927100268588882
   5.60221660937654   3.6282134636664796
   0.7212858902903072   3.2682987345340346
   2.204307079366529   3.800863870905829
   5.685191995275664   3.5671592711813114
   0.9339002111676221   2.577544469102445
   5.187614921584923   0.5738571697661871
   3.6075217699620428   1.9801999910558619
   0.7756594674816538   4.300768909630431
   1.4648799652440183   6.510221703228208
   3.9331701301506743   5.525536299620455
   2.2964112704056108   5.869242834579024
   6.315415747571098   1.0375921575741327
   1.7474988203264163   1.513308909406994
   5.923004918348522   3.935084968791711
   6.9355629998665576   0.013289349824146535
   2.913243851668976   1.706303727246289
   2.7574366183068197   2.0215511361763037
   4.0977344860932945   5.141223450161096
   4.474395743051274   6.190810651825651
   2.994346188607846   0.6490737028031752
   0.3409282031021629   6.655728504894666
   3.5897811903486314   2.306845166244976
   6.190784656009725   2.67121067166698
   3.725788481936189   6.931433715213139
   6.010066204244058   5.703529517588221
   1.2476669344910918   4.6546347753366835
   2.6120644196440237   6.691273133563992
   0.7480367666091386   0.8854823275973317
   0.5822802197526962   1.332783807412523
   2.901941111135752   5.168445008593759
   1.6845084848392706   2.1151415211420956
   3.021177405152198   5.288768953222927
   2.9100882169369573   3.376899371320329
   5.556343078905498   1.0377762350223525
   4.312375286261105   4.9926749472197365
   4.844417708658915   4.3312058766238835
   3.697211301974052   0.2823489333705703
   6.437787644582285   3.8727038004687833
   4.137615665801624   1.4810249536504352
   5.8574572638752915   5.272345874658441
   6.147147624756689   4.558047401179488
   4.5887725832766195   6.466594874945159
   2.1813365028891996   5.3442763119982
   3.5823272909616084   0.441374747208108
   3.9402987081777243   0.8164664721088942
   4.435796928823876   0.6339599065531092
   0.7181130715596898   0.9959945046656197
   3.81428964565227   1.9821580797195382
   1.785741830023638   4.2463273607652745
   4.517388284732726   2.400782450341046
   5.504244443501784   1.7995255127985996
   4.920388253000789   1.4956888874368035
   3.543741068643983   5.106718069483179
   5.3053295046702775   0.5746702277342365
   4.2310449263605365   0.0908914772061491
   4.854250062607252   2.4822792707721515
   6.665093300425418   3.5824769556775684
   1.8026801243356938   5.472172280108452
   2.824266951747169   0.13912332121558402
   4.445726382814998   2.2358382985672742
   1.4434007693102275   5.090687609578821
   5.352186596645434   5.330604915684295
   6.960746889771351   5.008878126180765
   3.2739687109922038   4.592581908550482
   3.3263645866876077   1.8781283087029381
   0.8386729048351854   3.6817306353101267
   5.9233699868549925   5.040182087793408
   0.18253455909682426   6.686517511128358
   1.2821928159060882   3.4995190285621494
   6.2190087867995665   4.714634874627319
   3.665445017024666   3.4101430366684053
   5.2451151490158106   2.614047260425057
   0.967217864813828   5.516411935825731
   4.063246258655574   4.405141358171597
   3.705587190374585   3.991478723221798
   1.7404794859498296   6.660033669635045
   0.19081511949105667   4.506566830968368
   6.540519115301702   4.939113667069592
   3.22419724903998   0.4727004172168876
   1.4452283011104297   2.4876711695239764
   1.923718116276071   1.2236555369155022
   6.033300424746042   1.7069836594221777
   4.482635137910605   0.45480057754627845
   2.302952215538645   6.444508486687007
   3.845823697716944   5.497141446742854
   6.313609408269226   5.896852519641457
   4.436179674746523   0.9892835689306207
   2.2783876684660624   0.8869629891582033
   3.179579894001214   2.2121745240009743
   1.9647641313552981   6.463505649527696
   2.1618694255279745   1.7723864600177333
   0.9551629280188483   6.17567401429698
   1.305051592271678   0.4593478122598358
   6.482271032377885   1.0006896285940692
   2.4723163661636915   3.9603321652689187
   6.1857308047755435   1.7440371088562028
   1.4027575176915386   2.6941586159178668
   0.23744734889631558   2.7939892750276005
   2.8365879014678868   0.3204595138751415
   1.8520788735112474   3.3922619716786695
   1.1203710331178816   5.4960176447050015
   0.23736908532506096   3.081653191256382
   1.4792520039282067   6.183072977476445
   2.545813041328047   3.7093004620220826
   5.009380210947099   5.26665058777578
   0.3647374004332187   2.300709945682482
   3.278674941149375   0.40885606623257686
   0.726206779972189   2.2749865773401186
   6.22779973614531   4.957735357668001
   1.531259969992226   1.84571748544954
   1.8356701617414926   4.336693993491741
   5.664811078226856   4.044731999354313
   0.7550293117164214   5.667619104944503
   2.928137960403765   3.6174910088942225
   1.833590155470608   3.426745915666869
   4.235217901567646   6.069122293642279
   1.1149510734668278   3.696958295947658
   2.3072536561581956   3.3891534050184045
   0.5609533381824999   6.063613547109819
   4.3565709111180055   1.4507563706497666
   4.353360841781574   1.4031261109463273
   5.976653497126534   0.7668499943089637
   3.2177024190290116   3.7344483862932663
   1.6494181587920884   3.1906735110411097
   3.765827125430712   6.94323040295081
   1.943918282830283   1.2724729820936311
   1.3761873957432125   4.546841693233418
   5.612499206810689   1.3267113456065238
   2.6220703581878144   6.745586630937731
   5.391016082003074   1.8257397056926978
   6.717964993781015   5.801340758314923
   4.379061232015525   6.516139249103013
   3.88295706559029   1.2994888512981926
   0.41423017828315745   1.652966592232707
   2.9175107721653157   4.083436176145813
   0.8612981799435078   5.964909651628247
   0.6562029550913661   0.6031231290970779
   2.712756912347858   5.399883690692896
   2.2939367027775126   3.089861421979098
   2.841505286461529   2.3558719876744876
   0.8868774886167453   3.3594661921865203
   0.6595662207155952   0.9758348764484386
   3.601806430069504   2.1540523128023503
   5.318544440083118   0.17829329892978352
   2.5288056518598925   6.760014159147989
   2.938120200913187   1.406703950169537
   6.082145659652755   6.185605825239698
   5.168213693694717   1.6110284898894012
   5.192957966861136   4.446184633492585
   2.678540677841774   3.723914389197679
   5.644737014264009   1.48858569590534
   5.926112278641882   5.861683261417498
   6.018925140207346   1.9882354826261557
   5.776822717815075   6.666843129720315
   5.802797066334518   4.673516623285886
   0.2516000103879895   0.6141162156442805
   6.26556959294086   3.9715446892441353
   6.830685638798021   6.725995668478684
   0.7311254593571186   6.627910063695217
   3.3814390486816137   5.986620810405796
   0.8669476046571483   5.530095375973714
   0.8756555948459426   5.804281036937805
   1.568824400972713   6.260168499323342
   2.6317158062097974   2.1531324570681076
   1.9495969777371531   1.9170077310709575
   1.8549749862109275   2.523737222359398
   3.8376774490432455   1.481707467984433
   4.756635610385081   0.5298049342652899
   2.0572829632665837   3.451964595847743
   5.506930217566362   3.9550439719307606
   5.597285404246193   2.6421444752102574
   0.7227825403749254   2.1792979170707323
   1.579295320579598   2.935371867941453
   4.103193107970341   5.2971717289981255
   5.708049742925491   2.382392774442574
   5.207440538343671   1.8351217238315236
   2.6283934764583416   5.369099072942529
   1.2217686745624468   5.784508070652982
   4.32310030849858   5.620508666584161
   0.8795676433209757   1.6983823840370214
   6.3644895788359985   0.573642249420067
   4.488145063001154   4.848805962624421
   1.4802594162386105   1.1351326515949036
   4.272017516966498   0.9092682791234251
   3.5101656287238634   6.041556116636547
   3.9682363126278473   1.313297130426363
   5.415135282484797   2.9613706321516093
   2.8036034996589376   5.345626935762181
   5.554118501073015   1.1169941756695603
   1.646713677210661   6.146315436407449
   0.9664403231141461   4.5639568059095765
   4.2595963933975405   6.150970355060505
   4.8886249181200485   2.341205851548281
   5.174319787884545   4.0517728836495985
   5.194628118946628   5.502544394230522
   0.7892514707144992   3.144257509375926
   5.87712211562782   6.553830735282262
   5.817757467585955   3.92383204112768
   3.0849401598215684   6.053964644371424
   1.228958774559898   4.013793485408484
   4.597996109108451   6.089835017527362
   4.295748161601412   4.943119962317312
   5.955959555031493   0.006301661158597538
   0.30960819249467475   1.9475929143452546
   6.760672935361117   2.1619338757049493
   2.934854244769334   0.8418254619628738
   0.9447629783134054   4.589623974528159
   0.056766551551173605   6.102548054339935
   0.040105558722813184   0.2683444369326048
   3.328657197172741   6.61502477103865
   2.6897663139996086   0.2582175304836676
   4.4422564960126465   5.064747340709915
   1.8257507221292968   1.215709479952046
   1.4338875256382024   2.7055788427749587
   0.08235563760649112   4.789164714790633
   1.0957346552415879   4.2032881591477365
   4.13112858884657   3.0970417659729628
   1.787098057800213   1.4399467560874668
   5.708399571158109   3.9121113327932946
   1.6348599590436104   6.569925537158301
   3.1600610717460924   3.3145256672962056
   4.2754767468166595   1.2422576026624288
   4.350736054682705   1.435066519751821
   3.922647365071997   4.746904003341023
   1.7756797662837305   5.48702634871346
   2.645389935491733   1.903985564806419
   4.673725975548579   5.581079956326315
   0.31060093284941204   3.7953123800279114
   0.8682988103609122   2.83214530886347
   0.6822521657379007   3.9365723957054946
   0.9609686267778138   1.0006383908241534
   3.676218536130252   6.206308602434596
   4.368247290166563   2.3626687292952675
   4.745315620449905   0.7843397665776277
   3.527273261396521   6.6746262079154794
   1.8134631391073401   3.5075559466112622
   1.399752603623454   1.9872520801301867
   2.0909719980163803   2.4250359531336607
   4.175979158410976   6.6726941837499965
   4.484794962194948   6.927216768423286
   2.821971017313557   2.3551834142101686
   6.1681617319342745   4.635360838298468
   3.822718936854871   4.481879446095793
   6.193356490110181   4.267844562153846
   1.1532564634275748   4.035070728324513
   6.819484346678909   1.9488128169885148
   0.15671758565112304   5.370320518662995
   4.483904908755056   4.892520493112342
   4.62476449061607   5.367295771248524
   1.0716018895132058   4.08320038035399
   2.9607233538931994   6.000911667776471
   5.3310873136354475   0.47557735115755406
   3.8594823631333073   4.080079729340261
   1.9485326194030617   3.3651639992902274
   6.460661561129671   2.2597391267087774
   4.923648634607537   6.920254628278337
   4.422780396758979   0.5090024914260177
   1.4914242328651524   3.4290506152400204
   3.82610627271347   0.014145554154197826
   1.9031711140102554   4.595628553759881
   1.2405782900543387   2.0098201414097696
   5.918405111765742   4.217484532699262
   4.69266481135438   1.2652624336815383
   4.865933770506451   1.7951599034592522
   3.631219714045648   1.9044258746595135
   3.608102612126455   1.060979576996705
   4.327366451305811   2.909858074498132
   1.686489903380352   0.06920586795923656
   4.4471492839699405   6.049795179359064
   1.340427035417782   1.3639351122167689
   1.8081503184784369   5.076342745754964
   5.971554146703831   5.833836762115724
   5.572485124021914   6.86976178272982
   6.9782105621666   1.1743597919089788
   5.33854660707717   6.749775840559969
   3.702792799331688   3.4083025569160372
   3.772582035356059   2.4394660899301708
   6.523298172582487   5.66466767146147
   6.568644727894305   3.1507165497753467
   2.877112538768924   2.3834945535670258
   3.6416773830474964   5.962321520301696
   6.23068124218884   4.300889563854907
   5.5434405691549316   1.0827663317801215
   5.703040253942985   0.9737424347104962
   0.1447144514952885   6.72934062523203
   2.2142724539395777   2.2276439025958252
   1.6496593535209816   0.21364074671897737
   4.6617871752235684   2.7542940466932944
   0.9994365835151976   6.40066707030638
   0.7279085946363465   1.1462100456997886
   0.6821450726065359   2.00462107973522
   0.4915929051965163   1.9368196602574788
   6.894847009067824   4.199154896630971
   4.055182745600566   6.713048858218091
   5.900912617532298   4.753223582479226
   6.903941224682771   1.0852839434068269
   2.2921257491687506   2.3558406746138685
   4.691693530650564   1.2361139765649638
   4.69995468210722   0.9639340975329601
   1.5902428081223423   0.9245321398349512
   4.304100013394458   6.897150225856732
   4.25330860255081   4.196296871054896
   6.258897731772935   2.0118495979804636
   1.8275770878927216   1.6439304009652314
   1.8993595286847205   0.6136873518352157
   5.294034359770828   1.8713499965261375
   5.298601044599353   4.814072268448273
   3.7420896012251474   0.8484079645313093
   4.427112644160545   6.8004425420830215
   2.9670874579448165   5.089632347003452
   0.8117929610048964   5.973697503383485
   2.0386343994309035   3.059241179902419
   0.20887532766117467   0.10827217764708519
   5.212759534174839   5.891019357343301
   4.389835897248687   2.6112416053556085
   0.7552602000339399   1.4169264993875896
   5.693087177635125   3.596486150374855
   6.906670865030799   4.622323606131173
   2.5167172321498477   4.848352384542166
   4.351130330908555   5.988483113725838
   2.418749538870414   5.826390710862579
   6.152005680241689   0.7445669589226225
   6.951357152694649   2.658645573710668
   1.186471444079912   5.8315322988423075
   1.7841765599929325   5.585630776267327
   5.649323131847193   3.379450762559919
   0.06932780382124426   6.5505117723247706
   2.2031455856896645   5.717493369766523
   3.36695673245911   3.5831726174024072
   6.82753804896387   0.3723659291993612
   3.7850791568300637   3.296737825014463
   3.3644374183865846   0.16624388248742228
   6.291215070968997   0.2047735032518031
   6.169664278391522   1.3992873824645287
   5.425762343079182   5.6757847924889555
   1.1626530080367066   1.194584449027895
   3.888272275482448   4.168780526174886
   4.9169156278330615   6.394896529752744
   0.6777471712643357   5.939568767064994
   3.253120458545002   6.9308548155862955
   5.646793486005542   2.672102734696005
   3.084756846875037   4.329275763723473
   2.476925252945736   1.4725856999620643
   6.023190214842858   2.9980427685711204
   6.198519893240125   6.366201144083123
   6.474499610348067   4.110518083301215
   6.463894568002256   3.8572259188424898
   3.6548249527549004   6.317730275751551
   4.835678267504635   4.252937674520287
   0.11403630429278966   3.140596410916312
   3.375117155445473   0.3101209109076347
   3.989375676255978   1.7372217130561238
   5.806161512556923   1.3401310814004064
   4.311305796839615   3.8018350183134064
   4.491144978963172   6.2043672677172435
   0.25313607914847147   1.6321958200767899
   1.3825733770268178   5.646659623691549
   2.2540849851551013   0.9013297759675974
   6.013007999557687   6.142469897656554
   3.452269236121588   5.387227434354131
   4.451232151173285   0.8969561879703005
   5.839700144301064   4.850656457040117
   1.9878568447913976   2.79484966298854
   3.995701548696358   1.4065206996550526
   3.117226638136133   5.994739212705855
   3.1682504609994933   6.108214593224536
   3.1549545763913494   2.468759268500034
   5.8545757683932225   2.0571992246239925
   5.571617714929229   2.1158240351530258
   1.8829394992335104   5.161549712045751
   6.833112814198854   6.122449690205552
   5.316857866163726   5.69749493917307
   2.2168798675805497   0.009855658504945852
   6.29110692852337   3.0769962897104026
   4.720661554963653   6.289431962044794
   5.145692647513012   5.692182741768165
   2.7966766936688447   3.850811160294096
   5.949554332107383   3.393987534777028
   5.229052585680238   6.127679060278673
   2.700098970799796   0.06759981650284541
   0.026062618345618183   0.7261104970676536
   6.147760190032139   0.8913727199686076
   6.72118515196308   1.5586086876568834
   4.326601397840922   6.2085983298931176
   6.968206329560066   1.6041835612473543
   6.472576133297804   4.50308927263115
   6.775549556679138   2.2106939396866205
   1.0803900209262314   2.7497722116771515
   2.15372906519476   0.3703349050571413
   3.3879980515950225   3.4105307062394203
   1.3472827212030332   0.6325436460027002
   3.584602739821718   2.5633017749168823
   3.1887509108968364   6.270750493106479
   3.5136087924908734   4.088955360828725
   6.447230184969773   3.9902967093114117
   4.586324184107746   0.4957626687867428
   1.3477400667047128   5.854490871294278
   1.0352818101212495   1.835278860146061
   3.71010435121121   6.2141743732249655
   5.517894980735544   3.2562392164078746
   2.3972563115547363   6.253312975304677
   0.43174328355805225   4.0545957227861535
   6.972839139344128   4.309033333299159
   0.12212363244842106   0.6080881617265116
   0.6466873267063262   5.389166374519345
   6.4505839926089505   0.33277183556220913
   0.7342285049632286   3.2937650307508473
   5.949997366808161   4.766696476425293
   1.9720651956152055   2.4492053923065997
   3.0173160199770828   0.0724523397577932
   0.11694664097405705   4.984383052240615
   5.289483543470238   6.655576278084542
   3.3090626279123816   2.7181633678985935
   0.5110680187794557   1.2198300285238686
   0.7030421711470777   5.585643505810672
   1.8340160497479059   0.4231409799688649
   5.86125878056761   0.6079306572790303
   1.5905113501860337   0.3595148945125567
   1.3639997165324886   0.8060423303718587
   2.149260931966087   5.372505984426406
   1.019770208032054   3.4741809172085563
   3.503613072803022   2.204852377252695
   4.956463805874283   5.961032061896906
   5.746754075869139   2.206658509662694
   2.7403406216855735   6.559889825359454
   2.5648076191757587   2.2610303756640384
   1.5047176238440256   2.2793029003329246
   5.323005965894357   3.2413399140304926
   5.873982643450459   6.15559031130017
   3.2331815242587325   2.188322523061112
   3.241010785921899   2.3769717999337323
   0.4726654499562286   1.9879830735890789
   3.697265077434846   6.816205165595287
   0.9752664312423179   0.14280711204073848
   6.624830876370259   2.614522601632771
   1.9343383218642511   4.259051567088528
   3.6383410227842674   1.224306056397556
   0.8460306194126662   5.121909844607072
   3.212210173961844   4.801341399543784
   5.177652804481503   1.6981205642751624
   2.944808421904204   1.0396366393996943
   2.471667252216002   0.09211130739602258
   1.9961642316082393   4.462691151137217
   4.890166337587078   2.387046223827815
   6.789498628002402   2.824748842676619
   2.8677683906602938   4.426163122873712
   6.58935347378044   5.63396883656045
   4.672708309098702   3.932566156678321
   5.060285368424788   5.88659246352684
   0.27648354392025676   2.9271585266988143
   4.370062965399255   4.897088707263217
   6.001750160836974   6.184674683936109
   0.8300085924984065   4.623903142980749
   4.956251854432708   0.4667982450336229
   5.462594488869026   1.123836963404837
   4.267399437187947   1.4891164360975326
   3.252607510055572   5.720233288179979
   1.6077047596478606   1.0151979956884132
   3.173163005842648   5.141038844655471
   0.4456091556914036   1.126342387838255
   4.381554753803526   3.2724679312057683
   5.869331200505256   5.589579999351808
   2.2523925270104397   4.282384047562727
   3.7131975554437027   4.339273178920927
   3.1566871712572677   0.6946704596389833
   2.0665006020238987   6.399191747701918
   4.105505291893099   6.541754531185618
   2.0642719492754247   0.10221021688605558
   1.5555265875595778   1.987102137130094
   6.14743553961312   5.21379759604888
   0.8212971436146651   3.792895773839235
   5.736650014508576   2.5332430106887207
   4.655183489356754   1.7102576894044617
   2.4897295772640597   1.7330857493007423
   3.640993261406039   3.290278828358158
   4.0068717788670085   3.602490988324285
   2.100938379213823   4.753763012297904
   2.011003390771748   4.484333653354166
   0.2380784396665908   5.415993247794769
   6.662397357428934   1.538529760073615
   1.227593698583677   3.739976390628785
   1.767291585057916   6.525677124867286
   2.9301945638665385   3.3875185940389514
   0.20958374934923563   6.085338567943086
   1.82969101665983   4.652138397882491
   5.972757230299311   2.982326492286543
   1.6942003587367336   5.391213506039952
   0.6260328817669512   0.5121203953977652
   0.3266867482057032   4.026914629679971
   4.124323761766243   3.1930727341519187
   1.6054861111825787   4.356371969817298
   1.2159078082560493   3.0283309042683353
   0.8191790636816183   4.801173050992013
   6.664821320230227   5.994427774171493
   4.072637661057769   4.334684045857413
   0.876806797993837   1.0062656389216436
   5.282282123235949   5.652841309614402
   2.3682399420108124   6.419743431557609
   2.988543248853668   4.199950435312516
   5.836793631164893   2.163547036444055
   5.892239619878772   5.425688142798552
   4.380683076890065   5.84065177795583
   5.669036939745301   2.1328911133800883
   4.67017336738825   0.6078533292044461
   4.232371103547189   2.9778712567710577
   3.6006152511245197   6.3281709300724085
   6.200172473820101   2.1058930824921727
   2.150610703142261   0.396237815036545
   6.87444687862735   2.544095545266469
   6.831998761942787   6.76082022887491
   1.565221314084446   5.332541698171995
   3.2501829491402834   3.0113760440038853
   4.58158249540134   1.4512271038965094
   2.893912021215175   5.957088886625787
   2.672488168379435   6.3967765000161005
   1.342961353617415   6.90709038791429
   0.12874930598678413   1.7772045595471542
   2.6202429222156387   5.859600018615046
   1.1550386434200124   1.5265197035980367
   5.42171629680375   6.025492097096292
   4.486992261699522   5.2930930151645885
   6.433052089787175   2.5483174265578383
   1.5634322549348347   4.2266167732839355
   2.8863374226870913   3.938085981817088
   6.867450848712522   1.7781234329730822
   6.923200274450072   3.610134390665844
