   0
   1.3052787034172284   2.14353892454953
   3.1923606289072506   5.8639007543895705
   4.939245707333554   4.865981260211427
   4.584597822541904   3.3490360805001336
   1.111271156855161   5.445072936954047
   2.8436083234955425   3.030089297282171
   4.423226442212059   1.8582087617885517
   5.2126744712009945   4.132342312958128
   0.4459813709816206   1.1921380577409169
   4.859504684189919   3.3610025718298795
   1.6524854811065561   0.11665044564286564
   3.5605191960440736   1.3361269836271679
   5.802347873149396   6.603056657908474
   2.76594161987412   2.8729122946597396
   2.2280810387476846   4.5766446980710604
   2.7063087897806812   6.643698210254548
   2.3862597424991723   2.5663111227467295
   0.973474719447385   1.36642853424971
   5.418679942139375   1.007344655375558
   5.750395161843418   3.9914632861308146
   1.3191927256766165   1.6648592016579589
   6.573937567206205   1.404533380203329
   3.6212198052921067   2.675650123881819
   6.193676606764661   4.928279525537966
   5.309045778205965   1.9552684111179168
   1.7370927323715466   1.3882107071942051
   1.9128182350820953   6.184882481051381
   3.0078027856988436   2.7110732966514215
   5.472771327209324   3.2790186309817173
   6.328414429977123   5.944513748349467
   3.252524202356385   6.140548320918993
   3.893306188719613   3.2265686046249984
   4.744395080633007   5.633310899445696
   6.1190931825455035   1.5919164955516147
   4.641502879080089   3.045532939293484
   2.971755374993282   4.578970473065855
   2.0520167489697183   1.8787329550290033
   6.709359931008626   1.3977909021982047
   2.30025121396238   3.577069578412909
   4.908023332152596   1.9334474594102753
   6.197386513710718   6.811117601185892
   6.036221436767401   5.092854393430968
   5.671434556430275   0.14782693465333852
   1.2087622361092782   4.955255892549999
   3.1216514769903063   5.3749452242233975
   2.086700616100256   2.8574316933822983
   5.806940297535184   2.4034590235896105
   2.1931836374223757   0.9343488643683564
   4.990864892648218   5.545627531062599
   0.18767651728884938   5.74437375336658
   6.447741393210434   6.058961731399635
   5.882231235289807   1.43531720524763
   3.2848519437857355   5.158021594893404
   6.993416799359853   3.4534785728752553
   3.855163913072485   3.2261786344427144
   3.8022466734398512   4.0625012507277045
   6.823027318282119   5.708514456658938
   0.04189653619191491   3.922257479614073
   6.2021515323381005   0.13480057246567323
   6.449215884068438   3.6801209944558777
   4.410756209030499   4.9080237717890896
   3.500999073360262   2.9478896264329197
   3.0831222052855654   2.899203069735108
   2.9096950059392457   0.1772671375464301
   1.5398542511301878   6.513257097052149
   3.475688432680697   6.805209992470768
   0.4510089469049642   3.7334643684654414
   1.8845057497253583   0.6175966136269183
   2.326818074948603   3.713575046173786
   4.997251547374608   1.5755729683633397
   0.04008084778472143   1.7669090554601794
   2.111296681160327   1.3635758820007333
   5.622383291141359   6.1008006483219805
   2.5657013352846256   2.651437386530696
   0.08313442348716737   3.362518846792576
   0.9320613903127523   0.515117080670741
   1.9760010128490244   6.999319564412433
   1.8664352944320806   4.6315139811570285
   4.881653770393213   4.590558171300384
   4.501711217095711   1.752449549342604
   1.8888271756099566   6.683814277644068
   1.0322434968194463   3.5713221298070756
   4.5375287426498225   2.259753666479882
   4.883791571624751   0.42307113614975367
   1.538819671762516   5.761976443832527
   2.5717587350685522   6.3039968091373595
   6.90492810973248   4.658374445242876
   3.029439675997979   0.4626226848377104
   3.9115354215594405   3.7495413002622704
   2.8354438973412126   6.29619152141134
   2.5709201949624014   0.907556680217344
   4.385675425969249   0.48953006399564936
   5.020222449921759   4.614986806157312
   5.640209690211516   5.2539198453607865
   4.4234340429358845   3.5792143051111864
   6.629118661684383   1.1632562484538216
   3.648799769057847   4.821242925959046
   3.423756168160422   0.4431797513264817
   4.115156588987168   0.9808818310607578
   0.7712283531981011   3.646008701053826
   3.801319249255913   4.141753884973414
   4.0497321802891415   6.440204429455903
   4.4819580963312715   0.25983154687023735
   1.6311568334794384   5.757744721372524
   1.791503269002744   4.278236461642963
   1.1348068709247747   6.776183405812544
   1.7244400301565557   1.2288095885956414
   6.422310985992861   4.164319018679376
   0.6559520659666765   4.057479284322682
   4.518746353787459   5.691297434404201
   2.9112000855545066   1.5657346598473985
   5.948717326809557   5.688617270943344
   5.3246133804541405   1.73452677050987
   4.24858860115716   1.9629113050633442
   5.112405774391075   2.7897024801055625
   6.65728221033329   3.5845187276256563
   2.7321104511943775   2.679590329474034
   2.198013057723531   2.522768003032826
   4.222273426323699   2.165639898883767
   2.542042064586773   2.3635328176180628
   2.803518712436917   4.476031770088685
   2.1929948391590544   6.328027786495339
   5.279044269838683   6.4399538913526415
   5.646496501918951   1.5139525592925496
   0.9981892862249279   3.2067623171219783
   5.264841016026109   2.700997338983999
   0.8410504326500868   0.0595161918608631
   0.6601202020063504   4.202368534478666
   4.845208940826178   3.4564009782445946
   2.4017000426016564   2.102389903055202
   4.727468733668477   5.276330502048685
   5.855143753151645   6.7973879444185465
   2.6540919493274497   2.30653519562524
   0.919639067064791   0.05296337755334446
   6.182349942628303   2.2902243338437427
   4.359701069836682   3.805402040129228
   6.334299204167151   3.351429245456271
   3.3243831554124963   0.6683777542351694
   5.270524143747667   4.331908721095381
   1.5134341462278333   2.5582445155219267
   1.007175275592121   6.511522432660727
   6.28481017462164   4.02211725930733
   5.063969201506421   3.338751041535251
   3.8016504166580396   1.7425877543383348
   6.843898717659298   5.172062491969221
   5.089294272187206   3.3013194622639945
   5.927241765372875   0.6256041306663535
   3.6141260383325395   1.6109165464719526
   5.313040534247462   2.924215355998884
   4.705992166941356   4.470356143883421
   6.960560262806073   2.7030347909516172
   6.824649793587959   3.46392673842918
   1.771321571296136   0.9359985269150369
   5.318166283518694   5.907009385313781
   0.40913655319850695   4.145296181755834
   1.9373980584782133   6.7441901545823395
   1.0811659903615956   6.730379160153751
   1.9556387889101066   3.2260872007205745
   2.5973486648679036   2.1603873498742034
   2.296240698269259   6.830930281187682
   3.6886421634018025   4.897881124004297
   4.593468738078325   2.255320350033681
   5.696348314981275   5.264544751179767
   0.603064112136945   5.3757535441428494
   5.345384962482292   0.02104532492755473
   2.838947586621048   3.8783874184317977
   2.383697355604002   0.21350761506325144
   5.741211965652834   4.769177282442671
   6.4080949044858855   5.838087614563458
   4.078006581306378   3.2099088081750726
   6.203627002219325   4.0929024715841775
   4.650133014750158   2.077801490932524
   3.3992059862016375   3.4230954912137515
   2.7021291481497856   5.3172557384964705
   6.186513205600048   1.2200901011664942
   1.7473310835780482   6.541965277855959
   0.26231688756493543   4.910110780226677
   5.786862362552045   5.454015368549268
   6.036161762607518   0.2598188185978454
   3.1437119718048034   1.4737332854035565
   1.495978682275743   4.038439558223913
   4.343021925018979   2.5199597558971853
   5.9434978306512845   0.7060267774710446
   3.648418859456036   4.145055574308868
   0.09943441156975286   2.5465338457391153
   5.011682171433295   4.212357418611685
   3.835252971997913   2.6321391365272158
   1.309252705932594   1.0059442909980292
   3.0139015220528185   2.1917888887575487
   0.8240491400297901   5.083475891465761
   3.6162424629620027   6.362202200344489
   2.9847683246749863   6.322511504957999
   5.49299372291688   0.9235999800314227
   6.397304834030028   4.469116078297256
   5.713829279873925   6.4651978202825635
   0.1941424736570292   4.07471148267594
   2.5858742543750055   5.487021754041338
   4.6875213800906055   0.0030232967087480134
   5.983165567156927   0.22488397537369031
   1.240906781492073   3.7036310035037205
   1.6667349843170993   4.48437479309757
   4.170735985686508   6.182017851185514
   2.781807321405319   4.4875035152188065
   4.356638250704092   1.0481728091923352
   1.6941943159511421   1.6721428435300105
   1.0732809624882171   2.196691334650246
   6.772295235113008   6.539705054878997
   1.3607029221124043   1.560973028284785
   4.634209731591243   1.0205032368357543
   0.022464256257662463   1.9925083131380936
   0.7612955042437156   0.41902024644575464
   5.082144972495719   5.643400222661368
   0.23009592134884582   4.812837100439204
   3.238691047383112   0.2761614190029702
   1.6338947428356292   2.809240843585529
   4.539815838557072   4.68947674096375
   0.05324385250182739   3.812559501692632
   6.140123375045954   4.9320207068821595
   0.1916420265208495   0.42304014882048213
   5.626836943206939   3.1785665318694445
   2.518134492463197   3.274616683466818
   3.980969131450441   4.063521907815988
   4.45293226030646   6.524180017216172
   1.7954891047182235   6.906675682427941
   3.295241445888803   4.328991525886887
   1.894495866641476   4.624338138688177
   0.724325613581691   6.991651709176641
   0.9886237172382929   3.1962054013346597
   6.305413350372233   2.0135623585544775
   1.4618624714256296   1.3541771468344623
   5.501393931991968   5.078088897544109
   5.8136883138251525   2.6740050162055855
   6.2293350372861385   6.983658709052391
   1.6778617276794598   2.484049324987955
   5.007691320385328   4.764801069549681
   6.705459775100703   3.9575660085803506
   6.215654912204007   1.6756575996049692
   4.934669244801329   2.425849880260432
   0.9304404844748152   5.365769123134554
   0.5735819148592357   3.3392025173999755
   3.2213782394644497   2.4519636126119195
   6.394690572047322   3.4110980453951356
   4.661528739716335   4.782946443552062
   0.1809967941693036   5.308061055771194
   1.1681154020880036   2.0047175364723
   2.8736021619696546   0.793678228458125
   6.102408560751577   3.5652104411679373
   1.2493669646936896   5.499803776528195
   1.8477821617512635   2.04557686457046
   3.104677818235967   2.481426458590357
   0.8414952760639042   3.673307575598815
   2.037580965547269   3.413808396482146
   2.2613435455774753   5.058910924832128
   2.005496250893847   0.7114055115196639
   0.2626553730370881   4.603135647562888
   3.8894366145602346   5.98773010579659
   0.8241961418236347   3.645756676887857
   2.3181233020593446   5.133712541841379
   6.89338172100333   1.2697078960505792
   6.996593844571749   5.869266538370543
   2.6217827781561382   0.7358761288597759
   0.7438606578471343   2.9186641182346564
   2.0512456831481662   3.804140335256283
   3.3728938682462615   3.9749720162864874
   1.6490320176621287   4.695261775887293
   4.443656539221466   0.3522003503065839
   1.5972231028615125   3.1660106761257016
   5.786135848342855   0.6759638652892026
   3.7172175415239153   1.1064311688699022
   5.525273160367221   1.134353472617728
   6.3544853349459345   4.223425833864377
   6.143406553078256   0.7003641458791061
   1.4618313659714983   2.7488575892374425
   3.888301596932227   2.345624712897838
   4.501252150809205   4.703149443351744
   3.576055164441071   1.5923217353026735
   3.6350624681182637   1.056876738682479
   2.5481202608999154   6.7961112113749085
   2.9962960712762428   3.163126227344095
   6.220408354019468   0.31745617532322823
   5.616477949692788   1.082416784743621
   6.309889867068209   3.222229791008006
   3.8456968858478664   1.8897516666291483
   3.4403190980514418   5.354571089528218
   6.825496592187716   1.7398933922585442
   0.4136789495770873   0.5458784589279558
   3.769435129730501   0.3722288759597978
   4.987641999327003   1.3634757165827107
   0.46925281905772953   1.860613482945114
   6.52181349146358   1.1608812393328045
   6.576422182228921   4.756356075985546
   0.3467298915030438   4.26876324980435
   2.80944024048474   2.3340330560679363
   0.16954404768377007   2.9615589392263084
   4.306558626299694   3.430089433482719
   1.2590462145443233   3.3493860419373434
   1.8817333700370318   4.36321098705648
   0.5501247068915438   2.5782713950922704
   3.948414725610728   0.6432241907153751
   3.1739837123721326   1.673873705643449
   1.3513764279701679   5.611803354721136
   1.255397637492103   2.0347713506519547
   3.2911283618431404   5.813538908382079
   4.121987957297027   3.971037037061083
   0.9385366209528965   4.769943082406897
   0.34297678094902506   1.7922192167359907
   3.219111837339836   3.9217449606694954
   4.256074322616817   5.7760005072444445
   1.5970148288288304   5.816346053716831
   4.851123864168166   6.894695994944432
   5.508163042299206   4.147586471946415
   2.057836855802115   4.441410160388615
   6.379905507712263   1.0039901049210365
   5.6324113891725585   4.681063981204848
   2.9315742170105805   6.649433928854511
   4.954039186118524   5.353655856405834
   3.675801817118673   4.34670925422674
   4.127266136970037   0.2780147735268754
   5.234832087245728   2.1397148319372175
   3.8398835721748585   5.443957043691797
   5.2491392928961496   6.1340472230923
   6.4484868529005155   1.8391514358976915
   6.287502342532712   1.6585258201064634
   2.755050465871245   0.8341514690337514
   3.268270996568506   0.7517137049961641
   6.897829076669969   3.2449456464684587
   2.470894165126783   4.697769475626493
   0.7086030814605018   4.2070323075606915
   6.254868036551013   3.8349879062300984
   5.7857525054421375   6.728415795357099
   6.1100961626286034   4.578160399376694
   6.398849711275104   3.2410780743235157
   0.6382405301661521   4.532412031816776
   3.17542317519218   3.6413695200747234
   6.508979359910447   5.731442147296667
   0.32425978930098953   3.1994184534725547
   1.3481705549874348   3.407120023432015
   2.92206527499859   1.32605304527065
   0.8967595942278824   1.2901627991733644
   5.531524618758254   4.512878372611847
   6.629852627825267   1.2531428142720165
   0.12875472301540491   3.807052327271198
   2.3447144997909777   1.1373474649675175
   2.9968585040996896   5.946947265544235
   3.0145353981995333   1.8540367115974887
   3.88975093557702   2.76828988257504
   3.4616474778266397   6.318417220923272
   3.3866328203631944   6.692513712670051
   0.12945670459870784   2.4611769542059783
   1.9424575100178947   2.0299599538474262
   2.426693056095141   2.4676935629692136
   0.6934378736699144   3.4702123500993745
   6.780667401454282   3.5190599784745165
   6.5991083048135275   2.4902462576545163
   3.6680575463603087   4.651834792564939
   3.9936655551907245   1.4882244362841273
   1.4923370960575406   0.914959413005536
   1.0792703156278307   2.246667210104866
   5.2462882042329575   5.782547021131765
   2.3227070686782145   3.8433769332214807
   1.4361356908796217   2.780278657515358
   6.1142584227135375   5.361890110473929
   0.7506651649654922   4.500914069905097
   6.413858264500189   1.705384255200233
   6.434283922675935   2.6209437621465876
   5.444556276724312   6.488860482830222
   4.267309620387574   3.1856899422742826
   4.797028268431594   3.374074882284369
   2.4698673675306013   3.3041804537709294
   2.5813355299116614   4.3200878992768015
   3.727602145482331   1.4878967372877279
   2.5033430515217945   2.049448608281448
   0.8880077812248097   6.179020225007253
   6.9531678362275   0.5759342240564034
   1.6955044833308281   5.544073193856968
   4.371740202988796   0.9044058380790612
   0.22148410576812672   0.3578764640478874
   1.3090239656221232   5.996747010293618
   3.4023795835433415   4.770516264950892
   2.7036456658382737   5.799995695024235
   4.324398836868907   2.936538305183361
   6.998653569439332   6.553681120148909
   2.5879017947454352   2.8908609634678717
   2.761828436388662   2.7330233623017977
   1.2474821353368934   6.679921039801949
   1.5014374909574433   5.843053855707016
   3.4556538316296423   2.5993402010741757
   2.359526230024928   1.855862636675612
   5.038628177650685   1.4509226974546237
   4.324810382457141   2.379076097679831
   6.802000696056606   6.012070748315488
   4.535936288970053   0.6583175085628908
   5.402256806685997   6.409724332910149
   5.143342445775114   0.24980385262719118
   2.126837329178687   3.8087067765196063
   4.064163447777728   0.6513744180181417
   0.9010948213751905   2.7608829507880883
   4.7995786314191315   6.351153696702912
   2.2848025210027947   4.716806431794303
   2.287721979268201   3.6426913475298544
   6.133970435680592   1.5755585152492846
   0.5377253127469807   4.163826151551048
   4.985551942810604   4.741254622722539
   1.5316825542998007   6.443666600749969
   2.073214880573608   6.966217039841042
   0.5912810492008193   0.7879800109731182
   5.201686323175249   0.29108502081799537
   2.0845584911651924   0.5979302466613082
   3.495263897091202   0.6411587673158703
   0.9957029675671961   0.700502436302262
   2.292926120524764   4.1060468022760075
   5.497027061100355   6.471102903695249
   6.188055232478385   5.616208375576802
   6.247205010175864   6.44971747402661
   3.4051283479129384   3.6352573046906147
   1.6935766356811506   4.791665625615808
   5.3688122276309835   1.6109171061872365
   2.1787782751560365   1.2523781786762642
   5.45273737233442   6.270288056973185
   3.1431750775170233   1.4827845727551734
   5.49581112031522   5.40661662007184
   1.1745303756660317   3.207784107897115
   2.743265605015054   2.585022591977931
   2.0850534457227656   1.3749327179489965
   6.407723247613724   1.1936699394428754
   1.5934371203047544   2.593869320571803
   6.052396374400879   2.484636472851429
   1.5556976534124587   4.139155765078799
   1.474126799292818   2.6852629835170667
   6.0235980697523415   1.460105513384576
   4.708302655651991   6.916036430143601
   6.713142618083117   4.530821348171864
   4.190781339549229   5.525080335973225
   6.738092140321958   5.482060993594921
   0.9937765039138736   3.5421080497700506
   4.704662324443113   1.783700618666359
   2.4032604268339   3.2662084909454343
   2.4735256960891503   1.792462470349589
   2.9247620828613923   6.532112507493639
   5.0739498711663185   3.7442207150973505
   0.09253341089440648   3.9486124581267847
   0.4023673705803843   0.25360135322511645
   3.2138860405527527   1.370576105222192
   4.453880138816081   6.085735710343596
   0.40609293627714127   0.05252568807240776
   0.9201638850794086   0.38593002786259534
   1.9775795322483332   0.3370189981994981
   0.040951288736614466   5.692658442245588
   2.368219700817347   0.35510133659343435
   6.618728548983922   6.917688806459591
   6.495384755612587   3.0588631654479026
   3.0974956961474125   4.054295346557989
   1.4529797988146846   2.967665194409062
   0.5663991605122225   1.670411995762605
   6.080041184573039   1.289867003466891
   5.477756579392308   0.25823227853181396
   6.953547709890271   0.5809157453992367
   1.766456210881333   5.245152163548991
   5.866943480635471   0.8164273778569394
   0.9239221281223009   2.9231100520753146
   6.831447707673741   5.6954151739474135
   6.414797849485969   6.724268803616974
   2.081566528699638   0.14409447886450266
   3.6282138617503294   1.1606371090942176
   1.479310139330431   1.3647142291667624
   3.327962669662038   3.353625643525024
   0.09344921109616378   0.3666428710665752
   1.3071183610998383   4.406680916433814
   5.580733524684996   4.7284550272696055
   1.6625961988693259   1.9200381533875213
   3.315333670740566   3.3700425707228288
   5.783861034285697   3.711283990555673
   3.0008469962511772   5.362795899416934
   3.797453456728664   3.2888173253602195
   0.7560509991222218   6.273673384551577
   1.8252118420602823   2.8274453650605214
   2.3911685663276225   4.225502105537456
   4.999032578129147   0.3162511256602495
   3.7857486918644847   1.7611268128441377
   2.728718983806007   3.188514392117287
   6.942350352455305   2.723044591752659
   5.241931604070367   0.10187057537324817
   2.422052945890404   2.702939532984812
   2.906463442188768   3.6140379536801666
   0.4684057780098594   3.1770532717546205
   6.30502411545807   6.295340453732642
   0.1957595241542741   6.223600940898808
   4.461428457953214   0.33390698262648144
   4.756013790779198   6.71746612315393
   4.014545760364145   3.922820902120824
   1.4046481916738178   3.115180487579438
   2.502577093644632   2.6706445692406797
   5.862490370279887   3.3797191709847505
   1.2551868805827602   4.947643416799545
   1.314011997582234   0.24991567144093096
   4.694732114200553   4.469679519168741
   3.796025548060552   6.933320683392886
   6.1202831315313695   4.530144222913243
   3.612498128019026   4.394108561964822
   1.289352647048465   0.11745050674185697
   0.7617751165104606   6.719153139225997
   2.322200187947503   0.7014985699266639
   0.18185123950038962   1.575669994302147
   6.632298981179212   2.737182760093276
   3.907405093959346   4.522847492095327
   6.734004481584119   0.9164012879734023
   3.989155319585244   2.907658632296554
   0.8946830449222574   2.9021822655050107
   1.2516785909731922   5.2615727169333795
   1.6835140293459272   3.6994354241926013
   3.66016607971303   5.5201572209884935
   1.5228934706513713   3.956490105411109
   4.229682989169878   0.011584381305926206
   0.37082427085112424   1.3499741420682279
   4.042329353334662   6.002829940359546
   5.653894507231028   5.782742699805148
   0.03828744253781691   2.653876531354408
   1.5304006269280666   2.4204586937754096
   3.816077139134296   2.5105044852286498
   1.4918874276617675   6.607079053010816
   1.715426161340495   0.1652803738567854
   4.208834001882919   4.432896970545393
   0.9629972318498875   0.43412283521336203
   3.39243124149379   3.1809408277172784
   0.636802547534267   0.3323531576637959
   3.2793500544287113   3.04842601474832
   6.649468758493029   3.28940533059513
   4.1501165227193715   6.429608069322324
   5.8636045828380725   5.415402039850297
   0.06416924242281075   6.654781173313148
   0.8343572155431563   0.22556873229565721
   5.735883269304138   0.4073144727846131
   6.524828885315346   1.0399851402951679
   1.1858085184573048   6.08651887481432
   2.659364714930795   5.306447210590677
   4.480080516622604   5.148785901647112
   3.1678039920689525   2.343234830799769
   1.5184205862139555   4.942832737062873
   3.4306262702195087   2.466353863678429
   4.447358047263274   6.757046729435867
   3.7605090843659528   5.152346140461269
   4.860262272631048   0.7178089966043493
   1.7501483001878204   1.793031971499469
   1.499486407000885   2.8173355747795803
   0.779280538185284   6.722575584181154
   4.698388186564119   4.707965295748538
   4.105681693688631   1.5400364543986396
   1.2921966646364358   6.976977138770762
   3.5655004824966494   3.3120914706329954
   3.186662522839502   1.4119156371355124
