   0
   4.751971901155439   2.5836159003933448
   6.975658590390591   5.0786011777084825
   6.330420472232249   3.251771224245472
   2.144725082148173   4.461479570109648
   3.664049617998865   1.5252742219649742
   2.344255932908054   4.94810402783288
   3.420634604633266   6.465198245007369
   3.9891038144798325   5.635332932004632
   2.7766287163749097   5.861799261680866
   6.635923551325339   6.7827671246484424
   2.894251869917298   5.490201895620187
   1.6963605422006265   0.27164787923789824
   0.195355258304853   4.7710964411536425
   6.510108551943914   3.117189993417998
   6.040428245750508   2.136957449564031
   2.627905108962477   2.463273369829155
   3.896702150932708   1.84081098991178
   1.489491774282837   6.159319234062846
   2.0236400250620488   5.599855401101524
   0.9852784631117868   1.4088195855891166
   6.1171892495894555   5.340261953081683
   6.662912566158541   6.087391032416895
   3.2360075495987157   5.402256190661471
   3.581162749328283   6.155371385675439
   5.6834605614879115   2.8761032538535387
   4.023488596372056   4.135875023186118
   5.338524253317139   0.2698947003794204
   5.462382159981267   5.893873679131585
   0.21681234120105386   4.459057378381575
   6.313020043503266   1.9352639053168121
   4.7997824728719625   6.835278379400124
   3.1309860360580144   1.1470357900078296
   4.895765269304878   1.7590640432943967
   6.993775348498447   5.320551776239291
   5.490790116238676   1.8254228846239617
   1.8595101145374704   3.9395949260961
   2.2102745574926606   1.0761885268469507
   4.7187513638729675   4.573245011995783
   3.644473141051873   5.1352687314239045
   3.3465079857586892   4.790785668415652
   1.8911732055502273   2.3046329105088774
   5.421500236887431   6.811750276495179
   5.2384569427703775   1.9391227878610158
   3.708448292578728   4.118856374792245
   6.948438863484912   0.9171937124773113
   4.89661893660894   1.9949816615111278
   5.609719153008974   5.742468889236018
   5.554069265482845   4.397479362513754
   5.501882705595722   0.7475108809930302
   5.4919938143698115   4.754032948825877
   2.8597102338542584   6.026490102653327
   0.6372863862120449   1.1538951897101652
   4.837849153001413   6.097450220788265
   3.283893969218794   1.0167565267497691
   6.35853348188523   0.8876477007460426
   0.33474597361431   5.648637743978726
   6.875523860486773   5.446964064082883
   2.8560082591181493   1.140095004572855
   3.4067777506263672   1.824660260857391
   3.944117824427255   0.8266824919106672
   0.9764419855817162   2.7937742934657557
   6.553517799781245   4.0150062748675825
   2.863600294254926   4.575225184661701
   6.549222049631458   6.879860895101729
   2.780791182951838   0.40022018114514113
   3.8332998871393946   0.35882957966686757
   3.299648295270363   5.654829235918319
   2.948082978311886   0.5103872578577238
   1.5041021243260082   6.474615934215859
   2.0813558633354194   5.159932861049933
   0.9834167397179561   5.999989296106223
   1.890004278739422   0.7353384566282177
   1.8779216650424613   3.064460775505521
   2.018555889450992   5.989487126767996
   0.7596353228455662   0.8682677973160802
   3.617757699223364   5.821933598690527
   5.668061405284917   0.18884618887729065
   4.565796743495698   2.645210354066911
   1.6282770941495455   5.897407839394201
   0.46098202968790847   6.693454320887427
   3.4540154632385835   2.9874043580949006
   4.789664094396982   0.3419272360335879
   0.5827839759297423   2.9759295822416134
   5.9768831740556125   2.8956518893216905
   0.1031420336298009   0.41313893380510625
   0.29969396235920187   2.4137836949928544
   4.016102229388045   6.3275335982655445
   0.8843302133067568   4.963483949127479
   1.1232009321032252   1.7464861736062511
   1.2183276848044806   1.2429658572957396
   2.7531216985388247   2.9616533495812236
   0.7874419479280141   1.7780236952075215
   0.8268428984437628   1.9579460772902473
   2.5946521254819164   2.8797621532555513
   1.5181123753523003   6.392502527115368
   4.434756035453941   6.25338686860527
   0.9916424940186916   3.696629945450668
   0.8830223144313847   3.5688153680991777
   6.395752690093877   2.278958216665802
   3.010076098433805   0.4435198187875291
   6.449270001368772   1.432066956325912
   4.857656013763714   6.146406906320416
   1.5943427052020354   0.3876268286120239
   1.701089596530082   1.9086913766494746
   1.7873942134778118   3.026613737829115
   0.08429797063819267   5.0236180612942585
   4.569796042973128   3.0314332869446057
   6.541849908380772   5.931533708217943
   6.0979113641873095   4.765810833485381
   2.8200445519426545   3.2202111262336515
   3.3190044033984916   2.886080779386688
   1.2752181810972716   0.9224746330945779
   3.4550943299103976   5.624029674149559
   4.962424383740469   0.6640744603448037
   1.4011682416518907   5.836720886272623
   3.7313558374807902   4.104406734076917
   3.557253755481284   1.2927536934547943
   5.418827828306322   6.721075128573543
   5.995687930959308   6.257181337802963
   5.968364394064416   3.316434959688028
   5.715506329529762   5.248837563943573
   3.017379617963497   5.67016390680163
   6.055208302346252   4.874093147041211
   3.1711644709910276   0.5265485154393625
   5.1232450436148955   5.89008845260177
   2.830347739314885   1.5885743411851259
   3.3624107305323867   0.1182612911817692
   3.054708195593142   4.3930589020196456
   0.08990181017948373   1.5155121775120792
   5.531183043542598   4.861961018572213
   0.049147378552801047   4.615623035387357
   0.2676189146933984   2.9646501570047534
   2.672599829108563   4.6775692595827145
   0.1562828328306206   6.28432129224169
   1.8865086932859165   0.2201372894143988
   0.04235215672144921   5.358881854429827
   0.8892876947295333   0.18378390752990525
   3.3925721162744202   0.4625430643503752
   0.40442215448152874   5.740948621938071
   2.0879711849712494   5.008992118362038
   4.446948199941713   3.7750492089859886
   1.2619966719510245   2.9904219827115934
   3.649371022536096   6.266170522338966
   4.471630822324193   5.818841882818077
   6.668477740867724   6.257973704228252
   0.8240218692838244   0.6069939389989906
   5.138831869919727   5.735630856860253
   4.984863983997446   2.3158449943075325
   5.05182860071167   2.6186117287812283
   2.267229875907733   6.304024609221863
   6.321019693656048   4.164922700737544
   0.24076371202381708   2.64172815351161
   0.6450072520511249   6.394921606152242
   4.511109985479933   1.0974999938658883
   6.598538924372825   3.673106257375752
   5.498155617409104   2.970964197143019
   3.17052476349456   0.335296319577691
   5.189136098801571   0.9279635057921163
   2.724530954716764   2.2164039509398026
   0.9588528456704277   5.696722351418035
   0.5828909374633748   0.12050891864760005
   6.6342236434546225   5.904540590506453
   6.129913216944334   5.680232056500599
   6.034088941088052   0.4741793232650051
   0.49274633532979184   3.6764175504562484
   6.23766168540339   3.8574963747384348
   4.490302988031157   6.731915387198553
   1.82622192491769   3.9610347042381093
   0.6412264765270387   6.354773883614287
   0.30261183976203765   5.914171135188197
   5.59122069134151   6.586425325476294
   4.821803033195426   3.845075544187879
   6.358152315709025   5.009477363529108
   4.263269160482908   2.563133920128098
   2.3001650908895135   3.5874865182993987
   1.5421024384550135   4.498632265805667
   4.687639146259302   6.745621622838042
   2.8907794846405612   3.421401879883306
   0.20415530369574086   0.25639685220408226
   1.6471901470095398   2.349770620631382
   2.6147195466943782   3.868672616927623
   4.85700397797083   3.6695661082643642
   6.221331974116765   5.2109033682334065
   6.739659963021754   0.8100631614932928
   0.5765725704152274   4.311127885513254
   6.777227808580831   1.8696690997350387
   4.24521404811923   1.1064774287493555
   1.8640954933260085   1.348784253966366
   5.191954325965508   5.563994684820298
   2.6029056251896154   6.630678848867678
   1.6302010401349578   5.502334143115221
   1.4483674923858472   0.05337225828015024
   4.892422200404385   4.890435817646208
   0.9855362294118195   6.336399637925142
   1.07691769985524   3.304538894849055
   1.182860739039228   6.766001809027318
   1.8889478207983925   0.3489235657019847
   0.9827626127662853   3.900667407595062
   6.225994152998765   0.1885454035479509
   4.083719900877606   0.6361119624205096
   6.657512101675599   1.9032471614984279
   4.2277891742273015   3.2646704347183295
   3.018873155850821   0.15350832064608422
   3.7362116912917704   3.678731730288845
   0.8772751265136206   3.6467163424920805
   3.4332103593000842   4.101241282337205
   0.6342422836280776   6.110714322919696
   5.464293870266018   0.6784472580939105
   2.5049164537294955   2.9179067898347806
   0.8503459264523028   6.9409612152915185
   0.5586802412255756   4.15847631957796
   6.922488967648245   2.528856494943899
   4.418737917240133   6.8352881690494955
   0.055173483252833444   4.684924141923686
   2.100114751321769   5.945832911460643
   1.3561510373527939   5.847352222871533
   0.81612404267478   3.52808146159542
   0.181955427749941   1.2190002841938181
   0.40268334671488126   1.2773987091087349
   5.52622410353461   2.4550783024272436
   2.297951888537886   3.0906876084966246
   2.4756518240591503   1.5944470018440808
   4.77159186200916   3.861707283150515
   4.044583997205686   5.061903287559271
   5.323547050179814   3.03803180806436
   5.7842134792194795   3.9897059819863667
   1.8665650286140592   3.855392301615146
   4.616056872463765   1.2462559017537118
   2.469776436330287   0.7891663755063806
   4.361849827378084   4.41823562791217
   0.07248089108514488   6.605550035776011
   1.4332082391209013   1.5696634513163863
   2.677873460816678   2.4564781232293815
   3.104364271585991   5.897218953734078
   6.105784752621396   2.742624773272942
   2.7199985650672476   6.41583938885368
   4.421589127695563   6.967841344235678
   4.087650389721512   4.5419909683297846
   3.665276193139895   3.5261665264491824
   0.17039516498661134   4.894162823918343
   6.480262514103005   2.2990610535686145
   4.030445566378795   3.8010313313747983
   5.685860747571526   4.095796889859255
   4.778038149843249   1.8973941598688986
   2.7504037639735612   5.343951690378882
   2.0524313370670635   4.796363813693736
   1.5038634907372552   5.029734886124566
   2.3030509360674163   1.1534700189870954
   0.27938513094195616   3.6993933800171206
   4.848778310409609   6.484207353789125
   6.992495542753864   0.3632199579445555
   5.372091785007535   6.861221687056124
   3.4548315668014373   2.3927091333327164
   4.152226884388432   2.100723006943038
   0.47606745562270303   2.969180033885385
   2.9577378625037123   3.249860500214332
   0.03330707183559545   2.328708889830849
   1.1037987538500849   2.107698710276945
   4.9815457625108035   4.953486571773817
   1.733297193915126   6.152073831592495
   0.4418873124704402   4.983741747859224
   6.903232146402736   3.603017776941088
   5.136042530206829   3.467140804379738
   5.54914068245885   2.430576300092806
   1.5362165479557581   6.6241022363224555
   6.860235314533429   2.910753407897213
   4.768835187188465   0.08773491660720256
   5.026650244195461   0.8479587635823086
   6.748637859054682   3.0761323361739903
   2.717651273229603   2.815733413381867
   1.0265082931759286   2.672531492258373
   2.0158747581324294   6.71967997962929
   5.309994981220829   6.82536442818071
   4.867628363087924   2.6574189449819237
   2.559811758442824   4.33550647205809
   4.412987329231485   0.4400432352849857
   3.978695308936627   2.9720492221429877
   1.8318896803485734   3.2479408567148598
   4.090828795535012   6.950696822686823
   5.583640204502675   1.721003298425725
   3.460631799997503   3.3204105583592938
   6.127194962910797   4.329137861123908
   6.4190482681308945   4.3341988365125514
   6.388308805962806   2.133646774468824
   2.4535538158021   2.628972648985979
   4.387090320700756   2.0334396293939854
   4.674934458923489   3.007160713010366
   6.55571835216745   5.292188769736327
   1.9994833225816175   6.799302745316686
   5.361036218049591   2.563438845036381
   2.379587095865421   6.192110804156749
   5.900449173805926   2.770330874980292
   5.578769566718224   3.530512868931647
   3.1620126950831295   0.054995829534654206
   5.619088674520166   0.44496877341773133
   1.6308119524436622   2.589824569887206
   5.129374737530806   6.716865313825432
   3.883688845767007   1.3387200102700447
   2.392128004305858   0.07508110277199054
   4.743088518514802   4.871081046212244
