   0
   2.600846422884132   2.2691859272596697
   5.860742340237479   5.8678148850421135
   5.866181302704812   3.432287341640275
   4.25995636292196   4.703702631348355
   1.3469575403416272   3.801903758276917
   2.8185631870273546   4.648942179226612
   5.285704414273215   1.791014359345311
   1.274225752594629   0.0225376761572168
   6.953120863716945   0.4005851346630209
   2.6952708006737747   0.6613956466742454
   5.208143119167266   2.864510455014254
   5.81207124665155   3.117461332448035
   3.4266529338504   3.7200104910207688
   0.18879505963662824   6.428671274525281
   3.653166487157271   2.1185176746521903
   5.298353161573011   3.9208457930609804
   5.207770152684231   2.3747018489499725
   0.23819080491840738   5.852137447875996
   4.702255644458107   4.027653228215602
   1.343114676321376   2.6598910216514917
   6.484830627459901   1.058354990821273
   6.313656118169403   2.111764879636562
   0.9419653806353651   0.3714492090837731
   2.684525382870739   4.79870604967782
   4.838860670565051   5.206914195999293
   6.507515761211287   1.1368621384876954
   1.9767078064111487   6.798640003886675
   1.0167718422567542   2.368755487903622
   2.885335119410425   0.34200402632783977
   6.781638374183975   2.9710388827614023
   3.054021189916935   1.1714188811851467
   4.433366885633923   4.386892434506271
   5.331178684939711   4.981439245179003
   1.4767536565107457   5.10561319720112
   6.595297034290124   0.9513818314079973
   1.9663446277307068   5.810195232866013
   2.6149595271611403   4.753532207206797
   3.939142456673808   2.605682271953079
   1.1749311840189651   0.6388759220626417
   0.45181016802432805   3.2268273314262728
   4.048241692609068   4.101912805389815
   2.8701644825274615   6.603075689217693
   0.24087040615651512   3.0274738392543314
   3.7023139198072963   6.232138689627455
   3.1260663082727613   6.717585788680293
   5.754094732748801   6.480410400450625
   6.619519973037973   1.7852898455220974
   1.7165172998427622   2.189228034458604
   4.424529366444118   3.5849376683705216
   3.4697370640916163   5.820464103993189
   1.5979846835492633   5.624860128878051
   4.406620605399828   1.823183420702051
   5.253426568716235   0.2784164097179882
   6.941282605029328   4.945088765878999
   3.1266089017353016   0.07330094766592421
   2.0740202807524883   0.8482220161914084
   1.9819316554248114   4.896601290192574
   0.4338834644610793   0.6178798984611947
   1.434785494246655   3.6044691629014958
   2.6136650960817365   2.5769449483820304
   1.705278845226513   4.770381583483603
   0.8494088723721113   5.234823808993712
   2.103003782816599   5.644838927789211
   3.1775800576404856   3.210929958946577
   0.67041732357414   3.831962024324732
   1.1278535231197426   5.577137546191854
   2.3841033161775287   2.714816883452898
   0.7780260596529904   4.261875355761886
   4.62860595354169   5.2814161645155515
   4.609865831930754   6.950524017675941
   1.3167023780652278   0.7172112473508803
   1.0607647748112505   6.302519208543272
   0.03291953777335299   0.9375035411893499
   1.9658668662087302   2.285058727407426
   5.9237715300422575   0.13457813434059007
   0.2288974718429121   2.996549415809099
   3.748630684838461   2.409471298319332
   3.0472260454611755   1.5199279461639634
   4.539319176088599   3.647158254238236
   0.8477459531615459   3.1067241563362806
   5.694441894472441   3.9765585294456507
   6.764964423599004   6.3472362766306825
   6.056159604152992   3.433128108149602
   5.011244874768524   4.930421325571216
   5.58253071544236   6.811921948607031
   3.851453577118612   6.1391030610757245
   0.6377300222265525   5.162879714036595
   0.10031411080395425   3.3618366266190005
   3.675382121130502   4.937701418229659
   4.110578565986246   2.63226606257385
   0.18692793075116731   0.4490516799440356
   3.1136798512211827   6.530047821040091
   3.2273718431936724   3.0479444103436935
   4.511833877353941   2.6944113983595996
   3.614935192462079   4.264027585051676
   0.30161304282826706   5.71216454830692
   0.029074443313211074   5.08610860788293
   5.233821809853988   4.246447895503501
   6.702999776398711   2.586621514194284
   5.583054018633115   4.970782210076875
   6.22226012416374   5.213860731510729
   0.5126211133658555   2.164945525495648
   3.1001412764128045   0.2896694701801781
   0.9765923951222729   1.7149593802881915
   3.3035519212989897   0.557889494876132
   5.900494559691536   0.7389555142354094
   1.7497522761433004   4.030245205699439
   0.02577050871535358   0.13393593338357823
   0.9847123360269483   4.871453955141219
   3.2904056059661637   0.0054324620144645674
   3.7880611914004207   0.6542193556143933
   0.9491794188710233   1.2028126555197272
   2.327525574795963   1.9973837535238772
   1.8118111051557386   2.0374748704484253
   2.7074270451524116   0.3768809851182875
   3.9958158012405973   5.709409270297196
   6.3212463848643825   3.769250478688528
   1.453199547465962   1.0096059234120949
   3.3274343616065636   5.751338504854374
   3.2361693320398786   5.501520652941614
   5.8205841030164   0.7374298291269177
   5.016844759795697   6.614310658163327
   0.866757747958846   0.1864223541873712
   4.769508730573086   2.903790094171053
   3.512188891233756   1.856771981969253
   1.7612412613530029   5.15404881816137
   3.1587636723009616   2.5258035352459984
   6.07783465291978   2.0034178752126723
   0.32761143594321385   4.022600209446241
   1.8366922978025992   2.3829634353194917
   5.803818536872576   4.950051285547629
   6.00696963772714   1.2539233372006349
   3.4707027196710154   0.09175561982890701
   6.369518577454971   6.9225026078055
   6.8012730063885405   5.2133447541347255
   4.605252619115655   4.596180531810641
   4.977423316332016   2.7754067602151142
   2.800355550468045   3.8251735302027488
   1.9540896566203503   2.976560352258108
   2.8003072167133656   0.045946105749683386
   2.4760324176150985   0.54034357476568
   6.8320103316614365   4.610647233072479
   2.0890829120344705   6.748451990469627
   6.64435241306208   3.4470965331746775
   2.5656221301377626   1.4054739863724284
   6.092343448056923   2.848434392581651
   2.885742457837802   1.6966432133019982
   0.6085246719484898   0.8397948611264527
   4.980969493456259   0.2702408742769291
   5.367647815596747   2.111348215996136
   0.8566041405968398   5.340150268790607
   3.156679951441429   2.6428064289856454
   2.4616713935257075   1.1616813142527254
   4.01199174292941   4.873975441706247
   3.7721430371031137   3.885154446012245
   4.5791444044178835   4.599179085325254
   4.993534978158765   3.536842150931234
   3.8879937250028194   6.680373493592968
   6.573151506107954   4.715743187282137
   1.816882481129289   2.1845115876456167
   0.840188071074437   3.5272748641194482
   0.9445018220718551   6.655212064236472
   3.5635750772069463   1.3013376301813708
   3.7565516959773464   3.927024195898691
   6.53288203462342   6.762326562855059
   6.28664032791598   5.182578679243152
   4.42677478059824   5.532526138210192
   1.2269113648911212   4.838652276813875
   2.736454133330708   2.1579461574922902
   4.343698661190592   3.326666152114299
   2.3581803751907473   3.247022466166471
   2.6770567137913064   1.906383449190272
   2.6594168937057496   1.8077232215669015
   2.4903263832512392   6.3185613254704505
   5.357310015276908   5.457467128117581
   0.2669434219086506   2.34305308945026
   4.426147092945765   1.8628816708234526
   6.226506616517081   0.18335389467365193
   5.4721188835457175   5.542790666219075
   5.850675512910288   5.04681961423835
   0.5791380647358143   1.0379429026797333
   0.7717732791806154   5.331783405810039
   0.5386488363283659   4.414857440402453
   4.083021501138795   0.46853847953127237
   2.629288632774061   5.128779845508639
   0.6791447754084993   4.690643589153438
   2.7089476908777064   1.4221099410370193
   0.6296301934498237   0.8362525057965884
   5.3221947071587286   3.6797803682590637
   6.824238878837619   0.6961630066914755
   4.810225663170319   4.501930001963348
   2.211413713810436   2.4360166863548045
   6.038412629785966   4.686836962392518
   5.8750407705084395   2.224580601140199
   3.3282182640352094   2.843438115546855
   4.963566908519214   0.39827868711271075
   0.4956641111418272   4.972884640979344
   2.0977911073564064   3.284134655642113
   3.5577251961064364   1.0724474879192916
   6.339691377213101   3.189031578046933
   3.670950958018487   6.622702245847104
   3.1044634225461465   3.042683490803314
   4.2132925253951745   5.720294088210735
   1.5414935482923842   2.7549577619806676
   6.610547191913126   2.613698533930327
   1.8972997677777568   6.5151783379650094
   2.5430079307488445   3.488258547628936
   4.204525200390962   5.021784448279263
   5.545839626113148   3.529401206495836
   6.315873742387735   2.985205724437878
   6.738377817460682   0.5693000669532304
   6.820435170520455   3.195067394382861
   3.482983197374557   3.9923662365298975
   0.7421474724409436   4.984817462661665
   2.183254168596994   5.038822725703475
   1.1262010155937792   2.062623523572083
   5.184342068043094   6.203228317818702
   6.668995178958469   1.4068693862651678
   1.8347809112326874   4.076189396915105
   5.44080942011079   0.24782898542278498
   0.20968315960339845   2.7226100517787244
   4.487658490318034   2.074084995288617
   4.779327201775762   3.5287049646323982
   5.6798541688656785   0.11300352811618908
   0.4350925598111064   4.382607931403071
   5.599602956573907   2.839065101389555
   3.756379441579835   3.079786082059522
   5.5285199037640265   4.762099365836388
   4.217581933779711   4.964576128394548
   5.70824743999099   3.03945927021576
   2.1933552025462006   6.033037446397344
   5.003421578844551   5.341912124715503
   6.12335658072059   0.029923900226786593
   6.896030363363294   5.882521977158564
   3.0443143682367886   3.4739512546108773
   1.3837676761312583   5.59103377164262
   4.887708981001965   4.040648301206996
   3.8422862114955874   4.083267552586009
   3.4755312438942303   0.3209516415475746
   3.242314332245609   6.335766830480871
   6.024512343698742   4.656318379360129
   6.287396632496899   3.8304463633825856
   3.190898925027464   5.527499356491632
   1.0565832887324202   0.38221608707024923
   3.2532779471449285   4.844231447972682
   3.598689482110581   1.9045592796766855
   0.9401333808976349   1.446978218804175
   0.6308073217067863   2.0037799560340597
   1.6617487486520646   4.189459230391914
   3.0435506271161845   0.522128753411423
   4.502747551635498   0.12208179013240672
   3.3090760116216735   3.973257762920646
   0.27199508991388366   3.5415028501427015
   2.1252192954787277   6.230447364886642
   4.1907620287059935   2.0104160147364762
   0.7101486901614011   1.8387920376085076
   0.42798356610089494   6.884275873117556
   2.086735596527282   2.927019608378632
   1.663123608378444   3.4080414286694936
   4.4644025747326905   2.8928665056019165
   3.1725863976329682   3.0661328614341574
   3.438508130364926   2.827918659584454
   5.594797401298908   4.582669281199716
   0.18338767357833052   2.0335746486659336
   2.532000130008851   2.7766643668000452
   3.114971300719221   0.95927426107584
   5.4935049873666415   0.37823355243434187
   3.642454125052246   6.467382911442115
   4.375543451921718   4.9069742062028485
   0.6158009284380763   3.496112686198615
   6.7070739339327705   6.802554827309936
   6.906921624380672   3.9526014957934428
   4.268801966112467   6.180160834384751
   1.2371555372154166   1.0227661171460865
   1.414369445438964   3.8598173319060747
   2.8822621819330543   2.032786350133156
   6.488088086413865   1.6887194382305766
   6.248415507381939   4.539069946401314
   4.142776018063389   5.639576291790718
   5.518760390150647   1.4592882682677268
   0.11418707683516449   2.7255839076708908
   2.6198841836393196   4.786568935907152
   2.105198355023872   1.424014780037266
   5.6511239556243185   6.7521688977619325
   5.873355267823692   2.0455281767030367
   1.6569228718028617   4.218947874685439
   1.3995498854921082   3.3251689357059253
   0.20351133332677096   3.598701814981041
   1.1435407875501706   0.4436454111286905
   2.64598949522391   6.690908138650802
   1.863698403539185   3.7138397295021144
   3.24044530793588   2.538678727588391
   1.2937957118278018   0.2876225026023109
   4.368044240536458   5.68970678426768
   1.1288360748308959   4.451911565564279
   5.09408201911166   5.135737136261117
   3.2748471020383665   6.390531005446375
   0.0847985869654111   6.68357952764196
   4.164243796879706   1.689794070701602
   1.5483033890444395   2.583931654718953
   3.1287968256025667   6.360850880592416
   5.353268701908046   1.9112633540767343
   2.3564192988884627   0.7407082466530437
   6.810101771133926   6.448763807360989
   6.835918932219478   2.316447818025301
   1.7741092319476897   6.686839118756373
   6.915535368362288   4.2935340146910645
   0.7487270207415163   0.9918924514512621
   4.66652182055507   6.599221388708863
   3.5291890457058406   2.0441135865269606
   6.152198790067225   2.9759387113654663
   0.6330619384019835   2.278741155615902
   6.955846837078178   6.877142867669947
   0.3138848012295936   1.2947586115800194
   4.917479252985602   6.029504659946031
   1.347697485980389   5.018223377741125
   2.9699682990991394   5.770403369233148
   1.0195553024803061   4.824424870999067
   5.24917510790814   4.608576367286643
   5.818175238628204   5.833801930496983
   0.2806673660204383   3.8883879546854083
   5.2716683974492895   1.2010528076120348
   6.017285179158679   6.96454291512041
   5.125865917475342   6.415103108189564
   2.817245533165517   6.914197552906213
   4.6790489629513505   6.419595327635553
   3.1116576332626433   6.527277190743825
   0.5429532913043412   6.7493043100994825
   4.513248868343516   6.123435136553494
   5.399715399834629   1.857373604702534
   1.4647814051165597   4.645449664416109
   0.46799119690803836   0.38151256122765675
   0.21606986075144485   2.4739759603325227
   2.378774591817291   4.264283717156972
   2.9526902978506415   1.4974350727257373
   3.99250374868795   6.403353860841572
   3.277397011444309   6.153440546562632
   5.363844368465504   5.8620734361988776
   5.966950315886001   3.4345307061775117
   5.579096017808116   6.618991646362137
   4.992479817285676   1.221089233641827
   1.5534701398172226   0.37690694391734925
   5.2006951841261335   5.7682072158013185
   1.08154540792381   1.0877932077489463
   1.8061789125307548   6.730856294621301
   0.4840077159478816   4.579437476797524
   2.941682333868353   2.76310620394049
   5.087341372878339   4.9928630179269256
   0.953769280724778   3.4722435367252653
   0.5104369449739817   0.6566062474341011
   2.9153362380752132   1.347508695418807
   0.31314229522757875   0.5346607191768165
   0.9544655187578148   1.2157915454902972
   4.986580112491071   6.489384980179939
   1.470747777961145   2.8029888063981465
   0.5336198308427582   6.298924869349089
   1.125638995459178   5.099846346042974
   1.0001874933173538   6.660683281935927
   6.652600330781045   2.444974255884781
   4.27415656566948   1.2981179451990033
   5.035693226715261   5.545342617971678
   4.268366032547901   3.767638131656563
   5.451988183686252   3.055930697053604
   3.247868593745082   2.635613967472719
   5.563568717653726   5.835319932459713
   2.54881266017163   3.362503528379546
   4.2790987458456105   4.582889896572314
   1.2674202707120827   2.491846174742548
   3.9828443761888224   5.245891427051522
   2.6723265994800345   6.596361179984228
   3.4507261977055554   4.361039521405778
   1.1120997791481289   3.8816347024615205
   5.2384054446191675   4.365384985349543
   3.0520669195396555   2.389868968635632
   6.235585598345915   1.8750935703553995
   2.5806255241156113   4.381911016232516
   3.333645627267463   2.9883730513074864
   2.2750239028561694   1.7052672928079073
   3.750394724726911   3.820162826589692
   0.7101503784753729   2.779059838073108
   0.4961726828506443   4.721312240652899
   2.1311736598999964   4.243860595538667
   4.7496962624144565   5.97384327318554
   2.8919338485217296   0.3350964099067093
   0.5399862548053033   2.1865110174214193
   0.18578523962412652   6.643194856810879
   6.102383501408208   0.1412413785497726
   1.3641506919511044   5.121897694744534
   2.592096947486528   2.4611424779645414
   3.750347529327448   1.998147681710929
   4.49790408635981   0.18465539328400704
   0.3123039204048481   0.6227070808730868
   2.101554430537809   0.1380233788868116
   0.8575857666889815   6.280151501489221
   4.6751057571167625   5.899630991667677
   2.5577119181420414   2.550129677043846
   0.798854257352984   3.14487629481208
   0.596036782718536   1.9787671971747605
   2.216696073330202   0.24911045147627087
   2.5645382870856626   0.5798396936801948
