   0
   0.7270327368160768   2.1931728824514742
   3.0685347390206874   4.404842460866348
   5.187431308693716   1.2454094661438235
   3.6152551113494726   0.9274695976917136
   4.135455167859931   1.1177925705151759
   1.5799127469169596   0.5354605941528443
   6.770406896727171   2.5005963909382958
   5.6826447138223335   2.7688169270342375
   0.48092450862845526   1.265849558724741
   1.3875153284948971   4.491949515331735
   5.9817151249494565   2.677159484597002
   0.3980292433198166   2.2506850178593023
   4.049067414119486   6.339755236916187
   1.8340486262927662   0.5686947501082076
   3.8150690748603786   1.105318377508666
   1.9167433420492745   4.151331635649099
   1.3060494601802146   4.832691938159142
   5.573163925395285   1.885761278222713
   6.10509729169565   4.810836972395306
   0.9257395490121665   5.165921815578628
   6.681593192533857   0.7744233113791386
   0.1544637884620489   2.4292437994019123
   3.062529677693921   5.785217881324773
   2.7107406144428716   5.869211569953554
   2.1209798003135125   3.8139584160639397
   2.3218255538377934   5.083744783621909
   6.826411307523121   6.637670431706878
   6.653507454988452   5.934029164926962
   4.339625180320336   6.66641135161187
   6.896136333417991   0.12182084698647078
   6.841940734222789   4.531199021505721
   0.9053153868735199   4.945400101321102
   1.4638266083227776   0.7014026408986123
   5.863534194560947   1.3652460523258334
   5.622522495759754   6.055152788722699
   5.732732969301427   4.900156432126428
   6.491271670233129   5.2003438155419985
   0.04024752440325696   3.982929390112739
   5.204631485789176   0.43658217583933434
   4.78179573025748   5.231876812274317
