   0
   3.1505398391969854   3.7765445907481356
   4.688638839093385   1.69138133376708
   5.54546521344314   5.842612796081731
   0.9676184163133866   6.073108409088
   6.607288262824516   2.7868846666294074
   0.7215073680500412   1.9038266455047705
   3.9690956359350205   6.320152988386457
   1.9164391805490377   4.570379419827275
   6.948724466737312   6.679874720808652
   1.0107481475356561   0.9972015728673496
   5.884047729297153   1.9763441282573868
   4.817291959185798   4.549022610368773
   3.1464723159511543   4.979369571305354
   2.311674118676934   3.7544280697293706
   2.748636824554174   2.4457680872263436
   3.715923446818718   0.1258886742037626
   2.0316307047618336   3.3682597840029147
   0.11590296655149734   4.366505887879745
   5.955138799132255   5.025372231767657
   4.768178987429502   6.987126486917342
   4.02075668745691   0.42973478859244496
   3.1182905371431886   5.809625557695831
   5.83430622577727   4.708670520331786
   6.387325566861533   5.003057038519097
   0.7573123761101137   2.106259352574623
   3.3874155443839755   2.189015610965561
   0.010897390900880821   3.6700803674049975
   4.999223440786687   1.760957501433217
   1.9771735819748872   1.2786043001429843
   0.4857120117732474   5.889371484535314
   4.29381184312216   4.4767359136866345
   6.526439882911635   5.730593967519257
   5.656791214425931   5.617279690418022
   4.535339764962826   0.12170585073671525
   3.0344265760820006   1.0551236872671363
   4.4724019021084445   0.5273516357684035
   2.252601588573002   2.608709620771357
   0.9758895762606947   0.2064671352672366
   0.6367273929170157   4.189884059063761
   6.226677188737995   6.487801974973668
   0.5902759774930165   4.408494835700851
   1.5100151028339917   2.68276883695132
   1.6528277310779107   0.08212202615614506
   1.9624795651562956   2.522554756399764
   1.7124076985213033   1.92410778317265
   6.483085559707016   2.0835727071183276
   0.6474698599575134   1.2445701525839488
   3.2474930510002107   0.9612347415214141
   2.7432257656964887   2.2793605097899268
   6.6929541378083135   4.966671584421965
   1.7651008864756124   0.7609490266409653
   0.23910701099597997   2.8544291987717214
   2.578932719797002   3.5629928008696967
   0.3759333439971899   0.541312282980203
   5.683119784937402   6.68686853361452
   3.085156965273615   3.9474502588485576
   3.9622572848396755   0.5137221563309534
   2.8650739944078354   2.9803067809013655
   1.384886269536691   6.119612643147274
   5.901263582084642   6.2907530149601225
   1.249818993091863   4.544100140001978
   0.16683950742799147   2.257471011840056
   1.9360869435097265   4.21415252263811
   0.44586636260662404   6.2018571848042985
   0.9308949580809608   0.2555177884854014
   2.4522706108743537   5.100237889872603
   4.198052307476165   5.17273166678642
   0.36404239941531724   1.0436128755845147
   4.706184529493021   0.34670612965675096
   5.208731953219437   6.397287468966128
   6.161618131272682   6.985365716379888
   3.621205623072533   3.0336550874588313
   5.685166025307299   5.568072462926543
   3.548338288981255   6.151037477316736
   0.33512513689421675   6.448603316287306
   4.497780934273524   1.049891825512284
   1.0106379893523592   0.12421965088513609
   3.9191493811976565   6.814838953223189
   3.3701502360779862   5.739888025899272
   0.2659457675284108   2.1468680044081774
   4.969038700244018   2.6769883964575785
   0.21523144755883494   4.604719753384987
   1.858563530915619   6.574867788440505
   2.4195333273592894   6.247849650729918
   6.395139665596797   5.851369494417326
   2.031675909895881   4.125520608137127
   3.9845053119557488   0.7249955710270329
   1.0781911382228833   0.22747251686947167
   4.929703646071228   2.896628065394586
   1.5606711352822438   3.401266546664568
   3.4648758540226803   2.422763248796557
   0.9368885754456668   3.3497975774654933
   3.4387048728490766   0.9049835798302377
   5.374719545221944   3.149618627478964
   6.961931357594387   1.931914274685604
   3.881867592076042   1.7766191390232378
   3.6527003863228344   5.740190652792741
   0.09309510317860437   4.890247806273476
   4.901582538904007   1.3099774689521013
   4.1441303610945495   3.6108667298676878
   4.834951776367528   0.5783628003330081
   2.6776335047650592   6.226976971673594
   5.380985200745153   1.1404670006304043
   0.6115561181863154   6.689947491989211
   0.03688609551900379   4.713383460291796
   4.853950967466691   3.393533971926977
   0.5990212168455677   4.7620909471714805
   4.67074295852524   2.093869876854753
   1.2494929828019927   0.029249023783757933
   0.904182223134152   5.902757960111691
   2.993259939792302   3.272314078149977
   2.699667968009463   5.082995001665413
   0.5092496380056131   4.29168572903168
   2.8273347053539615   6.889104853687516
   3.0169960141318994   4.332615528206767
   2.082258156691553   1.9302573547525141
   6.767169901838685   5.161385946086012
   4.613350317243598   1.484295852745694
   3.2399562644860564   1.5527887261928122
   4.365966670078337   3.8626997984332774
   6.079567673602765   2.5812065907223194
   6.126970363619847   0.31594954522129326
   5.206270232146508   6.981625027993907
   2.933448780052299   2.0771665920267055
   2.4291323299750016   2.939674100816387
   5.8474957110898576   0.9690458722108978
   2.2332968735274052   4.981325029987961
   6.309430410005348   4.544997140726036
   4.23490622007655   6.1631380354868
   6.460536560470186   1.00006169934884
   5.084903089174295   2.512981879087922
   5.973863435166566   1.0705659141124837
   5.359760909491401   0.6389200772376081
   2.0478466592486892   4.8436251721493235
   3.20278529285635   2.610480504167937
   5.302460982101312   5.818509831846903
   4.173964386728009   3.6217992978474127
   1.3713339915616602   6.701528757729861
   3.929430471751939   2.5701551551254607
   4.00570712482549   6.27449059433259
   0.9834330363150482   4.526178642845256
   3.4973424083226075   3.2539487245180605
   6.906307999408236   1.1335514170016814
   2.1874345665908055   6.354331534801734
   6.881263043264682   6.256277093950057
   4.757298581907965   0.7827128920575854
   3.580888496022768   0.6906336772532524
   5.894063818165714   3.126374958150879
   0.8311337292430884   4.4766890742998315
   5.790817026952023   4.046458613414184
   2.506080528341024   6.280783535594836
   3.7755974095138405   4.361904810538393
   4.541177120103162   5.475658320012817
   3.1673574151941666   3.99752882001498
   5.865682121720868   3.9189328986708674
   5.229464158162434   6.878475586125083
   5.436908487743905   3.0234053316657197
   0.8325280211660494   4.1804464746459615
   4.409437407271283   0.5241745891187843
   1.1483047885378532   4.390992992973755
   5.791810236251042   4.37785724600723
   1.3751287443508575   1.4018124982754379
   3.731296158927166   6.478194889284934
   4.142795959569174   4.335390465886817
   1.8241621541992759   1.3401197108785619
   1.8610278053725842   6.011471115058825
   5.574465343824222   4.590872048698897
   4.860603421142205   6.879744492648573
   6.318715462014922   1.012036317953139
   6.729965509693408   6.884785125643407
   2.5968510145303743   3.828286345617382E-4
   4.772559322696493   6.087671328983393
   6.081799138875751   1.6581803395195296
   2.0013794371474356   4.945867921601943
   4.780480761733099   2.2851639813371953
   0.5471583061024172   4.948852501791926
   6.288457679130928   3.824619995132434
   4.785343251245401   2.8216106309427045
   5.418502187465565   2.8150684946200997
   6.884464433329297   2.741528285962355
   0.5302091277962876   1.6168028809749124
   2.8447158335114917   0.9663543889227331
   6.363351111793292   5.11906376018042
   3.4305232159631736   5.941807128013528
   1.1220210326400055   5.788903238997667
   6.704590798470251   3.347046489190335
   6.969682626111304   6.796813738962448
   1.143374082791217   3.644630671253581
   6.977095613654893   5.046974725896928
   4.555143146698791   2.528727019469459
   2.915659175360093   1.2514884746713042
   5.231754058189127   4.211242199248697
   5.108059231883255   4.718253454232072
   3.9439653541870245   6.750188752674886
   0.8361893560050561   6.271146314471383
   3.5375894999963484   0.6079994561371893
   5.563148970858385   3.688954643747397
   3.0039870998720146   5.329653716272983
   0.45171166424179865   2.2360310927371105
   5.983367139002021   6.651375540412505
   6.3559907346258   3.2629063513475485
   1.713071607591976   1.4903110361691934
   2.6261146386471976   0.4791285416550236
   1.4554799648749177   0.12399461981146609
   3.697562353611147   3.343364817334501
   4.431384003869504   5.4455590085504175
   5.537391856217811   2.0773265314776346
   1.2446405045118656   2.4765421480683814
   3.5889359458356576   6.0903547398934155
   1.7126235725342245   1.3337961524256792
   1.8946194187688685   1.100520744370811
   3.9144561510188156   1.5803962790173063
   6.5833920338188845   6.955877294351132
   5.13521494251597   1.3426033096741259
   5.884855483870748   6.096011792814854
   5.21925945437753   6.745822922968465
   2.2765003426724304   3.7493320776681673
   0.64955118505406   1.1121627448872267
   0.2835515113046846   6.335536690352622
   3.4422874583173115   1.9705787939082295
   4.832761083576004   0.13549365637134325
   2.6873835958834356   2.2577560510439056
   3.9120704504273043   0.10227823440386397
   1.2753047155288848   6.133765361835264
   1.607399301206619   2.7173894720826164
   1.0294501477160196   3.6011853008376193
   6.3759071199105755   1.04519526109318
   0.11076224034760751   2.5997789454012965
   3.671907288855749   5.6064197306971675
   0.17743848381341   4.450962222475756
   1.7672003204537825   3.3780200959761544
   5.367586561656532   6.447198972550039
   3.801928014883723   0.1320662901366474
   2.726375594431447   2.0211071799130993
   4.7651365736458375   0.45026370937008764
   0.22169369068564038   0.28745886201177706
   6.236074094859569   0.09353174642535222
   6.983538430156797   1.8284032057263324
   4.317831950484733   5.9675748480197885
   0.8623203410655484   3.3881443175125314
   0.2642747836490229   4.705654116239222
   6.8299796279245815   5.657948483367274
   0.8392932908921854   0.8887957901214958
   0.14526705934978212   1.5657607233899056
   3.4542461998017524   5.14143909798639
   4.570761508501855   6.436850701609614
   1.6050459557331207   3.7770579183456086
   0.264146802907409   6.062815424401762
   1.0746776215789577   2.32355557033953
   0.26999226045562597   0.10590704300526799
   4.7800267528207625   2.1322629392791814
   0.8107323195485349   0.3740570478064065
   2.0237279717370473   5.367137822746563
   6.816758564625584   5.329114637324859
   4.262332151198638   1.9822911185366583
   6.345496335171   4.736716659573202
   6.321425486870736   2.8262358480526393
   1.7180469573442425   6.630853207789945
   0.27641901702053706   6.76028074318378
   0.34943972918306   6.749593903729519
   2.9745660965910234   5.646260999006668
   1.3647500118168927   4.300585523382449
   2.3993476202412736   4.245325135359249
   2.1782970622786535   5.335832343008228
   6.7727021001816405   3.474768182323108
   4.266848540668734   6.154918584582406
   6.453665136366524   0.09392657841111829
   3.3902199038805327   4.014227723496358
   4.323816405239102   6.732919962371893
   6.50386605553378   0.9968692261190963
   5.450519236012385   5.2395552005165955
   1.5680253941274818   1.1939115560568694
   3.3882751154834536   5.599973904629432
   0.3866863216144395   4.362178159322034
   5.516597952514424   5.187653272337596
   1.5071072020148546   5.957256292773315
   3.3196533671663806   0.8131411908208187
   2.0768314426298553   2.8925165027353192
   5.488489749124196   3.983431138288477
   2.3901023122820426   4.545844334727152
   0.17102714910969807   3.9351548631045214
   1.6592900102303116   3.4254269981895886
   5.6080551257050315   6.379795811662982
   5.319406369560644   0.5143433421107841
   1.7753244933330474   4.491896407232537
   3.914993326990463   2.6408464122360855
   0.5024071807873713   6.482760278589096
   0.3286318989960407   1.2671349333140585
   1.8583319527017257   1.1324207531213881
   0.7890296021371781   2.8540495990529577
   4.382091165043832   3.90167125535279
   5.7441037486321305   0.4425366884381713
   3.9929473013124532   6.713725951525938
   5.300692929581261   5.294862298423024
   4.141059033884565   0.1816052694515936
   3.5174840387634423   0.3594654304937934
   5.953274113277681   1.9626096392599015
   5.3914590857254705   4.962983405663429
   3.7920328424797765   0.045272842927482904
   0.9006220587797091   1.4913806045019977
   3.7771513982510183   3.116956830570907
   5.956981566603944   5.8992627961792135
   3.4208490793551443   1.7217748592388933
   2.583721135936807   6.682355884217026
   6.595712019654   4.698802555273723
   0.0592041263046269   0.46277674537281477
   2.593378877102353   4.389558141636286
   1.1679184902738553   5.570121112395502
   6.03856312610082   1.3215133075547971
   6.064679637599394   4.953545931346188
   0.8986183346671179   6.5109085351999205
   4.593368274718127   4.430916289381237
   6.773184460297917   0.18343108682204967
   1.2051930492013296   0.6707393649791651
   5.061541751440291   5.585330658820923
   1.8939267873792245   0.4110060265719958
   2.4871343859008395   0.65032269066145
   3.8067794601173266   2.2462073051203593
   4.809310599454679   4.5991546532927865
   1.3995272909087677   3.8596929981394683
   0.3716622607706854   3.078980179590955
   5.183231904117543   0.8431878073258465
   0.42443536270048654   4.198714763007073
   4.25734379100551   4.228678129565966
   2.915315693260948   5.784313765513621
   6.940192941879681   0.5600313720416574
   5.6684799927722525   3.364443363126508
   1.8928342860319023   0.7526092377670108
   4.566141883671751   6.802283095714509
   1.1859231413617637   4.128783803261731
   0.5099051189329508   5.113225113267021
   3.7817581981103103   3.8756622627329036
   6.57107184827264   0.8510089666141626
   5.894841221964196   1.7484773240422316
   5.839643777671068   4.506352294012793
   5.654261679062826   6.138999048083203
   6.051084485406155   5.642410761120462
   3.419927952107572   4.642966565581581
   6.108001888281533   0.9904292930019108
   6.002124510635658   6.9939457583131395
   1.1207427753956416   6.446711487329421
   2.900089462406111   5.683158798244263
   0.5664786477060172   1.848565784438822
   5.510262866066743   2.7557347948905324
   6.610696935452891   3.56215566026267
   1.0585724291416403   3.163478932792583
   3.5481001663988567   6.289204847687064
   2.7835801399697035   1.6626538295956852
   6.701746873463149   6.092284251325091
   2.6385250691338564   1.5724153744983793
   4.969859901678097   3.4499291674289125
   1.4902616260606674   6.755448311585098
   3.529058605380876   6.183107826999259
   4.471798121795942   2.9469874148610753
   1.9908597840226419   5.343589005496251
   3.7926058233957547   2.0418167377841607
   0.5651288055060454   4.622524761317447
   2.927079081468416   4.150981130223152
   4.50974564492906   4.524095243321521
   1.6864849692478514   0.16084686848191831
   6.340089911749613   6.454326217322548
   2.233454638131247   3.166795671552906
   2.935031102559342   6.999223010505289
   0.6205309693046547   1.5122330643521393
   5.807950737468892   5.009132122201396
   2.9254921383461108   5.240743837595791
   0.4119033573310005   5.667766121359504
   6.516138853930003   3.565121518614069
   2.417366002908705   2.504602595467235
   0.40593820592672647   0.4716517884458634
   3.4391044799860615   6.308390390472135
   0.05938147992948928   4.811424551484314
   4.695527703820525   5.117267959639487
   4.372123508796912   5.182599757730125
   6.55948180075255   2.8975266228469527
   0.8859297448789802   5.5784497497060075
   0.9037738686121145   2.1783201760215674
   0.6021720723046002   2.1656497156926298
   1.5578025989110236   3.783647855341865
   4.030072294227372   2.6656862135420627
   2.073506317748288   3.8957121207309413
   2.347104386221793   1.6394015806008464
   1.349424771679352   1.9952744091249532
   6.758927475764354   4.52059239016705
   4.481012820293085   3.7549050923411564
   4.324932027695859   5.50922387860704
   0.49341831664986135   1.7100510691013056
   2.6629428255160743   4.418229372620506
   4.369787086706238   6.500611122752232
   4.062834664158129   2.2700003973331366
   6.013731027776171   4.662240315108249
   3.623773744424191   4.85958315232898
   3.4789390200025814   5.351872203733273
   5.08351470721419   2.6412380553089903
   0.9619934999141395   2.015973573899185
   5.030637119257733   6.153419026356797
   1.6862913242445234   3.8528206538207845
   2.1818231413791014   1.7743801923897737
   5.905554807905758   4.981606242105862
   0.3662330595811253   6.896513159860701
