0.04253161314014932
0.24752564724651394
0.26435791785306895
0.35386950663785055
0.42631352515380067
0.49920764329237677
0.5713271171285035
0.629594577760958
0.6617482658035874
0.6724168708381144
0.7282053254792118
0.7500000139945274
0.7565829435856135
0.8276288982501692
0.8593528512503178
0.8434135693775029
0.8565497263903296
0.8460342242209351
0.8420252387284299
0.8632821649578286
0.8876874063532616
0.8891245197303835
0.9097132897408633
0.8932626994568003
0.8779737760298598
0.8917639175559706
0.9093020395088134
0.9058009979844998
0.8987538522993371
0.9109140611057511
0.8885940602967266
0.9108128155072276
0.9054181347380756
0.9009529449482706
0.9086307195026628
0.9041934998148018
0.9223451383214024
0.934790470301849
0.9345591374501022
0.9087856212469789
0.9080523545539068
0.8944934964146337
0.9293733188629255
0.9150340139387294
0.9152293213518086
0.9374920518298824
0.9356799040103894
0.9265921690106746
0.9295462328437406
0.8831888510628728
0.8741941739650207
0.8924931379783723
0.9091554557317882
0.8471275920459158
0.879668546981733
0.8930003115127982
0.9090729930074161
0.9074866353796526
0.9334724735483767
0.9216395885461466
0.9214197937678741
0.9203623095524632
0.9128164432457118
0.9040578825476648
0.8695528587198608
0.8821027718381513
0.8813700514474023
0.8718626828441742
0.8815073936345623
0.8798892697959252
0.8825363191055802
0.8575669726407362
0.8742264831414338
0.8644980802395787
0.8915804293943641
0.9241174437005502
0.9236372726492532
0.9235049679407552
0.9204981725028083
0.9009674574380442
0.9106270601065911
0.9093452202690218
0.9235074626533081
0.9500429433620081
0.9449535376099636
0.938691759955324
0.9517779370871203
0.9503095132335863
0.9198164977094213
0.9009845510619419
0.9241916437034268
0.93335918202876
0.9205695110878165
0.9168613594040657
0.9155242995976465
0.8906711788443098
0.9054823047647604
0.9261328306971414
0.920554669177144
0.9008001532102694
0.8983260867728619
0.8827847149866381
0.8934353916964455
0.8689266404446927
0.8983284539430922
0.9082676457480685
0.9002547106899275
0.8698662968451143
0.8649601332247655
0.8676710745855593
0.8179140372441882
0.8462711487677269
0.8503882156249687
0.8496322646357226
0.9072094135220066
0.9173445918582095
0.9376516903106792
0.9445165685402729
0.9481122605621036
0.9464785227461824
0.9487976862325631
0.9370721251021925
0.943553083198194
0.9252448346828384
0.9217765388467708
0.9168065986118308
0.9214221526343206
0.933974381792001
0.9251562077822646
0.9060621116968854
0.9190596428559072
0.9201659345063298
0.948217265524602
0.9475187844211663
0.959390523042795
0.947409734730938
0.9554721075008923
0.949958572572558
0.9492547137474779
0.9539336768381689
0.9288118879726062
0.9058313700556085
0.917021825372758
0.9168460625877473
0.8999939335826787
0.8688935155356012
0.8915627685182429
0.9274829117597276
0.9139284293505472
0.9189330014795936
0.9262458991703221
0.9229703486095976
0.9003612202075075
0.9197020744045314
0.9070802454289777
0.8953284332524012
0.9286421792913868
0.9290717200983716
0.9244830045497553
0.9245362056951778
0.8920384826480816
0.8657462957400948
0.8598109478036228
0.888843344645146
0.9003713477606717
0.9084328125648511
0.8881087503661399
0.9147532515558502
0.9226590405683825
0.910064247780338
0.8796085852028309
0.8556327124088114
0.8353314796872665
0.8760020953667548
0.9179973863314246
0.8990318960653605
0.9055666922945622
0.8837709671127685
0.9069947035151131
0.8890455451200674
0.9237195294080452
0.9293444948813696
0.9528305735070948
0.9429934268367228
0.9489010604006425
0.9508334179009408
0.9529004363455323
0.9451107564185472
0.9444384498155596
0.9211595205975729
0.9347582230493666
0.9372992795303412
0.9291038801678344
0.9414237531904722
0.9521248303309926
0.9369566505069221
0.9373844163821157
0.9259026401239998
0.9430700077197922
0.9399730213901787
0.9490649592518996
0.956475883980597
0.9505727255498277
0.953427895370567
0.9376326777301525
0.940676008454414
0.9428634479623652
0.9371472055281413
0.9133642653669463
0.9187607286612425
0.926958709121928
0.8935290023192574
0.8972179048788345
0.9246951605833442
0.9291872159920175
0.9131714817769656
0.8678602629504459
0.8555516409474568
0.8362617429237587
0.8166082682269682
0.824331238466735
0.853522744923535
0.8288677131813829
0.8229627895733771
0.7944204384553145
0.7931689155628827
0.7609399678265472
0.8036323582080286
0.8352793604429177
0.8134302396968858
0.8085708212629311
0.7932911408467256
0.8038749532762607
0.8278697025280343
0.8263725328502366
0.8635195646126637
0.8924874407555398
0.8881747190563526
0.8878249980967199
0.9116295841249885
0.9257307962627059
0.9000778415851151
0.8970135959302376
0.8917569995531658
0.8954144783331391
0.91755037821254
0.9101189683027636
0.9243165863010985
0.9342445266971994
0.914511362716325
0.9207028932326807
0.9100762267230894
0.9077943263339847
0.9222255232742398
0.9184448055828481
0.9231893729792403
0.9379521468722821
0.938108734738357
0.9229922480175943
0.929849050608707
0.9251137203261074
0.9292720049985301
0.9181065601278791
0.9422662985144503
0.9451527681798805
0.9273287178481506
0.9458030604886476
0.931120804347012
0.9388942045017187
0.9238195217348055
0.9224604289886009
0.916398598383557
0.9431952618901299
0.9462726325589524
0.9587095175423924
0.9550356621407352
0.9380513748386645
0.9445498593453412
0.9236780349358426
0.9323934612999061
0.936849102843541
0.9235374708685191
0.9478902458363845
0.9472012380877547
0.9280573743500649
0.9169535964359261
0.9062474604835816
0.8950318530562558
0.9322205428489468
0.9469280276726059
0.9479667435807296
0.9298161292524727
0.9221613021331956
0.9194609273733599
0.9089580714481427
0.9045582482999044
0.9025615762246258
0.8836404736962146
0.8828972409275716
0.8915310562001616
0.9017576394904815
0.8824717727402811
0.8848493496673546
0.8642667557344208
0.876550570929153
0.9154719892394807
0.9159139277072537
0.9325269643042291
0.9409134987293601
0.9417543911817172
0.9460981769522517
0.9469258777673719
0.9510304343168288
0.9605875862901754
0.9459845823625861
0.9330759274410334
0.937777450349484
0.9487665078167785
0.9524959724757334
0.9450852235522378
0.9437970151195226
0.9441293190471602
0.9268473944001772
0.9104134421210285
0.920944400260825
0.9398082947695412
0.9388544479922009
0.9466521272111096
0.9488970758406162
0.9242238441917073
0.9290675787091002
0.936003775580309
0.9438639400214228
0.9577036844666531
0.9528195201103197
0.9445240996508892
0.9423469361957495
0.9294887427801435
0.9333906137035133
0.913276977105391
0.915931514828079
0.8983743547419978
0.9198823065554255
0.9371411915455352
0.9413976563519868
0.9589158740147697
0.9362945285244108
0.9488260096042018
0.948563148491334
0.9406733052964713
0.9481390165394369
0.9302728175609773
0.9285503079434664
0.9184297593993989
0.9206576688619236
0.9089102543467168
0.9020889959779612
0.9035752218451331
0.9236397572582506
0.9023053179966083
0.9050866710905072
0.909274962933686
0.9109599104660282
0.9160057963642984
0.9237811587788155
0.8965670523803302
0.8949537106727541
0.9187882086558787
0.9092466409615764
0.9096291504911106
0.9204358811527584
0.9265703015155058
0.8829243586460371
0.8784405528738937
0.8568222334881335
0.8388506245166469
0.8167414131895001
0.8428431024994244
0.8231436596199875
0.8737344091236179
0.8829777853897458
0.9070733364942616
0.9342412702751977
0.9279137898552717
0.923437235002315
0.9194733044503881
0.9012413218154519
0.8975343630463126
0.8938757676171996
0.9134205950712746
0.9214782513874274
0.9118454441356985
0.9284959241776956
0.9167183023177766
0.9404883683356774
0.9407975253271159
0.9433923514740324
0.9485764607950062
0.9419506885951705
0.9450953485239184
0.9497774532457394
0.9463551831395105
0.9456956262085827
0.9182907115502474
0.910493637806493
0.9101989568850244
0.8938554015209871
0.8568096004509587
0.8569119332656753
0.8652466067746395
0.859506698572456
0.8623744268028571
0.8411143574028974
0.9007861036383452
0.9147934129945982
0.9330046725334575
0.9347569171943017
0.9394880986838234
0.9428498730322648
0.9302562754636132
0.9307725286022862
0.9360285224353726
0.9502431491826996
0.9390974531855827
0.9292532961775333
0.9178039399668838
0.9146661252177104
0.9001022549253858
0.915999301890797
0.931334437222074
0.9415343910257393
0.9416897633852324
0.9490302036594553
0.9434237118834266
0.9380078726486001
0.9515796028473652
0.9462103566984262
0.9227111700334412
0.9248958111840478
0.9302161704881551
0.9478722128086732
0.9298863319156908
0.9280068254236112
0.9274009851341558
0.9198295263176197
0.9080800855555662
0.9026325592470325
0.9072671848742251
0.9074713069523438
0.9383928699219586
0.9296551457701783
0.9090720226979496
0.9060920294343879
0.9137823843949697
0.895721773347099
0.8883427902600716
0.9110941749218832
0.9117241818892177
0.909272839250457
0.8971721125445362
0.9025479625915876
0.9158561630384994
0.9289844959469364
0.925766040544528
0.9427575651193818
0.9580313100830076
0.9481080392033504
0.9461917116197084
0.9308298104657386
0.9335663680815314
0.9445981664706966
0.9359713134381837
0.9208197569256292
0.940568519588573
0.9368869918103153
0.9510979573848464
0.9423621345089345
0.9182105332354404
0.9193666238906906
0.9364386482209566
0.9402883505454049
0.939720484109108
0.9597156426555836
0.9395424044535616
0.9457074706376294
0.949428126733445
0.9508115797472687
0.9605654867568076
0.9452517052461974
0.9474980552113027
0.9423339021916595
0.9561288009471567
0.9517711296344636
0.9562829120060399
0.9518605480986022
0.9466032657197283
0.9464721147629884
0.9318627482087863
0.945968316847601
0.9385790620345267
