0.02854473566466499
0.12304215470825156
0.16107686509025235
0.12393690543003805
0.10918942876464117
0.13335168460608648
0.15508262571575226
0.17040711160751323
0.21175420618291313
0.2039634463198604
0.15458781793559923
0.07858004324709136
0.10532211312736646
0.08562667725715485
0.05676667469233053
0.08634111889287922
0.10464907552093686
0.12273417123758024
0.1510065232925701
0.07463003311276563
0.08262614611054728
0.1360394430613569
0.16468472895404532
0.24891046022362598
0.25299440511574955
0.22051391566016101
0.2578119281826356
0.3379926866258661
0.32673288621887486
0.33912395957596375
0.36940992512676407
0.3583655389775997
0.37860651846569426
0.4236428287740944
0.5027001009471403
0.4944933524226068
0.4360314842447869
0.4349324877343468
0.501793239261208
0.555933702609039
0.5899736462501515
0.5995665413686466
0.6087440343719532
0.6085971114481574
0.5828566353423409
0.5651680768872628
0.5930892951268412
0.5448014188509853
0.5486548692961313
0.5590941736138606
0.540796273480896
0.5959879109902878
0.5654140284918839
0.5723467897076466
0.6096567277590819
0.6112836396620553
0.6077311773903816
0.6225967461283649
0.5700319825238448
0.5837370472077664
0.5570755267268589
0.5910310162795278
0.5812902774143958
0.6230595369734806
0.6250472736946284
0.6204272937428589
0.6478224811229073
0.6264565862090848
0.6294894879741648
0.6115284565671607
0.5834914973582715
0.6045827448126766
0.6117213940422579
0.6151375812640625
0.620778070643572
0.5682439065986081
0.616770563238702
0.5954008314490329
0.5834890568170186
0.5441364532624241
0.5065066662612132
0.5278622013223014
0.5579272870852072
0.5432286876680699
0.571057321906788
0.547936096900143
0.5475579478947846
0.5968176684154927
0.5914201432882398
0.5784304428041332
0.6479183527159103
0.6137529999196019
0.5707509319779271
0.5747885278235105
0.5672038887609815
0.5582876489946502
0.6010100608569864
0.5679332723732664
0.5705429093576863
0.59314507477292
0.571802370492219
0.5480281235823378
0.5411732530608306
0.6000850703625038
0.5611145968317068
0.5658576485339636
0.5883053652057029
0.6254050160275074
0.6603904540600015
0.6267683841409808
0.6239299390532074
0.6670133607500344
0.6177425920977249
0.6329801825186167
0.6335402328179804
0.6145658976794858
0.606717315708397
0.5928071031766767
0.5682886895583884
0.6087728793235572
0.6644916995581354
0.6537580050848184
0.6065502358232233
0.5997561949024413
0.5997788884540265
0.6094617573186694
0.6269536082037199
0.6143910029717943
0.6148225139381418
0.625919826488393
0.6292471026109325
0.6216244427536699
0.6448507262386667
0.63846197198952
0.6627616101118726
0.6406472909031753
0.6261595008535513
0.6550149830227923
0.6432402407774999
0.6595573669081027
0.6208050595453128
0.6463063560018014
0.6773122408300409
0.6613797606435641
0.6428709064123572
0.6538268524124566
0.6208847589393234
0.6205474877911908
0.6602034240683036
0.6758935488536812
0.6448360658118746
0.660853526820418
0.5647466723402058
0.5541882884725333
0.5548173126844153
0.5877027759697724
0.5990793273676054
0.5643808666972794
0.5545049975095475
0.5853657513983099
0.544310266034604
0.49479273564328863
0.5676415844997968
0.5987378670095584
0.5534475067630605
0.5923268330252298
0.5949779477822357
0.5664374533125844
0.5834571318385905
0.5662332769712777
0.5922139420697871
0.6041656926749557
0.6254408193519032
0.6088753855990632
0.5905242206783801
0.6275114201682551
0.6522175474389729
0.6488673936918863
0.61800461397562
0.6182436803181137
0.6582927493143691
0.6548726575798043
0.6067461162728731
0.6398686590912462
0.6386366525973417
0.6146655355394137
0.6401907768798678
0.6292687585268515
0.6433351408008254
0.6086790008480325
0.5925178977334531
0.5575255700967361
0.5312673108818431
0.5273670180210475
0.5687691547088414
0.6098494572489951
0.5468119599193916
0.5453472511815969
0.6073485599617454
0.5667321438184822
0.5822815338027009
0.5582101380889287
0.5183645829431751
0.5773058000800309
0.6170355035127781
0.5929115445441119
0.6407838436634938
0.5973933176234811
0.5370973317312142
0.5616064252280046
0.4818255924709637
0.4831790918728689
0.5341075002956608
0.5192123937985071
0.6015224035155782
0.5693479604877629
0.5476837123799404
0.5991220392430658
0.58367423064224
0.5735843716083998
0.5797523623013321
0.6066820442381404
0.6342681577010082
0.6296719667176015
0.6363780267279875
0.5934603888195968
0.5986538592388484
0.5914049214381595
0.6134568818467906
0.6254331388212443
0.6475214933283271
0.6375236512991966
0.6530531073846497
0.660021941439553
0.6397802308971863
0.6345476385722673
0.6156791214373916
0.6446867738439355
0.6359088189106321
0.6297321811543579
0.6573711253271173
0.6454002061360236
0.6413278503480249
0.5901924135383539
0.6224954145015723
0.5824905700724408
0.5529257970516115
0.5694834631623028
0.5461708915090449
0.5729876632300013
0.5844395198013239
0.533009199596093
0.5406936218049627
0.5750824043969207
0.5878475775127638
0.6285963273716344
0.6523355065837193
0.6692532625283892
0.6037540654015456
0.5846494707509555
0.5950794951252214
0.6326226847620293
0.6402627084117707
0.6394286287959684
0.6324908922913863
0.6457931555787477
0.6476251068360773
0.6453748150493842
0.6658444291256953
0.6263211689582109
0.6270230501484226
0.6566019467565849
0.6561637706425958
0.623585344692517
0.6468418983124842
0.6144920667218096
0.6194073194407206
0.6439452065538374
0.5964513563684533
0.6283237491938344
0.5997213222405788
0.5728954535007861
0.6160733824316527
0.5779343081734922
0.6213535220850459
0.6144764136124827
0.5799324397254879
0.5721964626617244
0.5751756008419979
0.6369545972582042
0.6066764958621502
0.5689147192488322
0.6291403149794426
0.6362320451237609
0.6553587419841209
0.654468183851618
0.6423623324194163
0.6735445469885604
0.6531721792799767
0.6440775310034506
0.665318273275912
0.6232946304342865
0.629919440062944
0.6416732143353352
0.6376060906224974
0.6467233346527504
0.6607406245914141
0.6149566051163172
0.6141680371029435
0.6277281552628049
0.6152873976679736
0.5952119564451983
0.6018780663073972
0.5668599699024577
0.5868581349943662
0.5817131378178568
0.5586793308881128
0.5888604863861779
0.5983733679335143
0.6025492593026884
0.6227667812132831
0.6328486441042739
0.6322152168528961
0.6027585319400224
0.6147777463833436
0.6315484499577568
0.5663735227223183
0.5729274490277628
0.5485953950456879
0.5707420051858684
0.5822732596855382
0.6011058305388264
0.6163453559554991
0.5546830584455645
0.5840341770675502
0.5455797859193317
0.5733004212404231
0.6010055607086351
0.6139330903306394
0.6231944603151459
0.6803043401516689
0.6158169369596944
0.6248336646442029
0.5936470829724998
0.6460194353263204
0.6126650336699496
0.6394954849159502
0.6452665033825538
0.6409773054985248
0.6273717168300621
0.6013560184068591
0.6038886689051941
0.6547605555863921
0.5954638510376198
0.6442968027137586
0.6352872335542545
0.6559451327920794
0.6331220111714442
0.6345082901661692
0.598174355642052
0.6139704072486997
0.607882220796353
0.6160818369804275
0.6629358215057694
0.6067072601586888
0.5929054280570718
0.6092361196719693
0.5575834561161047
0.5510075422243774
0.5986218551156739
0.5876906653645173
0.5778909549997211
0.5753244024208182
0.5983617555420079
0.5776472406062322
0.5687381965070254
0.6257597429589052
0.6100907791745007
0.6075523441455455
0.6725182261799075
0.6679915841563799
0.6462125714693638
0.6488115045082617
0.633794840098755
0.6199499982484806
0.6036225679305758
0.6346003641197152
0.620669893171405
0.6068499915888688
0.5922257759820854
0.5590666751774467
0.5439300663031448
0.5695965904164908
0.519454598071476
0.4856838419899777
0.4898723952551952
0.5203647145721009
0.5295216127333482
0.5398055324310205
0.5285827698696461
0.548211918429058
0.5621583564974062
0.5428546583253167
0.5146112488566028
0.5343070105324135
0.5440742713709351
0.49673895494172937
0.5515139010135782
0.5777183524971392
0.587012284708064
0.6218959400392716
0.6110659470919738
0.5561047797694085
0.5463014984653712
0.5990486326272053
0.5809433571673065
0.6382440231127933
0.6513720206556728
0.6239713872911193
0.612226135475129
0.6239054881361455
0.651023552625511
0.6531589144709841
0.6471950723812134
0.6409409628789824
0.5866404450781701
0.6113988898044894
0.5860001978088046
0.6525971750217434
0.5835905542016915
0.551263702405176
0.5192459519350964
0.48770413260380746
0.46588975685654177
0.48033856827361765
0.4934054895508452
0.4957044124546007
0.5178078468017691
0.5161471351921716
0.5804823924670783
0.591868697722699
0.6279150593769047
0.6515841065144081
0.6434464514012308
0.6571676319132581
0.6083421790393284
0.6406892660903141
0.5996060558380196
0.6105038846769955
0.5856079136703268
0.6098561137542544
0.612513117445925
0.5634546290717178
0.6029416808417187
0.5752076020442943
0.580953999906676
0.6143968877860816
0.618238739396519
0.612627320731741
0.6421857037711289
0.6401823223584366
0.6528148785282736
0.6150195079252407
0.6286597729068848
0.6250226846226308
0.6362928442926402
0.6185461381666699
0.6121919152974491
0.6020290749897871
0.6027872958621922
0.586668427867404
0.55382255202749
0.565802601026059
0.5993733593576327
0.5674157063271226
0.5516339989595335
0.5268697903542303
0.5329328934163864
0.5458506584731009
0.5485753324260351
0.5441274679050361
0.5973692930430166
0.5956712155337227
0.6066872000299462
0.611776154188341
0.5695845513045126
0.5980108993275974
0.6124604668179011
0.5810844703546812
0.5304253643139423
0.5112382445515298
0.5411345146904305
0.5888018643191375
0.5686449044676443
0.6070309280705992
0.6107372827160759
0.6126332971331208
0.594488117995206
0.5686491433922425
0.5364703634627832
