0.04208693339157507
0.19299571096066995
0.3112286921819317
0.4030967747187342
0.48650296979271485
0.5679538957380827
0.6381962998202384
0.7022847067052782
0.7284905023057773
0.751979580670391
0.7667214722458926
0.7947770403789753
0.8137404329924959
0.8206657313523733
0.8238178273672463
0.8227741775011053
0.8427033867206555
0.8585455314096239
0.8542197449341874
0.8676389418637194
0.8814751404802835
0.8689723940607232
0.8729036043238285
0.8757192408198331
0.875971981171584
0.8911827664331008
0.9089711180278434
0.9192285667855413
0.929416738187403
0.9374839905824381
0.9425321802662836
0.9470741168631238
0.9492810910345606
0.9525662525370723
0.952411726978271
0.9536291951122171
0.9562643196520075
0.948398248507716
0.9551476339504297
0.9546177850060789
0.956481470656571
0.9554756080078135
0.9506834429887265
0.9549753873863837
0.9541779288838869
0.952997747133412
0.9559034453720094
0.9551379856551312
0.9530573149886437
0.9597100317870284
0.9573490060673715
0.9542305671533176
0.9558574538453051
0.9528925910623309
0.9529252293880812
0.9478588679001089
0.9507787339257938
0.9497930181444746
0.9515974061184231
0.9539006569097516
0.9560067132750671
0.9496069711549058
0.9522899162709266
0.9501664356398674
0.9509546908748862
0.9539758083770271
0.952243305112802
0.9518099443979298
0.9480125944692818
0.9469918320602765
0.9462340188730913
0.9465323731202988
0.9466961772431303
0.9443711688807583
0.9497194577252668
0.9504928787589226
0.9553032711128597
0.9582000743033691
0.9569876311551686
0.9484182499253482
0.9542034082191178
0.9533024786481266
0.951892143056755
0.9542680799923332
0.9498115901838299
0.9486862754728296
0.9455369573333896
0.9517500711476163
0.9516028067178884
0.9461296131345024
0.9490454718718336
0.9458552145021693
0.9459636292114493
0.9449095207415046
0.9356595975854274
0.9462093140399432
0.9463300988224341
0.9450879836821123
0.948155692806863
0.9544796109369705
0.9472546481212887
0.9501834007550005
0.9544753142774165
0.9355643847063325
0.9354553374546453
0.9375332227409714
0.9443759599128367
0.949105788381608
0.950202246372161
0.9522172945507102
0.9500137773446338
0.9426598373841413
0.9543757549757454
0.9408002328585467
0.9419056038284246
0.9382858625557571
0.9398930176407695
0.9445536801992755
0.9479698359629551
0.9488236224787763
0.948245685343253
0.9522741754942678
0.9467696448268199
0.9558299345545006
0.9565086070911937
0.9567915732248793
0.954914188578178
0.9523929744589542
0.9558834552241146
0.9528956611877148
0.9534212429200946
0.9490768237556848
0.9534143668172149
0.9527584557755566
0.952509255143816
0.9522093920021796
0.9493760802032148
0.9419385782778651
0.9456465949899253
0.9429510693204508
0.9523638079686934
0.9503851379633429
0.948790305209272
0.9484290342122624
0.9480730287616544
0.9489563928400387
0.943197430489228
0.9405432289238258
0.9393072553641124
0.9358482771693248
0.9373956375932401
0.9426457911119228
0.9437050373971096
0.9477099433692464
0.9494413031540403
0.9586993825790504
0.9512839251560943
0.9541866518173208
0.9483666492384217
0.946490279806083
0.9505196910256771
0.9562614384646159
0.9555722219819827
0.9501884006796725
0.9518124966630452
0.9475424610803503
0.9473097746815028
0.9452520805735737
0.9395369198422467
0.9484126357359743
0.9478587237891297
0.9504326558236965
0.9551423673054571
0.9514475293899829
0.9570266390123354
0.9552341517746308
0.9583502667367362
0.956149260648752
0.9542524669151882
0.9560625971514554
0.9541206347289914
0.9497645633599962
0.9526404155056247
0.950314833832389
0.9484310141011482
0.951065478740894
0.9474677057676333
0.9503901059628644
0.9510829105051064
0.9467695528078691
0.9459574654918496
0.950653660622889
0.9468695653960306
0.93712481758977
0.9463238771299319
0.9437081651449677
0.9404300257704588
0.9370060911473179
0.9454704420394929
0.9441274416253043
0.9397056731197491
0.9484159293777293
0.9468773107307289
0.9510167701548206
0.9535770035737139
0.9542044791772686
0.9473963076677646
0.9491031311614903
0.9539016817652511
0.9579924710477572
0.9598776132171141
0.9553559278868311
0.9535572104432456
0.9555815662384922
0.9413904359501108
0.9552133467544586
0.9562396974794157
0.9564830668555488
0.9575352173802038
0.9530901436560459
0.9573975555069834
0.9579300188112041
0.9549591891931475
0.9575308032539375
0.9600233432101086
0.9576368208149186
0.9562533222876298
0.9552618490676663
0.9473630637341619
0.9473139891356508
0.9530176641386158
0.9494104659394448
0.94895091531688
0.9518646440097608
0.9429444123525172
0.9470629835539597
0.9415338066199563
0.9408784618866092
0.9376279957199288
0.9373246676227207
0.9404655853913468
0.9367762278715825
0.9276617989254081
0.9385309258251446
0.9401107625038991
0.9491234400158599
0.9466684560116875
0.9402419547631327
0.9485344521592796
0.9520622780584996
0.9570540526322748
0.9509075370546196
0.9487902046111457
0.9512930663196026
0.9510497250549663
0.9528693943244528
0.9553156248163996
0.9567264222193557
0.9538735976846919
0.948156146445213
0.9411717288258921
0.952199625150108
0.950227953404542
0.9521604108287574
0.9466987538310946
0.951564925765187
0.9511626675094123
0.9451330364324784
0.9489627723626517
0.9470524066399346
0.9456943274897041
0.9449982978009551
0.9486398665810891
0.9508727974469018
0.9567874668300658
0.9554905452584681
0.9560882382027522
0.9572631286800757
0.9554863133720282
0.9589331466975572
0.960346869594421
0.9570628619645728
0.9562854972335548
0.9562185053077998
0.9567983786658036
0.9592607003962917
0.9570785032000373
0.9531822578310464
0.955933379256021
0.9584661283900059
0.9555153219581763
0.9508581900427473
0.9489703539759202
0.9562108333406655
0.9579176415531772
0.9510237863611981
0.9464827094239432
0.9441847260650472
0.9486564458357556
0.9544568073975017
0.9559335705081238
0.9561579783887004
0.9551311964798145
0.9548080857498018
0.9482190989886508
0.9474365873893534
0.9484789388389043
0.9480945770789875
0.9483301138550454
0.9561500107029861
0.9541037623630741
0.9504889871908162
0.9448237966305377
0.9526988846386458
0.9505373045108672
0.9576441340571031
0.9550305903499905
0.9530147922038352
0.9524612985655678
0.9560475909399996
0.9560120972423127
0.9551838676222006
0.9527024229185491
0.950508283521059
0.9511952467072123
0.947224553727378
0.9474727012269161
0.9523917218475513
0.94993242014955
0.9557735418120237
0.9582311380362922
0.9558937308839479
0.9483121202094842
0.9508624925641311
0.9493268543991965
0.9487737384439111
0.9559864791749748
0.9516254107236073
0.9525365566343877
0.9546333960241651
0.9538408252440089
0.959639575750715
0.9539947399319538
0.9546078146491963
0.9563145245443916
0.9520484728788353
0.9509772117136022
0.9503389485489746
0.9486972070257775
0.9452433566126955
0.9502369246762946
0.9496093087993783
0.9532195454100767
0.9513172671538082
0.9571766210798281
0.9535165807780339
0.954756520179135
0.9503827230377566
0.9460465134026972
0.9524719591525204
0.9448466651222369
0.9465780355144369
0.9461367813983049
0.9384484443026471
0.9345469617767079
0.9295196340462645
0.930937012119257
0.9422177155769802
0.9508177039454224
0.9485445041411876
0.9511914764172441
0.9487715392295352
0.9465910040214954
0.9493836642505591
0.9462442931813327
0.9472609358795121
0.9516311492775446
0.950543296590643
0.9529963489774006
0.9537221004455341
0.9524563110377366
0.9562107678214009
0.9503018621907806
0.9485083308150145
0.944415239790621
0.9439808375883356
0.9486484171348457
0.949573664205707
0.9511591541187828
0.9511544020924232
0.9547516115581318
0.9536582621690977
0.9501258718653824
0.9558258865443772
0.9573827157265391
0.9523708040438645
0.9487467464960784
0.9524304903114655
0.9544529430903862
0.9565216149969049
0.9558935816883369
0.9508558995091188
0.9522469308522529
0.9534250188343438
0.9557092786146658
0.9567848536620571
0.958525722113608
0.9591049122978724
0.953048885986252
0.9445377861917411
0.955179122090196
0.9569745091449162
0.9550949312059476
0.9557220831371313
0.9562484687935254
0.9556912466808005
0.9531242522662923
0.9533368568041005
0.9507088831155628
0.9515875322789673
0.956203384175506
0.9573057889099161
0.9583702479823986
0.9480795224483357
0.9451746754656154
0.9462903842904714
0.9461263108501986
0.9464666216339698
0.9417666123720259
0.9457381214211149
0.9481094905088632
0.9480476375363027
0.9429501124476782
0.9507376746635426
0.9538808642484113
0.9498764576158809
0.9504320358024392
0.9526901618299877
0.9522149794541321
0.9487294739109842
0.9523665608041871
0.9483914126850698
0.9437974765925686
0.9464605058516486
0.945293095073804
0.9380979884068121
0.9491556453834533
0.9435766151676652
0.9459454495479591
0.9508457907420571
0.9466696580246041
0.9450377496911062
0.9471714258326172
0.9495772904999745
0.95016236097855
0.9447631943838349
0.9468131878847288
0.9532739573212635
0.9553356835079352
0.9543639403826618
0.9545703713843763
0.9530367417439513
0.9505200151943792
0.9551008229239732
0.9553464391500827
0.9505773642648223
0.9570078731179398
0.9590400652157883
0.9579597197012087
0.9559229221406504
0.9557900719690262
0.9556265929532732
0.9524040466863053
0.9558798460825675
0.9559322155199801
0.9590010521639362
0.9577944862793539
0.953371213644161
0.9562807492149774
0.9581790874817251
0.9594427441407816
0.9544226412622147
0.9568161599083546
0.9589258951954999
0.9561207067239497
0.9526730737784082
0.9499266264414763
0.9513701905593287
0.9445930449715696
0.9423424771435324
0.9392509730399926
0.9408250037123067
0.9449267031709627
0.9415488758127674
0.9360893256614278
0.9400682871281375
0.9499271270405167
0.9482694198755668
0.9527572443042396
0.9520723578694473
