0.14583903619961247
0.2251205151539244
0.26954709046630915
0.2698677363869682
0.2814651809584617
0.28439519685587783
0.29110886009883846
0.296371518709616
0.30372094900568286
0.30602675009761915
0.3040579488164554
0.2971254836239546
0.2964928204963329
0.29293073740798126
0.3021205206905168
0.31074062078605297
0.31658446323924233
0.3237089274748314
0.3301658592444258
0.33383619442781115
0.33511117349755654
0.3404242713605162
0.3371913419760963
0.3302453079544709
0.33854712451167046
0.3556175675267722
0.35407804664683984
0.3482710338402263
0.3593119609130507
0.3637096365600825
0.3655454732629975
0.3541189034684083
0.3506692405594797
0.35121880781557085
0.3555838479353265
0.3643368255207164
0.3639195131350566
0.3653289754122118
0.36236047157608114
0.35476436204240863
0.3459366201074905
0.339722123352454
0.3395846396623962
0.3349791561592439
0.3371609982646301
0.33617030075071747
0.3414646882617783
0.3452247136212411
0.3422251897806471
0.34100413802838175
0.3380333285264286
0.3484055959192827
0.35776648003499517
0.35640045652038554
0.3617048915196231
0.3616902025620413
0.3521938244625738
0.3624971198785943
0.36369081334034775
0.36282605590651684
0.36333606378139793
0.3677358521534399
0.37894597391450674
0.3815670222868901
0.38076038885322133
0.3864176857536816
0.38089371876070754
0.37138585277771136
0.3642056219031832
0.3657878956525578
0.3654058226841756
0.36190134384597533
0.3604302103321446
0.3647979718430504
0.361120681833348
0.3646664676798923
0.36645744181244355
0.3710230439706871
0.3748587330462776
0.37707222371803983
0.3791080802630933
0.3802342113087415
0.3866029740738403
0.38124601710250144
0.3704992729367398
0.3705246790398155
0.3641191615494124
0.3655465173043918
0.36878181470445615
0.3732625530962892
0.36596067622872047
0.373302822897564
0.3813878392568775
0.3866589631472644
0.3819652560150217
0.3848983261875015
0.38253654943971754
0.3821921517698697
0.37948533300042353
0.37992457629111837
0.375742413892697
0.3722958310280985
0.3643833409491306
0.3626536812627814
0.3711643168838396
0.3869358193795091
0.3891583511228012
0.3871010955667179
0.38675371593027347
0.3905265904636985
0.3899535154051642
0.392340402697144
0.385721158362366
0.37649817133235153
0.3635296747185739
0.3608506789037062
0.35813751058129656
0.3552516020312266
0.36434131188698476
0.3707080180547628
0.3738028825616845
0.3746817539476885
0.37437839717138277
0.36650865588501347
0.3798580895160167
0.37617789670091223
0.37750031124754335
0.37716813783283043
0.3703244483157464
0.37197468263950406
0.37579556415678234
0.3684747129211446
0.3680740457881754
0.36876292902308777
0.37199124496028296
0.36731359718842604
0.3670662749126105
0.3644065419899261
0.3648676064341729
0.36407447670827303
0.3757676248650711
0.3696810008419176
0.377000483184942
0.38443328064125476
0.37930761368816457
0.3667587599205074
0.36581521379585163
0.36702155990627255
0.37807741363375075
0.3861947646017411
0.3903018154740526
0.38197555976889197
0.382833242221417
0.38499711452006585
0.3922127507402628
0.40262623364854466
0.4021891559631854
0.3898888061683475
0.3900369116666296
0.38681050475101153
0.3789358667043307
0.37128765603383634
0.3710080752341682
0.357842186167353
0.3746348312126319
0.3855818178025372
0.3852555180985364
0.38340013565862885
0.3698688239476489
0.36980746402694864
0.3661861207832585
0.35278377180518683
0.3418236548692563
0.35045485718307173
0.34635492169254894
0.3539477085241063
0.35412160866485953
0.3558555799100474
0.3608353585577536
0.35513701043889007
0.34489400004780496
0.34437122094184447
0.34916041312841095
0.36103856818975866
0.37470299284236724
0.3635483491476303
0.3698427487664881
0.38147792914839446
0.39401264609904896
0.39781001819842443
0.3892421768913365
0.39408380674367394
0.39609898324670423
0.39369917791873693
0.39457658930355827
0.3896108907984811
0.38744836045497133
0.3961162241445803
0.4006869437932791
0.3932123965300379
0.4025665662549291
0.404454199252021
0.40219745688249114
0.3906899259193925
0.38631465613070903
0.38822717901338266
0.38837538200270133
0.3891538208057273
0.39155559907167675
0.39588443628565284
0.38940468030856606
0.38117399385452944
0.3761217818560057
0.367721168416093
0.3663112747190519
0.372573107612613
0.378625988075582
0.3829182634762532
0.39880892228984843
0.4013123630752061
0.3950558920999691
0.38851823555194565
0.4028573253779209
0.41355664571099526
0.4096111769570275
0.3997657949555013
0.399817268847673
0.42021428877589634
0.4226293861694845
0.4362693002869319
0.4460889976824211
0.45149617961430794
0.4449207038452629
0.4440818055264236
0.4572348428970837
0.4579868377510822
0.4566795913721859
0.46182628003590753
0.46246371591562085
0.4605933581980587
0.4544801733047353
0.44415612350071015
0.4368151581958363
0.4324539577204511
0.43610386325107137
0.4412445710940521
0.4478745924937094
0.45415992949806777
0.4542337622047333
0.45207652977744467
0.4520295271805434
0.4656585990082473
0.4700669604257493
0.47128184077772106
0.47459798962376337
0.47250140658360484
0.47232047466499727
0.4742041324104729
0.4872329421410026
0.49397458933156596
0.5047301252649494
0.5125423623002033
0.5170335345760978
0.521519752060297
0.5208306550111018
0.516627915028426
0.5152997684563178
0.5203759359012948
0.5219787787362875
0.5309612618045411
0.5422426444393379
0.5466051161775702
0.5404637078982243
0.5373704599530407
0.5384079399797973
0.5474177471836729
0.5400853298916755
0.538126052625918
0.5319853733525874
0.5298223125725119
0.5410647523990428
0.5476264007715924
0.5482815429562583
0.5527156973764253
0.5530049049312408
0.5485945483457435
0.5460574297438385
0.5539552876000317
0.5532950424987162
0.5615260694369852
0.5618739174469465
0.5609880647772516
0.5654851986629061
0.5614991828689757
0.5683051228428255
0.5586750676376516
0.5566529085924904
0.5558482373850342
0.5538499150495012
0.5588698624194792
0.5628420081203298
0.5642113034064975
0.5730408970048653
0.5794721560276113
0.5839791096163559
0.5801641047987178
0.579813213497382
0.572835886861318
0.576226433723332
0.5768492553535504
0.5821397298204289
0.5818938780897913
0.5741626176088402
0.5791001224757665
0.5731023771902228
0.5785183416367052
0.5871635227191578
0.5853983472069247
0.5822334454929833
0.5821795083496956
0.5763531307524752
0.5834132708923899
0.5856539349787642
0.5871177371720814
0.5939763170360232
0.5948103874242732
0.5848782297330924
0.5865869656779719
0.5873824348686523
0.5965036879677333
0.5951769796178086
0.589725492287302
0.5830545008434783
0.5667299944788315
0.556079406538091
0.5589876892819755
0.5620829572262283
0.5517678410418132
0.5489191374791238
0.5453189273464795
0.5477449541317391
0.552303430986446
0.5618328236417416
0.5669995709587051
0.5588544439057869
0.5555081782793319
0.5509066650324725
0.554594020087149
0.5560080723282844
0.5472787119607058
0.5426869421364781
0.5475345695603379
0.5524241284202841
0.5550574916929656
0.559826304754761
0.5538724213371929
0.5439989727088633
0.5403619342437048
0.5452015211295232
0.5421218605565165
0.5426548108210609
0.55051896404518
0.5518240027947063
0.5577505811178576
0.5650414407580966
0.5662346097495328
0.558561667901756
0.5590305129949362
0.556548391024799
0.5561750529841494
0.5713978316218129
0.5655132610452583
0.5777273617128381
0.5705494765791238
0.5676453726096646
0.5663628271014468
0.569431103660126
0.5708827041709623
0.577300534408779
0.5642376912516076
0.5632840997857298
0.558227312877373
0.5545326673972318
0.5467905111975434
0.5400008041441665
0.5460269750750575
0.5379100625346597
0.542166752881218
0.5419397202342985
0.5279843966833175
0.5178841903038769
0.5254723876665904
0.5188969875391803
0.5211664848385988
0.521125869776553
0.5265927846866524
0.5314755518265595
0.5270121719366062
0.5269521287331934
0.5436783590526478
0.5383836641502368
0.5335513623773418
0.5424051480660965
0.5476603081789614
0.54370103362924
0.5338214498962206
0.5340129074254429
0.5478747019015251
0.5409000079047923
0.539528237995101
0.545901559612231
0.5497768148624508
0.5458250700929781
0.5441337410537699
0.5441725358578282
0.5385017614005381
0.5374892792700758
0.5379835037984741
0.5417079607499249
0.5579428549362734
0.5767665761866021
0.5875684922146549
0.6057944073011663
0.6060400361766827
0.6137509824364045
0.6145041605107131
0.6215760400921801
0.6274660481357413
0.6253492037761507
0.6327906030570251
0.6372521227101139
0.648274818918919
0.6608389624793772
0.6610877520478989
0.6645506307611414
0.6649299536988401
0.6648052582463946
0.6706780990487898
0.6841293030948941
0.687420253346023
0.6907747541746455
0.6984271200128241
0.7132867125482966
0.7195549491834211
0.7179367165021043
0.727743153265713
0.7407772344302762
0.7452056080473944
0.7497392276605572
0.7464700600723533
0.7492836499678313
0.7455463361569886
0.7498041603788843
0.7638302136069511
0.7616240386216742
0.7605976928234164
0.7645002190789945
0.7657234595057082
0.7616516835841196
0.7682134979521098
0.7734968261145457
0.7744314767173761
0.7798940500649858
0.7872332977270906
0.7820958475423866
0.7752354508356789
0.7716892685436854
0.7775839370672217
0.7798032715798474
0.7786051351629338
0.7744335953256214
0.7812670517518127
0.7943485503654293
0.7941346331206532
0.8000198453963568
0.7992000740906011
0.7995710107927239
0.7989374531479201
0.8057056509055871
0.8042981431460338
0.8071765006503405
0.81146514953041
0.8085891193614162
0.8079716765395132
0.8089514069676645
0.8085990365542545
0.8006446645136757
0.8037719418650154
0.7992192767001708
0.7913064975560485
0.7903749930889163
0.7888625876017378
0.7811391919388957
0.7793738995763965
0.771730187198935
0.7768408873575254
0.7807849835574358
0.7884194721320502
0.7957784179194767
0.7868722153342597
