0.0873749198675347
0.13146120748239376
0.18371996095700593
0.23177156287374304
0.12009466431950135
0.05690674622418776
0.16869775056161462
0.1588744476533594
0.13028127030605935
0.14050319449256457
0.07216295508490662
0.14815891260797712
0.26653685533401117
0.2637336563878
0.24634428726165347
0.24503503383300118
0.1639201473881945
0.2549936012274275
0.25107972806816947
0.16526738993138526
0.09994644814366317
0.16275070751762097
0.2714192005367678
0.24572604990460123
0.3315163276694032
0.26906072338172554
0.2756071381584777
0.2816758244555493
0.22642658228972395
0.3202209845594773
0.3588716568578435
0.3806278886445704
0.3949712464298387
0.29201856485905836
0.3457601293793863
0.27247253355494827
0.2599277862612753
0.2884358895868759
0.18717163685784208
0.11378728555170135
0.0872704651356447
0.0212461536648452
0.18713331160202742
0.10463703379740723
0.14449452504086108
0.21616783958077582
0.23298662610277857
0.14468001519547943
0.11960980561968632
0.16087018398216715
0.10920815391213863
0.1376959476821785
0.22696409047162022
0.1540153634856879
0.14783847847277587
0.10109042014379144
0.1712803889135136
0.18709068623308533
0.2211257658539556
0.21954026742701072
0.2513729538457802
0.18270762128153914
0.16167812196887596
0.1926706330375961
0.1510284421195437
0.213912307213171
0.298393875719341
0.2802509300963516
0.2606637310002741
0.24373877008318265
0.23689827981765846
0.23241950882932735
0.21221465369870973
0.2483331347102933
0.25723977074679716
0.25944131455041747
0.22155408384790176
0.25791304195815856
0.262621911163997
0.2863084825487552
0.2753985280153932
0.2643944409356753
0.2825537918113358
0.27536336573061493
0.24154736444789834
0.19407118852963612
0.26522600769507404
0.3639520696138331
0.3240096345167474
0.24980835603898763
0.30840972127357574
0.25933897702147035
0.30357579657096184
0.3127016628962336
0.32668316187490753
0.3645706889249704
0.3548511076324641
0.3058189794868665
0.25272288245145386
0.28423165924135285
0.23260217368283864
0.2260765959416451
0.1843610829966036
0.245709353236631
0.17328795138371536
0.18254109817984493
0.2043760761966555
0.12285477065943586
0.19910087832887954
0.1919502100922456
0.2163440934422717
0.22722814500614305
0.3000825811583007
0.2166311112164456
0.1788223597636044
0.1526993722480303
0.15159382223609616
0.2349719832976639
0.18594253381695974
0.16827127415374626
0.16107717661380086
0.21300470215023795
0.2970211018492803
0.20333550510095807
0.19064094028699968
0.12306761196042162
0.13081430274533928
0.08452812483097381
0.20452011038152815
0.2706871108839707
0.2222004171519778
0.3231111488107285
0.3113320358332791
0.28204861321569563
0.3468650677804449
0.306099397279966
0.18664183020647196
0.10719046166385315
0.1225304835989118
0.11608515033783545
0.20834890129030662
0.19871333457651133
0.23250301635942713
0.22170836235282407
0.2724054852123874
0.29684710607916925
0.29656106533453763
0.34604226673105004
0.36953751578536737
0.4017913136955588
0.3840684744030702
0.35848670950520817
0.3230066502522715
0.24826631193157656
0.2407450454202124
0.24874644462512316
0.1625995972623806
0.20819126378512437
0.21321062643316524
0.293142841493613
0.3653895800940121
0.3115086520415712
0.3161052621274049
0.3919929038883009
0.39345773524900607
0.3524956687843307
0.29784517907847063
0.31108842239724194
0.3748622745826113
0.347099774361212
0.2844042909998377
0.29601867320613917
0.3018009547785874
0.37601409699190974
0.2885770022895171
0.23980781055178432
0.1741818117467549
0.17004692320993992
0.2091886623813705
0.20113916049302055
0.3316886202015122
0.378512339940001
0.34534346177244907
0.3082981603910632
0.27877773512909904
0.2320967797734993
0.20637378900618997
0.24466984457776753
0.2011997181074528
0.20631696940828995
0.20803286926146494
0.2412266492307767
0.2739446186498804
0.29054259458091963
0.31951490134223387
0.19638524109713631
0.3214012962750532
0.33979243929117325
0.2984952486642735
0.33571186042374374
0.31133421158988855
0.2152371593099527
0.20066929783251952
0.2647580172560752
0.30433509801037856
0.37871552003444153
0.3137914005601823
0.23251859261836458
0.23339072050932616
0.286261442827391
0.3948626639162052
0.4381499572686614
0.33873535202604976
0.26862983482161645
0.3027092478035303
0.19203528718061075
0.23757167831131282
0.22377333796437598
0.1915613734944446
0.2880808755142318
0.24301566500533947
0.3147897735026825
0.32058339524149915
0.3072549339276143
0.3130027406539115
0.2601973925764285
0.26129990554296056
0.3645777113266007
0.381386581368338
0.40286747929246053
0.40109418333516905
0.37339873977663923
0.4623184261817739
0.4555625750561132
0.36194437320379536
0.3973005853497033
0.36792441323054415
0.3353547890230288
0.33716676537480633
0.32562024499086106
0.42419330957060836
0.3464766096126335
0.37932420134273787
0.3806757852387885
0.38537131630196375
0.3925622919037083
0.3976490958102424
0.4735870693032704
0.3717301815841401
0.35648374531011445
0.30002032928777905
0.25910967350860326
0.39393079242733203
0.3597532949102403
0.48360104381726937
0.442691700556872
0.3800274432631255
0.3927276505034175
0.34335534642628374
0.33207502747837664
0.35269672937439417
0.3859690552747327
0.4037634711759718
0.36214008716458107
0.37169210696272453
0.36565484328593273
0.3570768877117045
0.37252324249083635
0.3225459469379314
0.2734508063947794
0.33301098197877
0.4166050352650482
0.4345722383050809
0.43190198264399254
0.37509503297365676
0.4540061234063055
0.46993937169475375
0.37909778250620146
0.387035261362028
0.35096801157106905
0.33055538596078965
0.4083967391526732
0.4360337017945819
0.4099424909261291
0.38116389693155955
0.3677085090090847
0.27655952153830204
0.29065802915582506
0.26754981368645747
0.28997956672772757
0.30077432035490503
0.22003324837517813
0.29566938833448836
0.3600765751745615
0.40501866471378056
0.45114547419136986
0.38601809623585703
0.37468952152169704
0.4099423611083951
0.4923183836178951
0.3882932574903253
0.3433120174904289
0.3465111019471414
0.38414405217771824
0.3777907482264175
0.4282315294842832
0.3934904189120288
0.4006915042865429
0.28392446891874584
0.32890550465061424
0.359754317813479
0.38203418192351324
0.3840280118674224
0.39868449165430075
0.2617538558196807
0.24278854598620844
0.24662898200390676
0.2647964292917366
0.2365866833187764
0.3643374733907981
0.29741129845198827
0.3969973964486249
0.35774887152379425
0.3728096681965526
0.3250058890378238
0.41874664634157127
0.44574082659064934
0.3997485472229444
0.3688318552984333
0.3736253786168657
0.43651777288764754
0.4173393048632473
0.4167824351649454
0.3938123553056233
0.4474545754748628
0.3600695852331163
0.37508218140549127
0.4184270778727818
0.4033898317356343
0.433718867198043
0.42582592246456097
0.3745487011124966
0.4099331752030171
0.42927955307223614
0.444458835419574
0.4059182683908289
0.3851332723161848
0.26420077095030997
0.22845926447378
0.21940782467430603
0.27740878438913164
0.21737047498322135
0.2774787549860989
0.27762795156726083
0.24501143957766686
0.16179181330885173
0.2226633201752032
0.2823472197663574
0.2279874202175063
0.22963360183141787
0.34175180001999467
0.35847164202675147
0.35179688950461907
0.3692808620952838
0.4005740580347793
0.3976612032699351
0.443713586720715
0.40730965129249463
0.3158280781202933
0.27404236955903666
0.2253681160644723
0.23261962750232149
0.23974664694730982
0.21060325164224422
0.2878034609749852
0.2984230817565747
0.3511232983293336
0.4145112471936234
0.39892350110373237
0.3132150380451597
0.24056499931654463
0.3299752321597924
0.33722410169677636
0.45053071863059474
0.41640816512758755
0.3899367132498216
0.4094834585293266
0.4384883943432645
0.4094335827074317
0.3701294796285041
0.3220951697450674
0.3236571616675729
0.2818971920595277
0.2495388518966873
0.268901497599032
0.2609680091852403
0.1028119363136721
0.15402905931868505
0.16282358956788934
0.1248591171730683
0.19888457181057495
0.18985698324734243
0.37893027734221374
0.3697496344846161
0.30488064056046466
0.28199088842055986
0.1872302583517178
0.21755766767321738
0.24033564220491957
0.20133484373846144
0.20088258911981077
0.2691811560056472
0.2165539551408646
0.27493738857028716
0.20171312864502514
0.25458623423178806
0.3148539052453763
0.29661281758921715
0.36235009332863855
0.2601048130657627
0.4376196833313934
0.4213601932710875
0.39733132368888413
0.3513356951740484
0.38433420847272365
0.33845643716760204
0.34831670300317
0.36590822606027856
0.3889762726933778
0.3936770159676795
0.3611164517002639
0.37588178571232284
0.3747401568951912
0.26297149392366004
0.338452541931534
0.3406156552277724
0.2732470833202971
0.199983514979086
0.19994824498617872
0.19001039888105867
0.2102815354129322
0.23152693529737212
0.2959742790390723
0.2824382888515363
0.3126943412084128
0.4276213356642596
0.29297631920236133
0.29825954931460463
0.25292997470746725
0.35451350429618267
0.3430376966237921
0.4051710385525898
0.2998195194213131
0.3493255305369335
0.38565306727168547
0.3447551353007944
0.26353814339226544
0.19514526486230735
0.2837144949956086
0.3649665923426228
0.401260371097329
0.304565686487717
0.2640447589819517
0.22509414916019682
0.275408043364057
0.3230961734959035
0.2856976341890673
0.28507424097327944
0.3794598958944091
0.3968506820687176
0.38056873862795576
0.36920275542703745
0.38534214695945795
0.4292397982857399
0.3838020341561973
0.29765507359935356
0.3190076533945819
0.36748189947387255
0.3865923728334658
0.3514574398985836
0.4198303069805202
0.39514962260413317
0.33149320886113237
0.24800043110852243
0.29479879113688157
0.24372000293474258
0.15878152508545443
0.15629996757356088
0.17182919485850007
0.1298341677644518
0.27539356314229785
0.1876745342176103
0.1915654744670415
0.21784481398357022
0.14349129139977693
0.14442771222884665
0.16299489372949924
0.1392805407081801
0.18431165296191376
0.19612491183204186
