0.07369704402032555
0.20482548016956964
0.26065313536105295
0.27440748529407083
0.26039723782237945
0.24486052981829157
0.22876923470077162
0.22183278831537476
0.2151278300072898
0.21111931364271752
0.20815605658801803
0.205928900656606
0.20719791917403904
0.20780105456513415
0.21132737594305098
0.2165369681956462
0.2191682938879133
0.22174395009178524
0.23102713357013194
0.2369506123807961
0.242694367704582
0.24861111669295952
0.2558001600560706
0.2573017606895083
0.25964202783677565
0.2629594732445017
0.2679002652596711
0.27124417249460747
0.2753000503533547
0.2797062595974149
0.28443937946202213
0.2889000262529474
0.29748032744192765
0.30319586623273836
0.3048612095932198
0.30799516417391914
0.3143854646505537
0.322261200939829
0.32683230790756185
0.3319354474050935
0.3406503216281502
0.3447574890826556
0.34327518385161115
0.34724244508245333
0.35338935235480823
0.3587426512979794
0.36280939274271357
0.36765390316828167
0.37154088528990586
0.378310055785708
0.3851070643002226
0.3880786084778292
0.39227042686110636
0.39932461505873323
0.4047406989716942
0.41492946262420766
0.42226784446748655
0.42952478568098246
0.43594854123930593
0.4432963116489393
0.448538273113077
0.45558334735915335
0.45904917085227753
0.4694017291760537
0.4774839595996006
0.4906116776478141
0.4999164254806334
0.5134456245235012
0.5301494799756428
0.5432487754201462
0.5646000338355234
0.5908889807168273
0.6201926520281248
0.6400718869874461
0.659959065448485
0.6773338688480915
0.6966063888633347
0.7143373563543277
0.7286361085037724
0.7459605504530712
0.7596249367963138
0.772383670075761
0.7838773692616401
0.7916263249172403
0.8044483377065964
0.8145766284215187
0.8239326779143199
0.8313902467664777
0.8390990711826783
0.8469472446097651
0.8540124233863275
0.8584905812208278
0.867467071495902
0.8748006488264891
0.8814417268012442
0.8874135292940273
0.8912508068761567
0.896860289479271
0.9017072781004937
0.9085158763565984
0.9141347782442767
0.919331646254366
0.9232138235486609
0.925129631071185
0.9282495007925847
0.9322273412114135
0.9380849364684632
0.9419771444640576
0.9465688344987107
0.9503617981972281
0.9530558491904255
0.9547777511112665
0.9580154337031875
0.9605990276640138
0.9628695064763183
0.9647761312232104
0.9673001057211865
0.969085244707657
0.9704800414070816
0.9724026438541632
0.9733995971041443
0.9745547085552575
0.9755327464515484
0.9765473128093889
0.9778962911785074
0.9788176246751531
0.9794280398933548
0.9802903956420816
0.9799158424014808
0.9798453104066237
0.9786389290912882
0.9805743865739638
0.9815569029684709
0.9813998627155043
0.9828988416084165
0.9840571344750648
0.9854232225349321
0.9861853632265396
0.9871507933793385
0.9869389207803871
0.9872279065769436
0.9878564613068002
0.9885909283996273
0.9891705307793712
0.9897398414203618
0.9896618956480406
0.9905844388233264
0.9913297115673563
0.9921610290065082
0.9931969647647387
0.993322870474223
0.9934113903017798
0.9941144349002051
0.9944929653975789
0.9946763099714383
0.9951709597450389
0.9951123886402337
0.9953647311583447
0.995421653873335
0.9957937916163738
0.995862563065032
0.9963809773234327
0.9964823609167204
0.996244330041398
0.9968830430808853
0.9971969398510316
0.997311039017817
0.997538305158344
0.9973306243755791
0.9973056077154469
0.9972582596868064
0.9978335659341466
0.9979064939671515
0.9981183822545556
0.9980056723039257
0.9982024022498219
0.9983969513172996
0.9985086876895358
0.9985547208288567
0.9988553694036227
0.998907596956179
0.998898933240973
0.9989550972693955
0.9992423534479827
0.999283075530674
0.9994086928438906
0.9994614937578313
0.9994352664987085
0.9996318084705071
0.999574076237678
0.9994819300026356
0.9994900283081207
0.9995396148667703
0.9993868680433453
0.9993835559640112
0.9994816567106235
0.9994435225255586
0.9994388564972043
0.9994797484833151
0.9994693357176948
0.99947145540328
0.999411413195897
0.9993640803458637
0.999428182356672
0.9994573296998956
0.9994739167443186
0.9995014198059634
0.9995445424858272
0.9995394594569764
0.9995531586915142
0.999440646920696
0.9994174202620637
0.9993470768648842
0.9994746482788598
0.9995288931250398
0.9994955608578543
0.99957521149793
0.9994862153329688
0.999450000012286
0.9995595971295413
0.9995458451883656
0.9995498113602587
0.9994648034324742
0.999451518817721
0.9993768902383122
0.9995457244386936
0.9995751409323099
0.9995446718392171
0.9994494590979079
0.9995292510271758
0.9995135255757475
0.9995252454634654
0.999553800999072
0.999493566157565
0.9995571985969147
0.9995485465616655
0.9995347545396959
0.9994854127024492
0.9995056469152396
0.9995291517066833
0.9995286343347253
0.9995302798593375
0.99945555173742
0.9994604834408205
0.999385013584202
0.9994718475897479
0.9994672897269403
0.9995850689937977
0.9995614285554179
0.9994577510647263
0.9994447493872561
0.9993767063868537
0.9994763383007305
0.999404375435853
0.9994308875006493
0.9994871981785255
0.9994456634366897
0.9993845883569775
0.9992729423742346
0.9992860589052295
0.9992271834169973
0.9991020947024631
0.9990250356208706
0.9990997426427519
0.9991544622379945
0.9990465335712659
0.9990229252813365
0.9992226647441222
0.9992167937271393
0.9992781760433558
0.999131714422997
0.9991113175096064
0.9992876765797467
0.9993177550475013
0.9992358683008905
0.9993517084344022
0.9993432708930873
0.9993967544213264
0.9994126966561413
0.9994624322906608
0.9994242903339258
0.9993471392745151
0.9994240582151391
0.9994415601343715
0.9994277498547465
0.9994405358798829
0.9994199676703813
0.9995188458664435
0.9994877866436113
0.9994787944314008
0.999379432933989
0.9994387230953675
0.9993880827313733
0.999338916864505
0.9994209557268847
0.999365678922147
0.9994244352278269
0.9992999331338216
0.9991870873581074
0.9992152357747128
0.9991513011457459
0.9992303791544989
0.9993997621892594
0.9994142518033985
0.9994373900747144
0.9995340749371503
0.9995722810660242
0.9995360042708517
0.9995152200520899
0.9995008029108541
0.9994785585254083
0.9995909430154678
0.9995728288917106
0.9994715282395409
0.9995562191374238
0.9995767376179008
0.9994989940572604
0.9993654546580707
0.9993912921233602
0.9993775835820878
0.9993777014393322
0.999418906216024
0.9994601974125308
0.9994341315541493
0.9995106459593642
0.9995388547104357
0.9996028318586337
0.9995234910686555
0.9994465429211418
0.9994218940106221
0.9995168123099525
0.9995215745534313
0.9995304748611674
0.9994693918295612
0.9994118077838458
0.9993747544644696
0.9994323533131344
0.9994443878701714
0.9994834131679666
0.9995135905921723
0.99951570884319
0.9995096898161843
0.9995156679937593
0.9994773340067242
0.9994841375671907
0.99949761804773
0.9995415053205989
0.9994869868859263
0.9994379318809078
0.9993491052323807
0.9993850608301194
0.9992672565586852
0.9993113508505186
0.9993116808209934
0.9993742275253547
0.99923066824261
0.9992622331837042
0.9993285664638865
0.99942929460712
0.9994431101685941
0.9993822725245513
0.9994905069918352
0.9994420200902938
0.999484388636899
0.9994276550226395
0.9994456242905032
0.9993396210790958
0.9993755989351634
0.9993983207884994
0.9993696126981528
0.9993788609086484
0.9993640076595636
0.999269260268895
0.9994431088307878
0.9994864337584992
0.9994248350169316
0.9993466212508721
0.9992174970498108
0.9992428027716416
0.9992202463239044
0.9990154066746806
0.9988092025199147
0.9987596062758637
0.9986009538168888
0.9986246778031251
0.9989501008536363
0.9990111460196989
0.9991002110430544
0.999267566568668
0.9992214645295971
0.9992646594608371
0.9993771431028267
0.999450273448504
0.9994049071761468
0.9994821479787634
0.9994579973834232
0.9994865525703377
0.9994499976102316
0.9993247130728976
0.9992127929135041
0.9990265520339834
0.9991990065989059
0.9991677309091858
0.9992246719963382
0.999221760721703
0.9991749684059319
0.9991226647191392
0.9991729021093613
0.9993024980074793
0.999275560047638
0.9994469266891954
0.9993260978566189
0.9994110735714903
0.9993563197225735
0.9993892427258729
0.9993221173762454
0.9994341831092485
0.999377805612119
0.9993942820809404
0.9992547593473321
0.9994902514540329
0.9994330150167946
0.9994451740930665
0.9993706337178018
0.9993473569035026
0.9992471265327513
0.9992144640119943
0.9993567532956298
0.9993122000190985
0.9992603081340337
0.999168849753637
0.9991239597768931
0.9991766667718894
0.9991812009338915
0.9993128487064985
0.9993195861482869
0.9993657872593399
0.9993190907928287
0.9992337355058858
0.9991756916493915
0.9992962647465397
0.9993208662409594
0.9992996648748045
0.9993519917546293
0.9992122451260431
0.9990645241320409
0.9993356637272677
0.9994014865738535
0.9994457135171166
0.9995000385102547
0.999570023775405
0.99954177331983
0.9995162349245721
0.9994975758148881
0.9994845359625966
0.9995235545074735
0.9995323421350738
0.9995173233736916
0.9994104358820659
0.9994227648866282
0.9994220603872106
0.9993760330659025
0.9993746369520963
0.9994075265757008
0.9993589196191589
0.9993172307666773
0.9993864194629819
0.9993529857196495
0.9993483085815249
0.9994776517161976
0.9994500414155395
0.9993521250955837
0.9993514974602576
0.9993494976867444
0.9992981815692628
0.9993169378440946
0.9993355681316438
0.9993725070415562
0.999270846753063
0.9992427734308579
0.9992919399519526
0.9993865626966822
0.9992944569034149
0.9994943056435337
0.9993490029035854
0.9993610081738868
0.9994313659016855
0.9994245967046176
0.9994423134053697
0.9995139680417231
0.9994452646037941
0.9994906216795315
0.9994104072780313
0.9993565453145706
0.9994543363777616
0.999514974416895
0.9994065876212536
0.9994231056683708
0.999395315726051
0.9994309685990985
