0.04819539370253346
0.5832131443322757
0.6850022223940622
0.7336362013406319
0.7736245755232006
0.806367405921298
0.8341003187619701
0.858099672279726
0.8800267064684069
0.8991850379540876
0.9150567229726785
0.9289558301317855
0.940397860674928
0.9514764431683388
0.9597696909698943
0.9662517757581123
0.971944776171926
0.9774545679892318
0.9817021897484227
0.9848173249119349
0.9878196918933204
0.9899860206307504
0.9920473027913199
0.9931324835411498
0.9939801779066235
0.9953670011195358
0.9961316656374923
0.9964776195943058
0.9970767452153735
0.9971170833601423
0.9975748829095481
0.9978649664096226
0.9980263995022465
0.9981739048338375
0.9982376523774692
0.9986729461204515
0.9987768636005974
0.9988181464359818
0.9989530658436617
0.999047271595768
0.9991064379407828
0.9991813088066257
0.999218225808874
0.9993211404431138
0.9992631633476737
0.9993521022339726
0.9992905154444883
0.999271948426576
0.9994052041397371
0.9994667051921303
0.9994938710611783
0.9994513802665813
0.9993880444887148
0.9993587213099572
0.9994473945461235
0.9994717557446341
0.9994500754404473
0.9994398982251702
0.9994393847613043
0.9994935378445244
0.9994449838559208
0.999490220642704
0.9994356313542724
0.9994470280316435
0.9994462788005606
0.9994811958965965
0.9994631338017862
0.9995464770785099
0.999502986970004
0.9995521541537142
0.9995823076633887
0.9995472938845592
0.9995689746163053
0.9995263639455335
0.9995658583768446
0.9995881580931181
0.9995287564012817
0.9995802229719887
0.9995532130532573
0.9995881069405845
0.9995809332050228
0.9995692936738324
0.9995578881207428
0.9995181306960534
0.9994534859720903
0.9994652041714186
0.9995237680126124
0.9995704157736299
0.9995392637526734
0.9995000175039012
0.9994365642905063
0.99953686996577
0.9994914687546139
0.9994830349405699
0.9995272556606226
0.9995461795603816
0.9995849720381339
0.9995576062402045
0.9995452004126282
0.9995740066852812
0.9995839573089177
0.9995314985151019
0.9995552070956094
0.99945628809853
0.9995318987811065
0.9995054728015371
0.9995044845449859
0.9995371230331901
0.9995324706423367
0.9995226318589654
0.9995069412895612
0.9994805948171313
0.9994725711174072
0.9994559656487755
0.9994451213356937
0.9994868725126269
0.9995029051754492
0.9995850992570694
0.9995708798288004
0.9995415539296666
0.9995093922367141
0.9995314153609707
0.9995124859253641
0.9994987333575838
0.9995149126914232
0.9995645019296316
0.9995638617211339
0.9995437540706537
0.9995421294405855
0.9995443516213772
0.9995524505729029
0.9995590544808708
0.9995551022248341
0.9995596983110255
0.9995814468764364
0.9995470776610823
0.9995414553560691
0.999578433786911
0.9995724770559911
0.9995371042955148
0.9995200645547132
0.9995453357850465
0.9995491877317537
0.9995564879724895
0.9995649362087907
0.9995376264828066
0.9995539330789623
0.9995507196958219
0.9995625502121326
0.9995668110093459
0.9995370218206308
0.9995033133889941
0.9995179438253786
0.9995652024520992
0.9995619483584531
0.9995075245866437
0.9994980048078433
0.9995358627135543
0.9994648772937936
0.999510460180011
0.999545413457966
0.9995315442630777
0.9995051545501911
0.9995151142091891
0.9995281792603289
0.9995470128257167
0.9995392541623029
0.9995628817451693
0.9995435124175786
0.9995704497096073
0.99952530764162
0.999498821238609
0.9994618856343187
0.9994478278410528
0.9994365529385996
0.9994600777190631
0.9993741199899824
0.9992949787266374
0.9993935235369854
0.9994384271613519
0.9993966404318787
0.9994275066901076
0.9994654265274424
0.9995217878407934
0.9994540345144188
0.9993796725006351
0.9994355607814001
0.9994420376477234
0.999470116001424
0.9994652382074505
0.999522511713935
0.9995284127675016
0.9994815611120935
0.99948548961015
0.9994782693599418
0.9995010871210055
0.9995417847088218
0.9995512111625237
0.9995326188524817
0.9995133102590992
0.9995158319462379
0.9995637384050545
0.9995342686935791
0.9995297025770358
0.9995377768172392
0.9995376671990286
0.999530307538936
0.9995225277119352
0.9995405407918797
0.9995200704444357
0.9995123516525222
0.9995209850091332
0.9994884509411918
0.9994565494033698
0.9995173217874923
0.9994581921435984
0.9994534926543998
0.9994858839146874
0.999455767647203
0.9994352093803183
0.9994987267428026
0.9995226805767782
0.9995615264297228
0.9995736656595124
0.9995626756928655
0.9995471116639072
0.999527062918378
0.9995389911803899
0.9994837995282327
0.9995114791761572
0.9995591440915618
0.9995724605942866
0.9995580310611718
0.9995698611754329
0.9995412400124938
0.9995277164570983
0.999569917852246
0.9995456477397476
0.9995116376460875
0.9994897752205228
0.9994848790802981
0.9994702520770102
0.9994638562464405
0.9994908716770873
0.9995282527440008
0.999552698501616
0.9995461369002145
0.9995577289523724
0.9995510152074133
0.9995226880778422
0.9995416317400635
0.9995623234159305
0.9996011319335458
0.9995810301009271
0.9995474678793093
0.9995365565566918
0.9995704054766451
0.9995618551618849
0.999557563348307
0.9995749618799116
0.9995571451514315
0.9995210575086815
0.9995608259991519
0.999556965877523
0.9995356458531302
0.9995006936787418
0.9994913997640152
0.9995401649909277
0.9995711855786357
0.9995989991393474
0.9995913299024806
0.9995476533183532
0.9995760084997609
0.9995609177583884
0.9995211985554782
0.9994972787489274
0.999526117269195
0.9995243845372294
0.9995293740122928
0.9995029956727153
0.9995173130998289
0.99947093585657
0.9995474310361787
0.9995694488306822
0.9995544401536712
0.9995274921693055
0.9995709676131425
0.9995354248450452
0.9995594773670318
0.9995037125249933
0.9994653622344181
0.9995038515485042
0.9995452809504373
0.9994827228728876
0.9994993716493251
0.9994784367727728
0.9995329964256533
0.9995359689117899
0.9995109528722059
0.9995090908368958
0.9995488845816014
0.9995001084336925
0.9995037526370304
0.9994650738397395
0.9995026983319296
0.9995104229656094
0.9995850902648538
0.9995699413159446
0.9995786523696704
0.9995603275183051
0.9995500071877512
0.9995289218494334
0.9995367144920638
0.9995516747880052
0.9995550659164676
0.9995522721951012
0.9995601774647703
0.9995162746032973
0.9995211658504171
0.9994561096790684
0.999490378643203
0.9994968607599146
0.999512541944153
0.9994960443912639
0.999478712309893
0.9995173956817565
0.9994559990471895
0.9994791650524474
0.9994715457234953
0.9994953090658053
0.9995395910314651
0.999514020251501
0.9995116692490057
0.999527500239695
0.9995217240024873
0.9995268671698735
0.9995024430374243
0.9994981446696936
0.9995496753810349
0.999541412474295
0.9995658137306368
0.9995428578807408
0.9995261868150808
0.9995581158351753
0.9995726093203728
0.9995750701238402
0.999551325005529
0.999548682315031
0.9995258492154925
0.999568219628957
0.9995563824411009
0.9995765193544641
0.9995529413902403
0.9995214404410102
0.9994935024651348
0.9995453530260493
0.9995547941411601
0.9995657335605356
0.999541935715641
0.9995950172102211
0.9995875473794478
0.9995581008548151
0.9995633180761901
0.9995609304164805
0.9995866067881873
0.9995428512096237
0.9995383314888571
0.9995038955357685
0.9995487860745523
0.9995646264994771
0.9995326227550827
0.9995687902634868
0.9995481278200069
0.999527758086504
0.9995392150863821
0.9995235575342465
0.99957007200449
0.9995781680610102
0.999522815216795
0.9995392094738719
0.9995420420174526
0.9994998189742785
0.9994786863941244
0.9995062984398253
0.9994930988564302
0.9994800990206576
0.9994319612371716
0.999481283224814
0.9995152114562186
0.999517959447652
0.9995426485598169
0.9995567317445536
0.9995424084117159
0.9995659214497885
0.999515912357887
0.9995415015508627
0.9994882589391149
0.9995307404237276
0.9995670013854596
0.9995448081943338
0.9995455104125909
0.9995226412264538
0.9995258807757538
0.9994960401730075
0.9994716053170231
0.9994258408180529
0.999488128089756
0.9994396068632821
0.9994257913502558
0.9994427638836212
0.9994292207863897
0.9995268676365834
0.9995360610476817
0.9995192118323435
0.9995460363569468
0.9995276342814139
0.9995475554977052
0.99951036001886
0.9995125080037378
0.9995457365831192
0.9995529210943774
0.9995730097452672
0.9995644004792592
0.9995305678340791
0.9995516173878186
0.9995759225066005
0.999573302991212
0.9995479228761569
0.999517423660539
0.9994640443190811
0.9994214753092363
0.9995008682960334
0.9995119845734061
0.9995398207921687
0.9995026746636895
0.9994873881917584
0.9995296654723979
0.9995719490403654
0.9995567946526851
0.9995761451687916
0.9995558258454631
0.9995539524924723
0.9995636440593876
0.999522614771666
0.9995004507045423
0.9994924780584528
0.999462874922462
0.9994525108928615
0.9994844914764112
0.999471593800785
0.9995190794538267
0.9995215101360584
0.9995366788928512
0.9995378555964383
0.9995197353535397
0.9995539077502764
0.9995847281186244
0.9995310379848519
0.9995436118551936
0.9995619992567992
0.9995481635576674
0.999546916349514
0.9995447595625281
0.9995608209840314
0.9995415381650612
0.9995720274774835
0.9995530908337587
0.9995738825623691
0.9995529970973996
0.9995716528121807
0.999543315759889
0.9995633800809954
0.999569994755899
0.999583262590592
0.9995459054376811
0.9995003770130559
0.9994987075781139
0.9995623173129529
0.9995118913247312
0.9995373279656694
0.9995883011532437
0.9995294713687963
0.9995565529688725
0.9995281855028512
0.9995004427683397
0.9995471881378912
0.9995618353488862
0.9995555705758116
0.9994676726080541
0.999524468022579
0.9994908306842589
0.9994681216723387
0.999502135297563
0.9995518361256464
0.999500369391251
0.999517416024001
0.9994667904680604
0.9995072739427193
0.999443101186584
0.9995316002599077
