0.03278158438101344
0.18817918281671264
0.18588928214285474
0.16279116481745112
0.14810542525484022
0.13733544339632842
0.1436064668683046
0.14593841944722796
0.15275127787861797
0.1398778099350938
0.12408059838738146
0.12305458144371575
0.14342901127285027
0.13213941697678364
0.13698185286743148
0.13661199342052308
0.142986751340777
0.13040831869592712
0.131540449324085
0.14163157790335104
0.14543093622291825
0.14974855561710293
0.14728582642307714
0.14939185486631015
0.15033757848530066
0.16304147655325424
0.17084196915531652
0.17443704375219923
0.17165327530709962
0.16069506229156066
0.15791552584498428
0.1487210137978117
0.13409338269963958
0.1356667908849376
0.13468817096744742
0.15027964575281766
0.177370103382015
0.17962142455953706
0.19936726488285006
0.2160428419674227
0.2391040789208687
0.2521291044107991
0.25901297341988866
0.2554077531230964
0.2561350689984
0.2520417193004651
0.2461668718006405
0.23251158227634552
0.23463695313601748
0.2349920663745637
0.23282629983761438
0.2457366539041745
0.26353365847853966
0.26644216213088134
0.26538929741315764
0.25546950572611726
0.25740276161023345
0.27547479291847027
0.28387148736190304
0.27615436280053557
0.2798709441589518
0.28219006132688734
0.3027372701075248
0.2844235006952863
0.276351238033833
0.2829001191307218
0.28357035654168583
0.28030757810604773
0.2683500043226536
0.2565289392916633
0.25423905451836165
0.25235142692851636
0.24856089996766773
0.25191264783916234
0.2652999138554246
0.27144792419943126
0.26809803781627783
0.26136561415988
0.2625059505918205
0.25132607036121013
0.2595305046886779
0.26289861830089684
0.26154689396012837
0.27933268993339905
0.28864384954174666
0.29609647369981007
0.29819860077566857
0.2824805573819906
0.2825160002506864
0.28209601906157833
0.2806913279385152
0.2900942311364323
0.2854131784730178
0.2852311918493078
0.2616814456422826
0.25615252784547393
0.2380746301456078
0.23586874609987926
0.23035299020365452
0.2470194555326234
0.2544236443736604
0.2588388769270621
0.24878935940118477
0.26705414824370666
0.2511070518593842
0.25613229158426376
0.26446024064171153
0.2639084280777935
0.2621033996758321
0.267905723577152
0.27018923906076425
0.2549261945444607
0.25831161379954637
0.24314841708828724
0.2391976732506238
0.2624280281740395
0.25586294031748164
0.23871737684870614
0.2524946376238773
0.25723458097471413
0.2540147060337943
0.2553669135075777
0.263896048164321
0.2561105347894218
0.25346215800411803
0.2739461842959397
0.26219911249014805
0.2612291255518784
0.25652134634555745
0.2567937414888518
0.25261453506788517
0.25325656162358284
0.2498477218356715
0.2595141953353965
0.2683366551076937
0.27013254126695874
0.2563975593170559
0.2702948917992283
0.2802590615790452
0.27021020531533646
0.25373670702479384
0.25928288204571676
0.24789380572478265
0.2515420837274777
0.25673013320077637
0.2596209057401229
0.27454162558722744
0.27585387261897854
0.25844812437697
0.25059666789489893
0.2507312525740898
0.2495544787724465
0.2478285666270517
0.25120239420219737
0.24150839348178424
0.25196982110196836
0.23902789367853042
0.23218947050963976
0.24999820665452194
0.2478457075131373
0.23568898014652967
0.24240582257259927
0.22485323436522703
0.24198488600060797
0.23102049672858488
0.23311565231077094
0.24724362345187134
0.2397942615439257
0.25881534716322824
0.2603719259289917
0.25344708652940984
0.26289182890819773
0.26715428709819045
0.2472235414009943
0.2444687505501176
0.2455805274864745
0.23538655464090444
0.24684090719945373
0.26168140920552635
0.23651768341866036
0.19658754146874
0.19964947288478263
0.20196064226351057
0.2036892726874894
0.2207841528851778
0.20394801791326156
0.19895699910014492
0.18477059199647664
0.1909120887107121
0.17139470223896372
0.1814764520709874
0.1919226370656101
0.18356393408944763
0.17509526916180657
0.17305962602099073
0.17585171472008645
0.1668715895417103
0.16310977153609865
0.15802464822846976
0.180996498717616
0.18942804966023802
0.2030048972823207
0.21923113627383164
0.22370112983102375
0.21879560938313516
0.22788824764765564
0.22335291763205642
0.2314061182330452
0.22257376293336914
0.21939747906439247
0.20849012000869482
0.2018964568228898
0.19556264611907187
0.20076241917716559
0.17151685294910407
0.17623358619488472
0.184470600444989
0.17915641353485892
0.1684762651900218
0.17605887139432316
0.19664089215147224
0.19770858036878922
0.20750922243145248
0.22259740796033975
0.22188854342989822
0.2136404188001868
0.2482775980515429
0.25808878843507854
0.26034223698712333
0.2638441350028554
0.25622300898384237
0.27238310781166103
0.2814051426883622
0.277044189941582
0.27324684019103174
0.24817405451684893
0.23618862452240433
0.24446466138071757
0.23688582330290142
0.2484633778125389
0.2613862311424684
0.27521305876649577
0.2573938420413739
0.25247398218359374
0.2691404331188491
0.28674855311722164
0.30125560456526335
0.2946830282988108
0.3058151331098498
0.2957841103344544
0.29061968202918725
0.291962596451715
0.27955435070458773
0.2806544659491374
0.2706964514219595
0.26895307624194725
0.2607008569075278
0.2512491885607945
0.24658219304638007
0.24566370762712056
0.2537937725671413
0.25253299005561414
0.23031507887778838
0.21536563873922684
0.23389162648175027
0.2309025202687547
0.21549289722372572
0.2077770454203199
0.2124208914403331
0.2102153245108986
0.2197108861492752
0.22148495100421536
0.21950768589563574
0.21192575508510858
0.2016466006057403
0.19337246740032432
0.2079462669945924
0.2223162820378938
0.23126831059630085
0.2297153198204514
0.21944543636198552
0.22006648806165408
0.22332123568976386
0.23865787718680842
0.24188788422768792
0.22957130195398992
0.22001457345774722
0.23094244244165393
0.23543600200453355
0.23684625767450043
0.2490946451525203
0.2711789387438669
0.2683460903689462
0.25924015984740395
0.2631009849415059
0.2751644015955397
0.28855127705220573
0.2945360820391893
0.2822854621502663
0.2712106810658544
0.2733481416973887
0.27248612548492634
0.2739125843977099
0.2729329528627203
0.2752501133958278
0.29617779214607237
0.30327151877621794
0.3009286182365127
0.31010408926236177
0.3160511274350665
0.3178357009335064
0.31666370566152013
0.31741238857868354
0.31858281777309033
0.3125512742302913
0.2968986379575705
0.3048660561789221
0.303676001005914
0.3297238981780446
0.3474397280592725
0.35412813458544323
0.3622023013717144
0.3767859827124363
0.4003474563786229
0.3962795463977107
0.3837807451963233
0.3838229674697438
0.3865143849160727
0.39771202282644685
0.3868154802289928
0.3727773336317843
0.37244028264330536
0.3560583845555649
0.3474520828230971
0.3535303046532868
0.35929442822453794
0.35575546059667085
0.3484661501016917
0.3595257986557784
0.36301511913456297
0.36767345517030764
0.365552210004193
0.39403959421660717
0.3974872879111788
0.4048874414640366
0.3957492904189932
0.4009199639747979
0.42233483205892197
0.43168308404387895
0.44578202120901667
0.4484777121517933
0.45194289611140503
0.474955625782855
0.4872647892633721
0.49582112634873166
0.5034977643125919
0.5110499073029378
0.5111237146934422
0.5113309691490239
0.507382375583693
0.5112475714459637
0.5280844607502122
0.5336040616055552
0.5485213676576635
0.5691880518860288
0.5872370364085117
0.6008610482771434
0.6193607929715474
0.63585257532746
0.6572400602718848
0.6504407904450926
0.6659682184907969
0.703457442828275
0.7241955467416352
0.7411854982151495
0.7493813039665406
0.7754214611549145
0.7862538887194611
0.8066727731529602
0.8229652998419608
0.8437948257761327
0.8471598206233502
0.8624148358376802
0.8725490775757782
0.889334875301548
0.9012558121181496
0.9178850426594977
0.9277691444461175
0.9302551109532765
0.934051205379171
0.9434678920660359
0.938085010219444
0.9465266756176707
0.9363382911197686
0.9353752234966412
0.9403250456418356
0.9501848700561114
0.9586588365966973
0.9663037264930892
0.9716137084553895
0.9728940814586511
0.9672523191481712
0.9672288653003984
0.9737415904835769
0.9765329727883291
0.9766745066271052
0.9801039955919977
0.9804536064125786
0.9799689176788777
0.9804178157026175
0.9811875947877127
0.9851460726580821
0.9856563697928509
0.9868551345213231
0.9859036003914037
0.9854997606928639
0.9836142815919616
0.9814719655048478
0.9831695291264362
0.9851620046457539
0.9848143032161287
0.984775002189691
0.9812226465571476
0.9849075076254754
0.9830049246627752
0.9834662186934608
0.9791172710576868
0.9800800816794396
0.9811144616198485
0.9827679632804656
0.983877329846816
0.9835860993148277
0.9850742417351459
0.9854262642364546
0.9833201132661568
0.9822029116506122
0.9841353754379538
0.9844770953874826
0.9862565764526753
0.9871861421431397
0.9852472584719597
0.9846008231799716
0.985839881633765
0.9854627754897923
0.9871479406169311
0.9872938136059785
0.9857988442683423
0.987561519420734
0.983337376460485
0.9829341407569608
0.9814076318611236
0.9797954070927862
0.9782622332255562
0.9762527505222619
0.9759009182669413
0.9775969356427304
0.9813784607343756
0.9845761861286093
0.9844529311165409
0.9834082441951726
0.9834860157880987
0.9833271433838523
0.9820331920577057
0.9819468629846576
0.9826592516603282
0.9846990124994272
0.9858393364947515
0.9865304448328059
0.9869725530762034
0.9871320743839739
0.9870842878297615
0.9869421940970877
0.9857500314555477
0.9862096061679817
0.9865455931121531
0.9861038045354041
0.9858550431039736
0.9864320599765961
0.9842151778017013
0.9827680659396889
0.9851532423703422
0.9850220410694082
0.98300744397659
0.983531390696691
0.9831681188131364
0.9798093468949043
0.9814896659452902
0.9819147852704412
0.9793355050724423
0.981480504165894
0.9831187008862426
0.9831623460092445
0.9808161083868939
0.9787378864739195
0.98104337758361
0.9819828013245939
0.9841595882464151
0.9853640450569872
0.9838757256673827
0.982719660144455
