0.028237424757033933
0.4223675980888279
0.46662372189046386
0.43847205610085743
0.5506750178271197
0.5575117082091328
0.5846756215734821
0.617207715789638
0.6268121417447445
0.6344185943414893
0.6230264965193563
0.6182806025509736
0.6074149255454151
0.6216351507329955
0.6107533784518472
0.6158849109582273
0.7249128780820494
0.8029940011066283
0.7876943058136553
0.7466774462518988
0.7360430544450703
0.7504339774391074
0.7777977664061866
0.7648918311385211
0.7765941716327464
0.779677004127487
0.7906308323129222
0.8068726661882504
0.8157334556356879
0.8123929306287566
0.8072837216217398
0.8108558619522369
0.8189719988823013
0.8341243019631676
0.8230409387359863
0.8119426076737404
0.7844192160023195
0.7964553967483115
0.7796211184741637
0.7898153671115091
0.8114075730803679
0.8077827284091006
0.8234584504990169
0.8156272970356249
0.8159425017148989
0.8256962677365234
0.8230595839984736
0.8142973940447695
0.8132350409040845
0.8251019973701348
0.8162425258245587
0.8297811233416013
0.8360881116489194
0.8060631916029991
0.7951013210465218
0.8069345485277839
0.8072817525363633
0.778971871981056
0.7635312187853815
0.7463774985161615
0.7443548781459786
0.7666353819269693
0.8008428474902753
0.8193956662997846
0.804981211015608
0.8020009905846293
0.8257360811046163
0.8216310791840487
0.8289354926276995
0.7769154436003004
0.770501323860588
0.7237408107118602
0.7495471847663198
0.7680813827698286
0.781105066518604
0.7605901016496781
0.7637603750453145
0.7705141370420049
0.7811093094407289
0.7822183567681024
0.7784682133758164
0.8059047242514323
0.8235008116331206
0.8409931928723138
0.8397403677747991
0.8087674735756407
0.7748925981316896
0.7702670294914691
0.8033043394956481
0.7896882025480075
0.7717351931182171
0.7646628325012249
0.8187707595107881
0.8222944336075403
0.8139304507662746
0.829472078079741
0.8205883727249067
0.8172678704996873
0.8383024572332196
0.8283528352093638
0.807569091232721
0.8062310357146015
0.8039278522174309
0.8156948726781533
0.8107168061620591
0.829808994917805
0.8513804505132114
0.844151498963987
0.8090498885407034
0.8196612342481373
0.843614841138949
0.8303657296707219
0.8272938510535934
0.8099563648134388
0.7923754599634752
0.8127768743426221
0.8021127273454126
0.8131694950332793
0.8237921027171312
0.8331488639726562
0.8232604084433089
0.8217258875576254
0.8216746540594736
0.8361805272984464
0.8157836426161863
0.8162598095973094
0.820105390778233
0.8250082639187959
0.8240875178868436
0.798419067780708
0.794150199992829
0.7472363676420415
0.7508535940040045
0.7462071630233542
0.7768101029389729
0.7514826407018632
0.7718668414004216
0.8076164368316895
0.8312604091270999
0.8144306183505957
0.8218006522766914
0.826846161140495
0.798515890730087
0.7997326348240404
0.7692833539871415
0.7925948729953406
0.8061416544751238
0.7781138722365873
0.7859418476260938
0.7385489334152432
0.755864947292697
0.7905006015301329
0.8078012594802386
0.815872432614545
0.8223790699087611
0.8093781182339665
0.825085930393239
0.8279588595589148
0.8117341887155063
0.8182215150997587
0.8256456551668858
0.7535031957012178
0.8096407569427881
0.7830576765071392
0.7831302583731634
0.7814711172998648
0.8321638426945327
0.819356971844482
0.8203736197169521
0.8114120029257145
0.8114379426925851
0.8116528291425502
0.8251545795880504
0.8035161092375703
0.7866705358607962
0.8016592518681714
0.8091482166462721
0.805824230656645
0.8043896307995738
0.8020850150725282
0.8077001924336774
0.8003944203587539
0.8035809176397146
0.8313506210345905
0.8256617804076126
0.7922856818372479
0.7942446061784452
0.7973463250745785
0.7915285608479392
0.8242028020198484
0.8119927940816317
0.8306640246087023
0.8293019535532147
0.8339582807631148
0.8194833741833387
0.8236233020884013
0.8227131829145754
0.8186890515896488
0.824360785909313
0.8011685460534681
0.8174286280793108
0.7917149998279986
0.8121887001298099
0.793503559820675
0.7986926841193117
0.805228295463134
0.787982276635176
0.7981250804731881
0.8044175497182743
0.8109935945613174
0.7981528885506485
0.8264209701812412
0.8446725748947671
0.8360102983112095
0.8138147000687104
0.791347402834862
0.8013649343178247
0.8071525014722764
0.7679818211746615
0.7930097522496609
0.8244814275022692
0.8178253139558741
0.8073604695838767
0.7878190698467481
0.7812152221221882
0.7772876252747652
0.7601254145998949
0.7965095419701695
0.7551040770953977
0.7573810135252311
0.7433228250014595
0.7380035664134134
0.751955620658559
0.7613119014605216
0.7848685710167842
0.7865409240690049
0.7616014187028167
0.7381500195183495
0.7738735703057459
0.7824375671143374
0.753893525671919
0.7747806650288381
0.772645828180263
0.8046679744584891
0.8420592080952479
0.8241508415144763
0.8126400510182016
0.830206865440816
0.8184490794290227
0.7873616589130861
0.8110960064786316
0.8267451414607407
0.828966299335621
0.8274051265905946
0.8291349138036059
0.8264980187759527
0.8168380431244278
0.814569607282962
0.8000662682998652
0.7817384567821272
0.8026963328296006
0.7977853903379474
0.7868451364477352
0.8276834808084138
0.8339104146403189
0.8120613469433806
0.7795193797971737
0.7617384326577396
0.7533845925424539
0.8053593899196225
0.774705785648419
0.7955971884504656
0.8020382462281612
0.7950132045646812
0.82392004873274
0.8204270482492348
0.8131210356159789
0.7913754978888299
0.8322903705585879
0.8064208917525293
0.8146143727242178
0.8075982552655535
0.828073052176079
0.8002915519235536
0.8095207489676444
0.8175600847576712
0.8299240362254224
0.8211534669497172
0.8117385860131346
0.8078429861763339
0.8064500300534501
0.8113247417858449
0.8042754400097575
0.8173532088132446
0.8018888563486588
0.8173202226033611
0.8030375066603148
0.816370158941561
0.8178614342196522
0.825883389869217
0.8052048913174858
0.8043837719373305
0.8351386272247217
0.8133228500856688
0.8204202788941052
0.8054240529021365
0.7966499845257987
0.8245749214457984
0.8142472241286233
0.819081567765485
0.8418926849255123
0.837924128215982
0.8190961856647896
0.7994714812924494
0.793296516272302
0.7863699077246408
0.7982203048063554
0.8094104874617207
0.8006010761097354
0.8039784803876399
0.7989647475278497
0.7971554844043117
0.7919649575683299
0.7977401382531629
0.8044774137860514
0.792521848832589
0.7991939361758835
0.7883101608892045
0.7642623453107779
0.7722578648252544
0.7887369561547564
0.810002095944572
0.8172736954948191
0.8096517601121734
0.8022165013045818
0.8452033150068892
0.837055267310515
0.8043257245779658
0.8366907981789669
0.8193648892502555
0.8081132901280654
0.820965258336564
0.8307298308613359
0.7999611365815378
0.8116452899581307
0.774999638723991
0.7895764607598478
0.7852933200225762
0.7841294704378413
0.7718611648974956
0.79518878648861
0.8068708634733353
0.7740507183058704
0.7565126271430176
0.7829294428873375
0.7987922584949599
0.8173522033202935
0.7973629104938342
0.7958954330001599
0.8115450066494924
0.7689704119999156
0.784654177830449
0.7692408176639588
0.7730733604631719
0.8118193116573041
0.8088697509743168
0.7959812534007055
0.7989065764621051
0.7945502575661649
0.7817797028299621
0.7614507373338731
0.7834788749695072
0.7619315277263092
0.8032451638742252
0.8026019678641971
0.8032792730868116
0.8149071624852197
0.8246059592313636
0.8451501253202394
0.8293147369015355
0.8015934893079705
0.8077243519493953
0.8131402873347675
0.8181004677084526
0.80142861266587
0.7848600815226776
0.8113407428254932
0.8276751484040059
0.7885251681996284
0.8010047490864767
0.8020817095839378
0.8119344640821037
0.7824949624957797
0.7959901085128503
0.792333346518109
0.775333803235785
0.7466460650494717
0.7277908112924314
0.7515832916008637
0.7288571731389176
0.7375712039101087
0.7449022133835844
0.7464838718508336
0.742234217541891
0.7600617447057884
0.7683004968651667
0.7535560553816999
0.799787928021439
0.8214228803768018
0.8226070147586219
0.8231983830313164
0.8159986924282732
0.8012001750819212
0.8166577691892095
0.8067050586148256
0.8152710468888901
0.8209136817895328
0.8027916527765808
0.7774227590612802
0.8041825454798385
0.8232673744460652
0.8196036071051032
0.806476488064114
0.8158158662163784
0.8188625182545246
0.8378882434972625
0.8106429486240273
0.8194034282480993
0.8262442900571298
0.8124771420508274
0.7819500946240119
0.7960217318888579
0.8108946651970461
0.7964931866968471
0.7616229895029646
0.7715660544302269
0.7911485926357857
0.7957824678440557
0.8038610266277482
0.8239929272033732
0.8242547713872731
0.8328258042032743
0.8079041329599368
0.8228101888064591
0.8247430006164026
0.8283455874791037
0.8048886948783286
0.7893870153623617
0.8037363849212009
0.8227305954642059
0.8290326301576024
0.83960682880961
0.8204869906250535
0.8007084049959184
0.7795759854032183
0.8023113711074332
0.7946200823063823
0.8040353621004461
0.7695962281200166
0.7844501129867714
0.7981299188962379
0.7838821852441643
0.7940895336341627
0.7653446316564089
0.7468590208700298
0.748917347874822
0.7519117645590497
0.7962092392818895
0.8278145046195224
0.82156417568116
0.795412315303027
0.8100380652731158
0.8017411853647455
0.7888088023100024
0.7624433680967284
0.7842427177533657
0.8086156558815809
0.822734387607213
0.8157475750383066
0.8074455348274316
0.8129378467128039
0.8124775239548184
0.7983636832031135
0.8011980698890362
0.8040344095314289
0.8226509112748771
0.8344021213894923
0.8231760900054989
0.8170187463310483
0.797878346162054
0.7847560619835918
0.7725357432478054
0.771339444177826
0.7969045649614921
0.8159667917678428
0.7920506562850514
0.7893072953385478
0.844666515183069
0.8389027055193227
0.8349893710167935
0.8330584241782695
0.826032952224701
0.8334519072395034
0.8274421693457527
0.8147081618994252
0.8297220287948952
0.8331197183169757
0.8278293291005152
0.83338685923536
0.8000717930969203
0.8001217473828571
0.7934177755305456
0.7983722360665773
0.8164548335587888
0.8071556198177756
0.806436863271416
0.8012866549838142
0.8145878609283095
0.8240688687989951
0.8072934643333181
0.8052040064867612
0.8181836620804982
0.8037421070037771
0.766021046237059
0.7812842338596114
0.7635781223250777
0.7781929489998651
0.7655497345459025
0.8048697934853958
0.7928404075200737
0.7476862371140188
0.7397950471519907
0.7605984016572395
0.7641887491051894
0.8067332034264039
0.7989344444229717
0.780754748427315
0.7756429356789264
0.8012494228110839
0.8109373384748926
0.814137852315626
0.8133689427335162
0.8007673030584259
0.7689349578914412
0.7899962158856656
0.798488472329896
0.799691776984492
0.8144168318163103
0.7929492788674972
0.7994438505166734
0.7678295272629196
0.7460199841172418
0.8003978492947649
0.8197642255588345
0.8134243444165433
0.8094489371152251
0.820661881241738
0.8273509517903727
0.8223705344977287
0.8116077341747673
0.8157351748310503
0.8044699323500889
0.8042266837447883
0.7855920879461857
0.8115403590310831
0.8260501973580482
0.8016003872890608
0.8144447193989963
0.8397377684828465
0.8085333209677987
0.8163287993060608
0.8357891539160016
0.8288851105250655
0.8207372870535096
0.8363383742756181
0.8250461647978806
0.8080022622243042
0.7900946313488372
0.7959017422866925
0.8186272029014093
0.8159872420706651
0.7885384857439509
0.7982863113515261
0.8352873516881753
0.8070083032336495
0.8220494277682153
0.8082857829494775
0.8194381285989718
0.8044317718084464
0.8042331649489273
0.810215645403394
0.8153886997549213
0.8292487491769119
0.8323566516993537
0.8146954905890531
0.8244586539659035
0.8095174974984801
0.8156479193004371
0.8174823632018692
0.797046443715873
0.7977467274809361
0.8079924559385053
0.8015140596808727
0.7939827897342191
0.7863187168512602
0.7967514515931826
0.8120118542519497
0.811781893222431
0.826016575914049
0.8034094771225161
0.8290506210081737
0.8015815475586678
0.8269501484214012
0.8124722403752772
0.8203562485134404
0.8229374459124386
0.8100381524665067
0.807569904825898
0.8015173550261907
0.8056439732720853
0.8125541265740264
0.8003188978733637
0.8077261046428428
0.8307057632111094
0.807775155154916
0.7897076074405007
0.8271097048857616
0.8290057279259093
0.802758486158662
0.8143122523415327
0.8033496062693534
0.7962587811581848
0.827712133806671
0.814900075570645
0.8181672494428847
0.8171826738046348
0.8263412772347164
0.8514706566262141
0.8141570906119888
0.830496989001404
0.8211783171784414
0.8171790346105253
0.8019749922484489
0.8001663847228313
0.8185386647538456
0.8026224830927408
0.7729270236688088
0.7572166427511356
0.7901944339453594
0.7787594193205077
0.775132627150707
0.8100492363585348
0.8041573141493092
0.8196527518027882
0.8265692727476676
0.8177914829397098
0.8115818420124391
0.8097277259093904
0.801101812098916
0.8217558397542791
0.8252713253387796
0.825407833237109
0.8193318722945552
0.819302896303497
0.808300667027495
0.7846871469478359
0.8211178062740702
0.7777438229845759
0.7886667375462686
0.801246181911432
0.8116604991048783
0.824371902660712
0.8309424801372705
0.8420769703660277
0.832273845617763
0.8168023159468251
0.8313177763913622
0.8204780191083865
0.8207852824190374
0.8438705726269602
0.8343641506949222
0.8277435451256968
0.8203399509597376
0.8088083926333907
0.8017663415152969
0.8045672076106412
0.8154005700666737
0.823450782593523
0.8213179760210377
0.8299836820097838
0.8259386062526268
0.8036403208718498
0.7875354182639244
0.8031737890729805
0.8241463807357801
0.8313792004756696
0.8295700038475793
0.8340594005410611
0.8272544031609277
0.8311297497774085
0.8119821873015635
0.8213239058709534
0.8338892959672147
0.8133318642447499
0.8338073079980081
0.8300182809157707
0.8153342208449641
0.8238881907754336
0.8315192787448922
0.8341055213751549
0.7967510408505387
0.7850795804595802
0.7983481924167162
0.7976632364025857
0.8075297875195975
0.813986532554566
0.8211407298306908
0.8207994350718474
0.7994429683448218
0.8159369603673482
0.8141020453068392
0.815008185338287
0.8161552657640414
0.8320116360229098
0.8291276926229856
0.8286126076244615
0.8168040024088254
0.8141790345616912
0.815383545478542
0.8006754656819738
0.8285303941601919
0.8304146666186549
0.8103080104693663
0.8273842278675492
0.8402457968570516
0.8217501360229063
0.8204905426042715
0.845776539230816
0.7961396117884605
0.7932000456999679
0.7823610423248973
0.7706233522584177
0.7936826904376816
0.8185800751511225
0.8288086135249332
0.8310219706330582
0.8023607098398946
0.7926151140929873
0.8311801896471638
0.7981945753360987
0.7442882011362831
0.7608386346896925
0.7650274661194756
0.7760450864848312
0.7391861169542355
0.7554397696200903
0.7721840119704676
0.7555919413257036
0.7727745057233203
0.7822106312154855
0.8060452915900065
0.8288083687203287
0.8053831045252624
0.7959353092026628
0.7884833729621396
0.8117492675531993
0.8357371290487202
0.8409682832375175
0.8203871760303567
0.8196285514947306
0.8368671870798217
0.8139070452331616
0.7928142277648649
0.7821677039408379
0.8166133292167629
0.8242578400762254
0.8286656989943545
0.8044392784083133
0.8247960216501775
0.8032508318414766
0.808142487269665
0.7935974212996599
0.7651517516390182
0.7776319877274449
0.8111714140250582
0.8020060319937333
0.8146520688773009
0.7984492593691295
0.791787167040312
0.8006002687433601
0.8002009634390596
0.8161857110114942
0.8226828997146967
0.8358724551945436
0.8305370494747355
0.8191940067871016
0.8331804037095409
0.8307270383625271
0.8210138707186605
0.8237774518082309
0.8437328876973798
0.8245678135691614
0.8120224783371293
0.8213897066289989
0.8184990031623548
0.8072272222230091
0.805326315456136
0.8090708504798698
0.8016347392269532
0.7735079756327883
0.7892452123194882
0.7838709768201023
0.7825105627846256
0.7987066504784288
0.799569955797767
0.7775888536772853
0.7758169945769497
0.8114196772092521
0.8241108302469483
0.8257589509416936
0.8134069388433304
0.7910592222454607
0.7679865453971335
0.7883280290877641
0.7865391149964528
0.8205266915382528
0.7764362998258
0.7881695918788423
0.8013884028264913
0.8363207797367973
0.8028830726128212
0.8179775765772126
0.8090666344858587
0.8067758338373385
0.8363595196364848
0.8226785198364839
0.8016700738555461
0.7409319687975888
0.7609917425929218
0.779106985696795
0.8068883974138091
0.8084885941241986
0.8131133757822466
0.8405238279101059
0.8412492480145723
0.8510306467453417
0.8038230310804306
0.8148120174243981
0.7886845478492903
0.8018263509376471
0.8034826513284864
0.8064153624222377
0.8095270038061075
0.792669569707808
0.7817508252419586
0.775816572310536
0.7527255903797876
0.7685541831577145
0.7630784394542027
0.7234309508643763
0.7315639024581905
0.7671774057592731
0.79528259831572
0.7938490046883697
0.7799198291321399
0.7967407150681813
0.8113370098761913
0.8187470173980373
0.8255843878304215
0.8105263165525078
0.8091222046325619
0.8017034502308518
0.8187379777869686
0.796309690831768
0.8077006865640888
0.7777613059497965
0.8096201203604059
0.8164615614417562
0.8260070478969851
0.8244990596884906
0.8053343200398633
0.8183478450630365
0.8264620340390447
0.8188848385331281
0.7948423834386903
0.7568750525758655
0.7950905995770168
0.781810953818514
0.8006460897346128
0.7940400990607563
0.7942821625615794
0.7482184256735173
0.7650861828520519
0.7874472748588996
0.8165044809508634
0.8083252689060416
0.8270533933611197
0.8303856352703767
0.8184826848318104
0.8158578305027278
0.8331531479759742
0.8467619650666838
0.8202956323914203
0.8044157328688049
0.7906413458110155
0.7972660367429172
0.8173269215217072
0.8069960519709213
0.7977852422281997
0.8053035861961098
0.7976669451714844
0.8135797899419729
0.8158408207854475
0.8435412695636
0.8315009551869729
0.8259217045156633
0.8103642243726884
0.8321971521041371
0.8125952403767522
0.8080454391525275
0.8200763779368678
0.8128653388844068
0.8396932659549113
0.8220005237686266
0.8098830420600245
0.8222356894162363
0.8246887853428176
0.8309132479942978
0.8231004245886213
0.7952756829483876
0.8077562011066814
0.8290004747515187
0.7969534575559027
0.7861604321051918
0.7666372467824294
0.783399498790974
0.78105170844437
0.7957809867600162
0.806935651604528
0.8066997700509795
0.7656513949734648
0.8219717348098978
0.7981750832564332
0.8316809692992417
0.8214015332595687
0.8083940781427711
0.8049779896790517
0.8156445958578857
0.8053304192625611
0.7989628546774875
0.8338902433422818
0.8103707670618813
0.7879274778696764
0.8141856086175565
0.7956782031965005
0.8045211085525797
0.7931543122777044
0.8059071310269578
0.8188820977105923
0.8180714565602997
0.8312140816878927
0.8131936355552165
0.8006924735463286
0.8037630087802567
0.8063416951410528
0.8116281427393874
0.8012243793912266
0.7855097077646144
0.7797630992029178
0.7577289008793239
0.7671312335245173
0.7966388533037593
0.8279198271777078
0.8243085121123888
0.8187037656155112
0.835169403052993
0.8167063663082264
0.8080690370840425
0.7877114239592364
0.817855477594536
0.8334659024625839
0.8311809141655616
0.7857639678479456
0.784162494185633
0.7889720776504524
0.7925761706281991
0.7652390256975179
0.7812428386862749
0.8056555997318089
0.8319452427241163
0.8073313155704982
0.8214409954273285
0.8413618163099114
0.8380459265142463
0.8284536199898515
0.8120351488431032
0.8344698409709478
0.8219081322079698
0.8474115366657156
0.8430779967358977
0.8382546483189506
0.8144448033308226
0.8448211880347914
0.8486255975685316
0.8316673702403213
0.8101948360259362
0.8231392562270979
0.801286069980186
0.8395857448468087
0.811197146611839
0.7965796894112119
0.7947845429181756
0.7948699183140899
0.8095225235220802
0.8271383794110428
0.8336395028847583
0.8317415027026733
0.8240625178343048
0.8047730108163135
0.7837909241287253
0.7838697674186077
0.761414920312082
0.796128284611158
0.8310116560320129
0.821584481699608
0.8421883857031377
0.8132579254271359
0.8109277973478344
0.7935463879629903
0.8049151331771197
0.7917885496645584
0.7740734984289527
0.7553494833732268
0.7922131693136726
0.8152391107170152
0.8056143066414464
0.8176239300125498
0.8366712245941755
0.8292069113850093
0.8251164936207758
0.8291829316204362
0.8241055549348026
0.8325753496018159
0.8147586160589414
0.826796593719906
0.8265296883126245
0.8339294362418705
0.8328701808064208
0.8013424202039796
0.8151578749735382
0.7812450782894691
0.800852339486574
0.8172279787179186
0.8017102935841649
0.8028593027251352
0.8217335696328112
0.817986124753225
0.8364439281457979
0.8221811644838773
0.8189715374129559
0.8252172056612713
0.8253089075787288
0.8121095975999477
0.8114185493317648
0.8139875558210065
0.8279232340325937
0.8353943979602536
0.8359970252944661
0.8296293546315936
0.8056760819126403
0.8080006634696771
0.8177109936156548
0.8314504863510922
0.8054357697942647
0.7953856972664273
0.8165864188701004
0.8192810092458945
0.8406824176846222
0.8102349018328897
0.8152332600818012
0.7937399624423612
0.7768300914992556
0.7784418136824263
0.8077927992356965
0.8039976503135147
0.8090063196550558
0.8134532351425844
0.8282382167814448
0.84065140818837
0.8341599706423788
0.8247764856975057
0.8307637635012758
0.820138807097412
0.811470553881207
0.7920787355592817
0.809675830261436
0.8093477475432944
0.8264993208621322
0.8260813506258762
0.8236491787443905
0.8103131483505922
0.8210331846410588
0.825606129137041
0.8227670743085557
0.8085030438295495
0.8299089596997046
0.8250390362557231
0.8294785717446975
0.8242065956164999
0.8143026890697322
0.8049176443916967
0.8073211314393193
0.7777535551273157
0.7665978980221548
0.7639899808664197
0.7785563502881091
0.7782899985865843
0.8046570110679694
0.8129286376204901
0.8118239157215592
0.7930147379487716
0.7551610898212948
0.7730797156616195
0.7886490511320434
0.8077051673302079
0.8025366878977332
0.7914860702952214
0.7625223702213781
0.7752101866929575
0.7688166851539803
0.7563223069714968
0.7769217145515172
0.7753116135908033
0.7429114373194756
0.7833594797381596
0.8137045414652482
0.7895981087744003
0.7991815161202545
0.797802728255274
0.8199627423968775
0.8288899235180731
0.8377186148338496
0.823576064467602
0.7992241002665676
0.8268233647754588
0.8018356029625545
0.8070999433729211
0.7726332482421346
0.7772451866053668
0.7834782792457099
0.7866303362618419
0.8009612329263884
0.7910913431082278
0.7948885100162196
0.7802979098363457
0.7923687944532039
0.8077971598068378
0.7920191618887054
0.7876663508645951
0.7968658872864406
0.7671391830243005
0.7585983671435058
0.7917261430695948
0.8008882475117121
0.7640230388011464
0.7944969821188462
0.7624758467911478
0.7815523220003578
0.7978755082186482
0.7705264858251717
0.7772556039974129
0.7747411387301381
0.7714521225296349
0.7655001905194683
0.8096555473707828
0.7958873439946813
0.7907137549984741
0.7882100124849464
0.7921351522778338
0.8021000004954739
0.7789287033406659
0.83043904591166
0.8135757387127232
0.7855752772450851
0.8106344460928492
0.8114078994590098
0.8368918215155926
0.8305931658680608
0.8177629104305859
0.8346710103725037
0.8442680135265087
0.8327874076542463
0.8285377697945703
0.825029589469123
0.8244415852777839
0.7935068637610891
0.8216822494093129
0.8136735292713501
0.8099162551700099
0.8297444781257769
0.8287291215397288
0.8363106889631885
0.8160014205607151
0.8159142979072185
0.786161923050341
0.7868475011380348
0.8217693316876558
0.8182489276892507
0.8313949705830769
0.8116945088348655
0.8114600197373674
0.7899947681456592
0.7792877590594243
0.7970627964849273
0.8195810358769234
0.8231019398129716
0.7983447544450794
0.8095865626844485
0.7941658887974385
0.7643731756277701
0.7727392611985696
0.8240522781911455
0.7976504217829563
0.8217328031071323
0.7895436572607568
0.8019105776408118
0.8104090477903132
0.7730908810482789
0.7899914110231808
0.8244432155972454
0.8402464854047039
0.8233141672033055
0.8179212269102258
0.8335887112628528
0.816197583277482
0.8291757529061429
0.8192082153690254
0.8210490994687905
0.8255205520350751
0.8212500500008487
0.8083950994508674
0.8048015560996892
0.7839264918022567
0.815335782133797
0.7946678524349514
0.8193304483020587
0.7955409744164373
0.8061173909877605
0.8154199975946441
0.8008925920885449
0.8105580645418831
0.8065294198503093
0.8159710382275673
0.8116847461598757
0.8146214735245272
0.8187580670631563
0.8069240396304352
0.7968106298762029
0.8171043592324541
0.7664591047477978
0.7590715811481291
0.7738308998549873
0.743837601030917
0.7726801167714944
0.7954479022797597
0.8053338695318568
0.8029970234824787
0.7947803893440142
0.8059263475751175
0.7965038232664599
0.774628518982217
0.7932280931077744
0.8012778997462742
0.8097255147588555
0.8126583599004636
0.804904473388267
0.7908985144095756
0.7978966748939815
0.7984223137103824
0.8078138613051566
0.8146491691379343
0.8105745227079789
0.7607589506878352
0.7621081230145547
0.7958639981342354
0.8140768752628746
0.7996803947655419
0.7923783880026926
0.8043224701873886
0.8201888800816302
0.831991095782817
0.8157967076089827
0.8309106897156868
0.832813565319185
0.8250133696613416
0.8266795936077945
0.8034747804439398
0.8024727465394685
0.8188673855313316
0.8150480490034632
0.8106940729400599
0.8257669198265817
0.7785479601538116
0.7598938469778631
0.7879790337186702
0.7913160008440244
0.8032814456259443
0.799183966386608
0.8148694751082424
0.8020886093900907
0.7999572002895087
0.7896125517849271
0.7748087439234056
0.813740542242841
0.8200478358374679
0.7993808614719338
0.8032430057491784
0.7993773992177708
0.7808079709378904
0.795954533862561
0.8136442106792005
0.8125352476336997
0.7875087580983432
0.7908935107665304
0.8037010531755379
0.8276899272292619
0.8157680705075403
0.8180496103398714
0.8343205410477931
0.8203795397216902
0.8093596949362806
0.7987483680262918
0.8200396164567418
0.8191635331673681
0.8245740408714836
0.8253661648293933
0.8246598321033181
0.8037101964104896
0.803186144925524
0.8343299534601072
0.8229278973675033
0.8271081869237085
0.7937339709974773
0.804643886410004
0.7984693949761817
0.8155612601432455
0.7938801082546324
0.7719159364460937
0.7731270139654277
0.7955413953521043
0.8098032989357865
0.782967136014146
0.8236629943873197
0.8121797518707885
0.7938673231470297
0.8062023724594264
0.7998433617269177
0.7881459433052304
0.8133043397014044
0.8396643602817638
0.8364118995999812
0.8084355908774432
0.7962588767027551
0.8033728506801386
0.7923374088103555
0.740834776119548
0.7877782486570541
0.8190452618350353
0.8354664927259989
0.8187345757719287
0.7866552061780236
0.8105332232830795
0.7901651815888863
0.8137727474092613
0.8134170083327701
0.8125031644815138
0.8090884781098893
0.8108424241015004
0.8042449619155857
0.7894853731728912
0.8078435340257992
0.8211447471544738
0.8473104445571096
0.8320838683250361
0.831671973238802
0.8131460979618275
0.7943478948046397
0.8079817522858271
0.8201836562292842
0.800683140227794
0.8333918301823188
0.7927050445007826
0.8059166306803076
0.7796085933355552
0.7763907067993573
0.7877255561587234
0.8097385372345999
0.7957146447993757
0.821798303421651
0.8433028049135296
0.8235380454031072
0.827281739105727
0.8208913502812498
0.8204802149245061
0.7966353486788821
0.8424916159816512
0.8246397029539974
0.8309214824657629
0.8111452187150109
0.7952424455960774
0.8107323761379449
0.8228794935541527
0.8187099080331793
0.8130263780433822
0.831867958004909
0.8067846840305
0.7919443893357917
0.79929443824481
0.8184636513520509
0.847399468099697
0.8251035094889934
0.8130040067609233
0.7965743844278717
0.8143603638240675
0.7959015495038856
0.8105719719747506
0.8132022321024905
0.8087797294683442
0.8050646775705351
0.7954463428350395
0.8004573482855344
0.8082849329283432
0.8059673500080073
0.8239005216185948
0.8301322762402695
0.7970920613610137
0.8026699764616407
0.8177945422521322
0.7965701902384299
0.8282624149592456
0.80121928678209
0.8019649070773942
0.8099063141643565
0.8250635180377144
0.84949315746326
0.8386965661782048
0.8306010297340903
0.8275641634698133
0.8062288519054542
0.8195002873455834
0.8294097467246768
0.828100839477865
0.8130770196287956
0.8219640815986365
0.8131789073490967
0.8169095559727297
0.7964626712760406
0.8065308722174901
0.7836805061818355
0.7926506974987817
0.7562944439799135
0.7303035739788498
0.7391670316794303
0.7601243760020527
0.770038411245539
0.7394945009012968
0.7436800891643977
0.7498307179853316
0.7558658220452115
0.7658934418009313
0.7674925588516703
0.7751613918396779
0.7888454599518228
0.7920619027223101
0.8039766099537146
0.801025170924247
0.8019062391671307
0.7997336514913406
0.827327514236126
0.8001194800020297
0.7849431247971095
0.8103561288139042
0.8185648645543498
0.816766586589301
0.8172656249220528
0.7936692203427179
0.8075669242675816
0.8151543413053546
0.7805177113691152
0.7949447936817795
0.8011933161222125
0.814255422064464
0.810859964218982
0.8181449452850197
0.7831315402333192
0.7671654677400948
0.766617090707327
0.7804396430627599
0.7647371263802983
0.791020436470676
