0.04184487199244657
0.13382504589364957
0.2619657475496744
0.22936513313619342
0.25848265562851014
0.2433825070559385
0.2031652326966186
0.1574301252697641
0.14879668545038977
0.13358949954057264
0.12671855977907284
0.15060618219974564
0.1511184945413348
0.20070111594752832
0.19476789028008898
0.2401532418076658
0.24440548919162777
0.18833510975778003
0.13654806908246525
0.1818049901319986
0.20684204526032235
0.2533204521090571
0.2089174090182621
0.19806522859283718
0.14033296407939694
0.12310221957106576
0.11960949491697491
0.11869256150542679
0.1335900550563614
0.15049534658669936
0.11702319758974411
0.11186117054877484
0.12362223200493755
0.19106171747549097
0.25569226785878396
0.26830257545661057
0.3216460267897858
0.4098733836351171
0.4228477260861423
0.4375377136799457
0.46783385609221756
0.49354398103492747
0.445026841001805
0.44645575906549456
0.4525487988944265
0.49334943170240125
0.4284678206783136
0.3957056821579815
0.3959111676835658
0.4787377376185095
0.5135204320828121
0.5746873726774306
0.6272291170580823
0.6702808907916421
0.708635272042508
0.72548208863864
0.7330172998717916
0.7265573245769267
0.712524515761894
0.7368281331171852
0.7075362225079154
0.7123868281677409
0.7108253971733544
0.683555002439038
0.7353183469330271
0.725790621273128
0.7695326200430009
0.7620354912392594
0.8026069928163235
0.7830890936329221
0.8014024829521572
0.8196162524864158
0.8036464980956105
0.8181965488468398
0.8248060959480584
0.8553140218817987
0.869077983320529
0.8786840962071809
0.8830525009827348
0.890191225575877
0.882175785904816
0.8891723706542667
0.9007334257478208
0.8846975225263028
0.88004296255329
0.8805545478827286
0.8716511484613456
0.8773102715295131
0.8871108807798517
0.9024614517586494
0.8923651668933191
0.899967752951198
0.8836430076742783
0.8859371251897845
0.8462742318898355
0.8569744780877344
0.8798010878330601
0.8924205372776381
0.8810095432738759
0.8920873628825069
0.8796007054793777
0.8806526093237645
0.8866101021635743
0.8799009061998462
0.901432260717353
0.8860108466524542
0.8699182464054002
0.8839129867316944
0.855914529578072
0.8352026924109369
0.8380027494728437
0.8079113164386079
0.7974691224795093
0.8140839866393723
0.7981986666111609
0.806949127790533
0.7833673292937249
0.7699425299693053
0.7649953454994486
0.7980301893317632
0.7842986085356101
0.7904804871446616
0.7971467472580469
0.8199670216374564
0.8237213055640139
0.8131107255937022
0.8195168770459388
0.7959721775307339
0.7731090137609873
0.8052691181258367
0.7913440783734238
0.8176876690224831
0.8602215936800135
0.8583397018004207
0.8479458582991535
0.8644264056920553
0.8642250262414076
0.8720490256249116
0.8487713877891112
0.8579460223327864
0.845618826074337
0.838931231326729
0.8349038966892666
0.8567129314926354
0.8578068131422107
0.8378548911414035
0.8323609377619853
0.8314121324393969
0.8176268360797869
0.8333384024241035
0.8626041076963542
0.8816874769875144
0.8651590140647232
0.8583243707142062
0.8589941639000094
0.8335640079225372
0.8140240453285257
0.8343334834883044
0.8240218900075622
0.8436643742559699
0.8652026403271069
0.869043067370553
0.8935604639230801
0.8839242930298187
0.8953636857967352
0.8814140500482056
0.8718601360551308
0.8857998601300828
0.8801508749712585
0.8877997590037637
0.8671641648030443
0.8668249547357966
0.8728533268189376
0.8872565846750776
0.887054315090548
0.8883500859668155
0.8739172489712074
0.8731482713049515
0.8947119472884186
0.8823090403580951
0.8634333187319142
0.8729457172424331
0.8633912783281763
0.8652434498952906
0.8632048763574547
0.8651480097143782
0.862672155212999
0.8702249630844544
0.8952151889898508
0.9004336753687356
0.899743209167599
0.9053544564314884
0.9020223142983487
0.8983523834929834
0.9040289682623707
0.9002858885744651
0.9057343712906807
0.9068931059999459
0.8985520327810246
0.9044763407811989
0.9060011266451042
0.9046582057122613
0.8959519600828356
0.9003255960090588
0.8887903495024645
0.8980295529297666
0.8939127630410711
0.8660612820629087
0.8604309753572856
0.872324910226711
0.8774114898476206
0.8591596728008601
0.8549494672965287
0.8421564824250758
0.8433611545245743
0.8607636904078371
0.8391958959566191
0.8666760654314678
0.8257671352510575
0.8434118611675178
0.8642537974855807
0.8645114263559813
0.8701564793900841
0.8864670451208414
0.8811703169203375
0.8837249198683358
0.882521396149854
0.8573071232611741
0.864817936197336
0.8905207679632827
0.8823779894126764
0.8752507176581821
0.8834547563577804
0.8707142233108822
0.8612474678164306
0.8500666087121617
0.8695326086763406
0.8814195376373024
0.867962279779333
0.8579300796091133
0.863341478720712
0.868953110904619
0.8905703223974031
0.8885487323700354
0.8952444579179174
0.9002624028116385
0.889860487911841
0.8966557530884789
0.8955965327328922
0.8933052682712534
0.8798948819587268
0.8889574603678488
0.8969072067539223
0.8981437409029644
0.9025639106383999
0.9015359521314268
0.8989653850462032
0.8910075478211088
0.8910847867934082
0.8926811012584634
0.8891523515852334
0.8862825276318193
0.8859382764578138
0.8993068981255712
0.8914386228799271
0.8917500039279728
0.8813935566600879
0.8677947025336523
0.8571354319235791
0.8453119654632051
0.8634410674893207
0.8525527371501802
0.8547318557532189
0.87028390600384
0.8707250190820393
0.8915459839424288
0.8965823788858542
0.8695646284268183
0.8630623787122944
0.8763674724974296
0.890103487881001
0.8754650756245448
0.8729581103630528
0.8895305229691602
0.8896083395762027
0.8903966456216289
0.8963232602555236
0.8928446427573983
0.8867464643761281
0.8763678703454497
0.8897676743670799
0.891619465536707
0.8906585130156528
0.9162058953270072
0.9002965891198934
0.8994038201477111
0.8914710354702953
0.8938155849729345
0.8986262755259933
0.8828814852283022
0.8849346396829523
0.8578065160335804
0.8796758828070212
0.8761422491107068
0.8696330303474521
0.8699747467030069
0.8528950704020349
0.839637505155969
0.8335939167074722
0.8088877344306845
0.8434821628186081
0.83828350161586
0.8630703938612244
0.8604621508524133
0.8665695670857395
0.8510919725362575
0.8833714732763869
0.8728918837102531
0.8692922801969634
0.8697450559362838
0.8691756562325045
0.8642761348095477
0.8641655755924114
0.8751646756816687
0.8823209690229211
0.874311663030232
0.8771865253029947
0.8955400768193384
0.8631732305975076
0.8669096769145784
0.8778881607672053
0.8752073073855497
0.8828895299194424
0.8874508465401034
0.890657435186144
0.868112062956438
0.8486833673254316
0.8670770447168286
0.8656452930203362
0.8717832864651
0.8623231628970839
0.8618551506950916
0.8685870862976366
0.8806056690134838
0.8988025052024149
0.8853783647195709
0.8922544451838971
0.909186764183853
0.909852670242679
0.8923431308365641
0.886022498589041
0.8827564114132088
0.880296392747281
0.8811854430595983
0.8778199629976869
0.8752142567653092
0.8943143128666207
0.9015895064970034
0.8994925360111572
0.8900644267865081
0.8906279838920103
0.8877509655436687
0.8702734353444044
0.8725287475646933
0.8683081500212609
0.8578591494257576
0.870524113761009
0.8604629891747763
0.8567659012028861
0.8783052491536517
0.8522990427217466
0.8364204982044853
0.8111770556753584
0.8245028922669625
0.8345875666598569
0.8351743339289047
0.8237265467367139
0.8076627170648187
0.7757458300222934
0.7680530702378595
0.7754603184277149
0.8052050109927894
0.8314491915279653
0.8538500064278435
0.8231627561216538
0.8262885728829721
0.8130077143558833
0.80159910575484
0.8286503049773613
0.8405789574993939
0.8487055345301514
0.8690207496442314
0.8589473502837144
0.8783651373031179
0.8854043849317674
0.894012599004508
0.9018589316331272
0.8964899197601272
0.8850614495375965
0.8899147648733636
0.8890620829007392
0.8809470920803611
0.8659878185990841
0.8797174283657114
0.8957071955978638
0.8755199200021291
0.8672963404046663
0.8714060601272088
0.8813355438799579
0.8916437143665676
0.893862577898149
0.8874830350332941
0.8762019047022248
0.8715217783604057
0.8819888335625485
0.8801340014900099
0.8764480502246655
0.8742616719612071
0.8776721187356643
0.8853924868313747
0.8647035440733054
0.8784831199243035
0.8815118803464598
0.8784175958580919
0.8580530397373097
0.8708969705186217
0.8511717006068332
0.8743049301063986
0.8570313289276306
0.8575461165052469
0.8653817992462876
0.8733604573881184
0.88872565336853
0.8971920929643737
0.8917534036959373
0.873686363101662
0.8494196682480776
0.8439726666090701
0.8507177831736203
0.8752714080281971
0.864011342728358
0.8689035396594431
0.8639446758375827
0.8753776369369897
0.8822175193117043
0.8864988589845667
0.8802313635966841
0.8621793258935051
0.8498839463947373
0.8469521463943628
0.8643949999288666
0.862239599568758
0.8479418589414942
0.8686018493073737
0.8601016083324067
0.8827944698827777
0.8628505122277639
0.8740250967418431
0.8607143375165447
0.8460440580472431
0.8178693101501546
0.7974403299776034
0.7741456177993472
0.799195891310889
0.7993203411823044
0.8118857649973592
0.8222400172800511
0.8114187004030988
0.8207902630885808
0.8556179909629522
0.8384700512332144
0.8521464950169871
0.8352855075932529
0.8692970267839781
0.8381377902891187
0.8572694732377427
0.8598975481317652
0.8114612182999411
0.8162381268137793
0.8446088356344451
0.8091024258088815
0.7986762571476798
0.7876461827079695
0.804407068154048
0.8275808366783146
0.8312023969812414
0.841294719423001
0.8484118795832071
0.858712676807199
0.8747997609185232
0.8936381696282107
0.8969625120001465
0.8942808702413314
0.8893222894353773
0.8867765910124328
0.8941088177477073
0.8969530357187274
0.888667854118056
0.8802062243516888
0.8948978048072638
