0.036786943210873266
0.03006239586215137
0.01158598484423043
0.006507727236402649
0.012040645559324261
0.01850056257626981
0.024181288418930594
0.031027328750555878
0.039260722445934995
0.04516263914466112
0.05064339927042222
0.05163150364418976
0.04861929829553812
0.04266403056761605
0.03709739239228621
0.03599603965184399
0.03391643057454458
0.033027180829574364
0.033113552929661554
0.03154529692618042
0.02914686716168291
0.026364853463160236
0.029300607179030477
0.030685414920772425
0.037758787566691626
0.04385992613686539
0.0464837989926165
0.04703871304288466
0.04797502980611575
0.050523147443577235
0.05136647607269501
0.0532983024144408
0.05717171165567757
0.05983033746469794
0.06642811790990934
0.06881662554844667
0.07126227797556353
0.07041172008879054
0.07234946951931029
0.07064833890234265
0.06880098476416494
0.0725707926506338
0.07301845616770893
0.07255132382042896
0.07309036334025966
0.07247019127089636
0.07647456294642109
0.07792018683834732
0.07494085847788898
0.0757255489268884
0.07142726204375885
0.06780795205599745
0.06846406252925066
0.06673025891251577
0.06803425591265619
0.0652671096546586
0.06681228303617007
0.06565608651467142
0.06532242132765534
0.06890632306496183
0.07023912454833783
0.0737496864327454
0.0751049491114498
0.07656534999519954
0.07514288758141273
0.07634123664393952
0.07765092636755135
0.07968420083237351
0.0782320391718746
0.07786684990494698
0.07989280785560095
0.08393413060075883
0.08596182061202669
0.08710140119228706
0.08621178423799868
0.08720055170960153
0.08628923653969141
0.08862833331898123
0.09046620232533288
0.09060375600856464
0.08795361884886822
0.09052264520371107
0.09340562997829063
0.09569980518123285
0.09521812162000128
0.09829101779460961
0.09552282845657036
0.09431406802742641
0.09382400363154848
0.09340178831717055
0.09200413246691218
0.08979603456190068
0.08831195135049254
0.09014769557500753
0.08872056083179333
0.08898076788548108
0.09079159907045861
0.0908520662721844
0.09221924524333387
0.09611839359046963
0.10160031476457197
0.10276268305091527
0.10290116591001129
0.10527925091751943
0.1033313156169464
0.10549222699173805
0.10498437347349694
0.10676405940236329
0.10768915474175356
0.10484225468923347
0.0997567224902066
0.10218891443944922
0.1003095678954431
0.10530336282489909
0.10420955642753307
0.10296172958354585
0.10180089552484287
0.10217580447359896
0.10390338960191425
0.10525482592730671
0.10345758590778827
0.10275335875718858
0.10248390056976375
0.10163412656433657
0.10504578570536696
0.10954599523411133
0.10844388927872205
0.10496943252586909
0.10628488506115213
0.10590399959972527
0.10929815550853705
0.11313538614362804
0.11561933362655374
0.11415198619643996
0.11153768154724512
0.1118301649113024
0.11130434036291668
0.11242517305167388
0.11380481081366027
0.11276523667805752
0.10974101714010451
0.10884939649576458
0.10853005964323946
0.1117229520025096
0.11319892157491147
0.1133005644207391
0.11368601517124147
0.11545009206706108
0.11765063519333654
0.11372109671805757
0.1128815115241637
0.10771186588676039
0.10551994326125866
0.10358867724129109
0.09886028384700382
0.09886145047927448
0.09746096783807343
0.09940896724531989
0.09993259572891255
0.10213619505463067
0.10597684401715224
0.10438201972027143
0.10758836144277653
0.10218009546866849
0.10218533342915606
0.10328212770574696
0.1039559176550858
0.10602268911139157
0.10611281525891078
0.10747935324527998
0.10643682029743151
0.1050040121674891
0.10618112492713638
0.10768018516451451
0.10770456604893397
0.10840978615669188
0.11107238080757215
0.11203579267454533
0.11004695071466536
0.10902278319974543
0.11174694734840868
0.1079995964739948
0.11110431718373265
0.1075493252533735
0.11000960808188152
0.11054598064878296
0.10978229219506346
0.10721689055793059
0.10465844937414437
0.10313438523580336
0.10511282213420864
0.1059127199261742
0.10872821490857751
0.10843694707697621
0.1068030879612436
0.10527698719841003
0.10378452005632618
0.10106210697583007
0.09972737303476693
0.10019537809763487
0.09834009602714892
0.09566835204793742
0.09469772542375061
0.0917446432689038
0.09022393797861168
0.09301440495249316
0.09004869972230728
0.09155511272545143
0.08809351627214244
0.0881943073988937
0.086964933966331
0.08936995158234884
0.09340896108175369
0.09404927083945155
0.09164378110844805
0.09453475981419486
0.09533538517311092
0.09217817208697333
0.09229523037560927
0.09406381937194681
0.09114151203736603
0.09265104338933727
0.08957430340430653
0.09065896785322473
0.09307925611594607
0.09189154677202359
0.09213599705763331
0.09408328240948874
0.09439020083252421
0.09247969478113399
0.09327193102960167
0.09317676642180138
0.09773792463562525
0.10197860017889925
0.09463678562623326
0.0893624740006924
0.08953446709622485
0.0890617750141301
0.09241231438534632
0.09762925988481418
0.09644331160054967
0.09543605364203535
0.09763618829194494
0.09581225638037558
0.09543227103363332
0.09488101406097117
0.0934421315326749
0.09638710212279901
0.09776384466671428
0.0966077509464707
0.09463018007935368
0.09593034464352784
0.09883949064913737
0.09830594876131948
0.10166274260806496
0.10089836101599525
0.1000749689991428
0.10079211168711132
0.09874086516518568
0.09969807326643353
0.0955498521074501
0.09683295334438995
0.09895725450596718
0.10084356063910703
0.10112617618942044
0.10426046460439832
0.10299521516094709
0.10513696903335829
0.10510536241304076
0.09918860786390439
0.09551941456134672
0.09368741509364753
0.0913525600853108
0.0929006150234761
0.09068980024749328
0.08727045585047705
0.0837599895526311
0.08117236983748678
0.08177124639956558
0.0850482727055214
0.08659944832843085
0.0905532272465313
0.09019026392424563
0.08891966330179937
0.08827213590889035
0.09005847359269284
0.08773418557449161
0.08767667535245406
0.08754924851092456
0.08844215031476645
0.0861779263128025
0.08904327743263285
0.09056244709977078
0.09053729429640693
0.09019766453320902
0.0922256965194325
0.09484830265151116
0.09523257801575237
0.095393934950757
0.09480060640232021
0.09009315132431323
0.08833833427443215
0.09061156761566484
0.09115737492417175
0.09204930772277968
0.09144709911849595
0.09379729879165356
0.09410732382818077
0.0929144424436215
0.09236938061045517
0.09128389055526974
0.09046804370132212
0.09255159155812277
0.09574895082567751
0.09623365417762564
0.09651175927551527
0.0975131974147782
0.10346983711891843
0.10776699812071881
0.10821384604879912
0.10843678612111918
0.11186877161743629
0.10821543160033789
0.1068929822403285
0.10675030337600813
0.10530059466176514
0.10247741365891168
0.0997341591243146
0.0972596808855184
0.0972258901439678
0.10046641348783071
0.09496338365616135
0.09791639296111834
0.09886002984394252
0.09146559238508771
0.09022189130337473
0.0937172907748212
0.0931323251518467
0.09720569114977153
0.09567528912627521
0.09823162318326804
0.10189896609461106
0.1059208464663285
0.11078990210140849
0.10858725022717992
0.1087473097617048
0.10709155550442877
0.11000362671925755
0.11063676638438337
0.11186830400276264
0.11344735515734242
0.11299093108369014
0.11132681173547287
0.10884526389311495
0.10679340902174612
0.10335991687757136
0.10395060940652832
0.10717061398851507
0.10923963551684784
0.11161854768731928
0.10968737063337639
0.11045981786665811
0.11110612759119617
0.11060072728523071
0.10790002988001376
0.11195986099574545
0.11095949870380352
0.11234456566108557
0.11750870791003365
0.11432419146039047
0.11287956218684132
0.10851886769637693
0.10926594538638913
0.10842060264506376
0.1062967447046462
0.10833608166712842
0.10180293046729867
0.10353304370798189
0.10241079828541463
0.10261513987060432
0.10416815872537986
0.10306384206373809
0.10173088472803062
0.10191269868464126
0.10108430645443242
0.09994122942485764
0.10258879625130465
0.10293901796235405
0.10054679332576591
0.09692806079458954
0.0975103992272778
0.09539434506900882
0.0946380139496854
0.09542888325433
0.09649775543821566
0.09853400332482662
0.0983817674542494
0.09897732244595357
0.09549787688892075
0.08944981312501438
0.08913431102417335
0.08872593435912353
0.0843389962382691
0.0835200389019998
0.0813241691849889
0.08328348686649623
0.08068747760031626
0.08324439856684644
0.08104011442981203
0.08187384744729843
0.08421575916139329
0.08596599642729354
0.0858237886884006
0.0842983888810134
0.08414809985336877
0.0823396058768838
0.08442133164492316
0.08384793199778354
0.0819578847370572
0.08422012801127708
0.08368593727394423
0.08473009901384691
0.08677716563744965
0.08735406004355627
0.08777004500362613
0.09127916754616207
0.09307536755797065
0.09455949147526109
0.09150507767834139
0.08865150260526014
0.08783299778186648
0.0874173832866442
0.08821732893049854
0.09253293393842899
0.09103829138705341
0.09005630157455612
0.0863734481387634
0.08800385473712577
0.08601756051615311
0.08754063203457806
0.08539018432084056
0.08476781162850205
0.0871440095528885
0.08756650728619618
0.08586414302984652
0.08549297413995217
0.08670193509114844
0.08721657333755084
0.08752455170234345
0.08830338701640127
0.08697100173131382
0.09012464231540307
0.08994951506579847
0.09056700742147991
0.09024528833794959
0.08633863915087495
0.08959166361496765
0.09376190177886704
0.09455392112952765
0.09876759224469522
0.09539820264716052
0.09297064162709942
0.09490231989479907
0.09475414565864365
0.09580890031415068
0.09855672707835594
0.09846387980028778
0.09945150204414528
0.0959936799636526
0.09436773518757459
0.0933701535887368
0.09266503886660081
0.09042319665877001
0.09458649002145712
0.09302152563072959
0.09395550780890628
0.09235491839423723
0.09437511427191443
0.09082778424495237
0.09351723813150602
0.09346937029860782
0.0959728771268663
0.09587360692542998
0.09408513296769423
0.09365001974346533
0.09702186961051718
0.09711254608712182
0.09434791109113727
0.0942706296490021
0.09490806918282031
0.09616001980455018
0.09825762870008338
0.09931918349896371
0.09858977499331632
0.1026169113250944
0.1007603983174583
0.09641713088520534
0.09799084528503932
0.09610631765658736
0.09898295828293874
