0.07271661051504093
0.48721911692744174
0.5465293363120501
0.611949866397492
0.6849111164299073
0.7133644468260619
0.7386821922838239
0.7764953293510702
0.7983819855944846
0.8233430182737657
0.845286043337006
0.8636610153736043
0.8773464404877853
0.8868704630995521
0.9050564741945197
0.9027632870357216
0.9063711236955961
0.9200075581150858
0.9258286829626741
0.9347210158034789
0.9362461430586858
0.9300985054833563
0.9255132262501498
0.9327216410404557
0.9392994882596731
0.9397702923117196
0.9440207576119074
0.9460425841600819
0.9432867783805157
0.9501214655680364
0.9553431190667264
0.9505663936802778
0.9533922650934096
0.9547245128333215
0.9545603131326462
0.954574663324961
0.9540056794854944
0.955556895418156
0.9549679817239072
0.9509553132420719
0.9481605100669039
0.9489298181489106
0.9463726602956093
0.9479513188749102
0.9494051990887087
0.9486616896198332
0.9441190962439637
0.9457088931994218
0.9472248362964681
0.9486850131444243
0.9473664829158355
0.9463425623516233
0.9475000490108557
0.9532155344212268
0.9517704813648418
0.9531196472846241
0.9518325020721539
0.9534567351442732
0.9558368169724891
0.955478464838195
0.9583986263703004
0.95745852039027
0.9523562958707238
0.9547176122831011
0.9552717603086557
0.9581236905400932
0.9561841712210428
0.955674917062405
0.9555075745306852
0.9513241960747705
0.9475738854505662
0.948522288894797
0.9524011498319277
0.9533295139212155
0.9532066933857164
0.9554493788505265
0.9520678483269058
0.9557895393038188
0.9531821864174166
0.9555255425869642
0.9549968341620764
0.9502967511957248
0.9499172000641136
0.947048102008704
0.946530118606626
0.9489398761897432
0.949041278769752
0.9537229386152586
0.9536131103174975
0.9531737008634077
0.9492431607125877
0.955813712292333
0.9546748120172062
0.9550588223636158
0.9552803166870794
0.9577732259873619
0.951961671265272
0.9574124941260588
0.9573314669858537
0.9565048402887634
0.9535593418015758
0.9545189088252903
0.9580595724792532
0.9567896189504822
0.9573334720768499
0.9578169040603647
0.9551289234824876
0.9551671545510289
0.9543053100012946
0.9579743839826622
0.9545616106121062
0.9526049729032233
0.9547358617642149
0.9540661091629475
0.9583731310719505
0.952547401069658
0.9536894647095131
0.952999708522639
0.9565952182564159
0.9538191360266066
0.9547082166416949
0.9563189012001035
0.9512777477030729
0.9518275769738743
0.9486175625721784
0.9484757917254665
0.9488385055402144
0.954296952763665
0.950337822135758
0.9570441655983765
0.9555492465307043
0.9533658592647037
0.9564116928352973
0.9529944250576358
0.9546744015406939
0.9555945159828099
0.958015355969523
0.9548021574293138
0.9534539143731711
0.9540302727780293
0.955465819570495
0.9527131696211337
0.9468873734480875
0.9539904999021434
0.9520086453905534
0.9551697730719104
0.9540866494746086
0.9568650777684558
0.9551512547351514
0.9551716859811273
0.954437804841934
0.9564532080780882
0.9572683514994539
0.9582077421394131
0.9595418350271799
0.9559021659154812
0.9583804604198629
0.9594270716467591
0.9549528599719653
0.9529515058965521
0.9468719173135202
0.9464792305039865
0.9479662788238177
0.9503341420311898
0.9501687663746515
0.954709864363434
0.9505839792928252
0.9547449436921429
0.9575569407389616
0.955584759128973
0.9538253922187793
0.9568448195985547
0.959093939357296
0.9577734759824795
0.9579148265418982
0.9560071623021753
0.9568678287977666
0.9550574823102455
0.9504261905663923
0.9556019007245351
0.9556223770718937
0.9548540796462698
0.95235116164919
0.9567328413833647
0.9582734811956669
0.9541173137109131
0.9522289755666644
0.9551140626453737
0.9555590669573795
0.9533924812937411
0.9497050235727249
0.9509747565406106
0.947700866474667
0.9534125163518572
0.9571965295403464
0.95245380913094
0.9508472886118676
0.9521289940516059
0.9488309396723462
0.9511157536396447
0.9514504033277528
0.9566437757652657
0.9530304087339754
0.9506388170984426
0.9555618522755371
0.9565455371992023
0.9533891677017967
0.9510471968068313
0.959063721530396
0.9588051297137375
0.9538451318178671
0.9571749059597744
0.9547419683362167
0.9554138614607349
0.9542404720729402
0.9550262137324346
0.9531500820777101
0.9542712401996829
0.9525836509578226
0.9492025454941465
0.9519688230849815
0.9544131195373396
0.9548637477689503
0.9516889320198739
0.9555068773708824
0.9524782988975652
0.9530817850291224
0.9571931496556962
0.956120484516598
0.9546061397108392
0.956206309941768
0.9528078272539977
0.9525871903705183
0.9520945321566747
0.9492542867721471
0.9479804448743189
0.9468722090228775
0.9496335674739382
0.9489954474178623
0.944797264357192
0.9460509591921611
0.9484028226082409
0.9425826707332645
0.9440429548796957
0.9440375323317461
0.9439316996931202
0.9464064470182908
0.9435747969014094
0.948110363747269
0.952797735323841
0.9569934255060831
0.9601470036980935
0.9584677938004702
0.9552362504565435
0.9561314904253834
0.9569108480105459
0.9564357747652873
0.95382947846739
0.9557500486580506
0.9563957953820138
0.9530464575938815
0.9559085446753591
0.9545027942667756
0.9532953918678772
0.950335021565742
0.9499267667799681
0.949435554137022
0.9422126740738045
0.9411333028651677
0.9441021791709001
0.9473326008801215
0.9447867524892408
0.9450370419861892
0.9485787760734752
0.9528381801309834
0.9504280563316332
0.9538021494847213
0.9510149936897799
0.9521851733260225
0.9543294003064072
0.9565758641886244
0.9585246577352232
0.954548978113867
0.9576772516761478
0.956010345236713
0.9563279632684206
0.9537801872856466
0.9549758463575543
0.9536258399443319
0.9556998269240965
0.9552303870888587
0.9500805232665109
0.9480399449329393
0.9487042690446926
0.9501292360246174
0.9489365636128336
0.947184746260534
0.9547110239351425
0.9508793101327885
0.9525146845515746
0.9529330590539102
0.9519908031230244
0.956051632658678
0.9575853973184234
0.9560709063909677
0.9544545297090512
0.9536428703121889
0.9543325474600568
0.9529106256140688
0.9546239840708325
0.9514591142364256
0.9516174327050184
0.9549090403201219
0.9497759358367941
0.9535546525185524
0.9535196324959715
0.9512976400307568
0.9558411301621845
0.9542948405858723
0.9538109637707158
0.9536842152144238
0.9533833600129699
0.9545017817155301
0.9547408400842331
0.9574226512466004
0.955633427079075
0.9570349936409751
0.953945622984086
0.9510979186589619
0.9521343851958707
0.9567471111480117
0.9557479136112678
0.953542145718981
0.958450060112278
0.957174099419207
0.9574882550162995
0.9586295299185306
0.9551918010905598
0.9560010106055923
0.9549603558268495
0.9529591454865504
0.9515701732969347
0.9513982740619434
0.9527434103957224
0.9540570309387348
0.9515562899630431
0.95434816942002
0.9549206963164734
0.95434795675216
0.9549295520312676
0.9520441409313363
0.9536947248428962
0.9546681192301075
0.9542198643071352
0.9585388078179512
0.9558967800610461
0.9534681206400529
0.9513710772337468
0.9517588801127062
0.9570761107282678
0.9557600379673495
0.9576892613121736
0.9560163697765084
0.9552112799292055
0.9580629953345656
0.9587149350575004
0.9587172023883259
0.9576529577778005
0.9565819547577185
0.9580735425243501
0.955487349576159
0.9559024011470095
0.9566187894915916
0.9558847868965377
0.9545114027821724
0.9576588851634135
0.9537854263669866
0.9515964139329124
0.9516429066270748
0.9526626399352042
0.9497283423451048
0.9504568163353515
0.9516410564205333
0.9536534117401373
0.9520822964122119
0.9483638153127711
0.9529036392296353
0.9534211769355976
0.9559709909855062
0.9592472656218738
0.9556258005818884
0.9537580243256838
0.9542811970337182
0.9590289202492238
0.9577101659521394
0.9556926568710953
0.9558793118112591
0.9550086763606882
0.9556253929064923
0.957023879004314
0.9559945937299547
0.9522743232621713
0.9436163717308328
0.9449219182565366
0.9426569616540994
0.9475774993797079
0.9436345225198153
0.9507602244035536
0.9484713621751822
0.9388691783540787
0.9441404265027779
0.9445129662928146
0.9442911811116514
0.9425214008558089
0.9440753136349638
0.9500872263892965
0.9419989850931492
0.940379620421143
0.9421179339621873
0.9449572107819313
0.9456785078228864
0.9455534529937061
0.9455407470930147
0.9506969368715967
0.9498942625521175
0.9574847507105552
0.9532613138979912
0.9512585609173309
0.9487077265761089
0.9474375694608436
0.9519536586539421
0.9514927781131339
0.9521072790814048
0.9496539015952551
0.9492039183664907
0.948881173030767
0.9514844427656876
0.9455112155267579
0.9445525752812672
0.9408960047646941
0.9416741444203325
0.9435946618612903
0.9394218791705764
0.9392494759530403
0.9434037844375074
0.9420630083223168
0.9380498014017392
0.9318367130667813
0.9386223493797938
0.9473537637962128
0.9539528312076392
0.953046938984589
0.9528201034911755
0.9539412930707193
0.9579132870217716
0.9493323214654783
0.9544905468530116
0.953864895291338
0.952142019356917
0.9589034473458925
0.9540984247575525
0.9554281473247378
0.9541721297378358
0.9590963594953645
0.9554815300199202
0.9584421911930552
0.959395195021262
0.9580701695896037
0.9548664426796725
0.954623081724057
0.9557611604305091
0.9537170414932584
0.9560227364820698
0.9551347342511892
0.9576967290985441
0.9564806562094827
0.9543798491373212
0.9581877710791852
0.9562527397934893
0.9581973996599151
0.9559783589087459
0.9549022758036215
0.9512442728770192
0.953298325899598
0.9513638838150134
0.9513777968483291
0.9525998163781491
0.9538352716021234
0.9518050976177231
0.9484793174442785
0.9453412628640967
0.9477306892310403
0.9520155765239672
0.955850026255468
0.954580409665591
0.9546205734067825
0.9563881513349874
0.954803169050554
0.9546049241842238
0.952835736429754
