0.042260077833618
0.40969742389719827
0.5273883464649916
0.5403969890403928
0.5571309194223596
0.5859464299702362
0.6151137704771872
0.614889326027132
0.6386617964466279
0.6708868809909271
0.6479185726765112
0.5894181678925916
0.605320540696428
0.5928892987469202
0.5926378813110038
0.5936421967708033
0.5787500251030111
0.5677105003056522
0.6221211009863746
0.6391803114271957
0.6292616357669987
0.6408732775155422
0.6469050079065711
0.646059422568483
0.6550322321947014
0.6833961885490734
0.6972820916356558
0.721826175196167
0.7339487983043034
0.7556066585304301
0.7600688671323617
0.7585690348745008
0.7696337582664367
0.83726540503586
0.8392250603295268
0.840319735425261
0.8708305944438868
0.9006512416286805
0.9122579096672098
0.9037503596119926
0.8904088420489934
0.9006148152188115
0.9180576604658811
0.9244393745783913
0.9241606218054849
0.9177208788459535
0.8979354636670891
0.9079309664315808
0.914294593209906
0.8909259028432931
0.8969865448512016
0.9080882847693456
0.9368391976470892
0.9378825633015461
0.9321772791022892
0.9362312671860302
0.9404585636075735
0.9363933031893854
0.9364361337770393
0.9379497141916006
0.93152915855093
0.9369716109825185
0.9329857904386873
0.9396761219773891
0.9441747362436772
0.9433189708153323
0.9431724267391521
0.9440507322301747
0.9379257987548497
0.9456769771012905
0.948050994001575
0.9455317224285977
0.9483668611477974
0.9512338053098663
0.9434673836208368
0.9413746439980466
0.9338838202019593
0.9485152490879649
0.9457335547061887
0.9425979761212058
0.9374662953567277
0.9285290763281071
0.9344724087777143
0.9438767514022728
0.9405728225235348
0.9290451755105447
0.9305469954344039
0.9151951944755128
0.9004806806799995
0.8965359000369266
0.8998717557397741
0.9164174364617058
0.9120266665426194
0.9128895598278188
0.9110844508744709
0.9277332784104492
0.9273427172111197
0.9199833567172412
0.9349703422250526
0.9357763413853704
0.9190445872999896
0.9158683447440337
0.925658722660708
0.93888920269459
0.9317201826668697
0.9270893401052469
0.9267018310389713
0.9370660760806153
0.9365989241476109
0.9232777003077416
0.9096218175674665
0.9198960794219011
0.897551685772153
0.8972776152405743
0.9025908041545302
0.9038913761623036
0.8989412066801223
0.8985810646334462
0.9088343796372236
0.9018797519098558
0.8971875582658556
0.9035026773546774
0.9042605621452363
0.913557093408796
0.9133529045442292
0.9125715342069003
0.9048486856980766
0.9102450140758507
0.905845553516042
0.917463357515139
0.9028750109933986
0.9107463111108802
0.9234064442436446
0.933786097871698
0.9358190850186263
0.935023019599198
0.9398015952267806
0.9332435641649768
0.9384353486577842
0.9422156462788003
0.9398373853276139
0.940854181324421
0.9365033443277304
0.9318668938009127
0.9337951303496181
0.9261805052819692
0.9188916548301468
0.9210254288881634
0.9138046705101524
0.9101780261905124
0.9071899008551256
0.8870347902691197
0.9016287136180884
0.8880407468428886
0.9057160454851014
0.8932575007330512
0.9150972341628049
0.9244743599848626
0.9298675964683323
0.9286323045731026
0.9338811102861664
0.9431794965090711
0.9393128108548264
0.9424671043931765
0.9408224384977077
0.9418079872910172
0.9457477317564922
0.9444833782026238
0.9406476561018469
0.9564034471900529
0.9604621312525022
0.9514273772243209
0.9490897861575348
0.9461214376573146
0.9459530156916792
0.9463792874548446
0.9415131245737061
0.9377220198808836
0.9308426592571337
0.9348073336421987
0.9253522222069601
0.9245095206592929
0.9303012045259543
0.9241256192611266
0.9225128421506914
0.9303410524483199
0.9341099765091927
0.9312506181345124
0.9407750238271405
0.9407719765242694
0.9397734404551024
0.9365844294277303
0.9267842040439471
0.9350395680601367
0.9490906882627573
0.9492946779916974
0.9456728903057067
0.9485074291372202
0.9375889082483572
0.9266775265605618
0.9345589256449638
0.9368712220757541
0.9351014663320695
0.9374368902057504
0.9513948949786998
0.9440898896873323
0.9386027297386003
0.9444891409417473
0.9448347139197422
0.9450994958317587
0.9488167380050482
0.9421583297155729
0.9432403450314805
0.9444475977871057
0.9351439301062748
0.9477098500908262
0.9463253460367347
0.9499287786044611
0.9440943207629087
0.9438032500744636
0.9504316612596274
0.9507855078035978
0.9509818266386476
0.9463123077588663
0.9478290312199582
0.9464408052009838
0.9444708979665846
0.9448150051139829
0.9413763617718042
0.9423431992821708
0.9406927996992296
0.9437016559346101
0.938953319271796
0.9374186843178227
0.9252524304896772
0.913853990939007
0.9259393614866778
0.9224682412093054
0.9254167038145379
0.9121359983067074
0.9249185402475236
0.9325893410068311
0.9411941646469275
0.9489960061213933
0.9516779882757181
0.9425422185443632
0.94606785217083
0.9415493636638691
0.9416502831675512
0.9389189005262621
0.9521625373819046
0.9500918595410281
0.9473866207412693
0.9445139707294476
0.9504734891152297
0.9418412488800401
0.9293459392900598
0.925746456229045
0.9048216794446861
0.9075164200285852
0.9156018572558812
0.9295904050826367
0.9276180884274906
0.9337657487369615
0.928966856814493
0.9318940028544753
0.9367421955703078
0.9293645058844827
0.9351893542365981
0.9461311852668165
0.9423031166192528
0.9367177271610068
0.9434736297237553
0.9417112174851134
0.9504719666764576
0.9513122213613135
0.9435665178454852
0.9416102810574455
0.9327440097057064
0.9302214617556844
0.9300225168090677
0.9350987498609683
0.9424362514528464
0.9447512826824653
0.9554947894703585
0.946060897518841
0.9379980922335487
0.9315602667744969
0.9422739020765907
0.9336532794973976
0.9412060756516525
0.9433906758135543
0.944093045793589
0.939544133056504
0.9389802269674887
0.9441329219922568
0.9448728136903768
0.9466705056500362
0.9431248036081905
0.9434683476683854
0.9353893975941889
0.9416151151244642
0.9451888561111286
0.9547240323864982
0.9563390583125707
0.9532790026220405
0.9519754415179764
0.9377956455304038
0.9474250778239671
0.9519080194978686
0.9435293200962552
0.9460912646798364
0.9466802500802745
0.9409756275028237
0.938522543723173
0.9416883466806
0.934721903762466
0.934625085453433
0.9382809149489306
0.944795493962597
0.9494392242119567
0.9480746071943642
0.9566433142013407
0.9447304904371749
0.9395063797524938
0.9425420990491451
0.9511638806969831
0.9425049572497688
0.9397913871436885
0.9350764436615994
0.9333967862749127
0.9377850981171889
0.9383431514196474
0.9369517709161995
0.9238491249989091
0.92734032256109
0.9305895188908848
0.9333793554873744
0.9221932187798987
0.9316239633479555
0.9324128481947872
0.9256776450363782
0.9245978544377769
0.9234083566676283
0.9195859419899085
0.9226715858785458
0.9335747974610644
0.9248120338753303
0.9243371305807963
0.9293304202771251
0.91761307898965
0.9247862045731406
0.9247620344779932
0.9222944689880004
0.924835943303191
0.9282636675789501
0.9058784176037739
0.9007812428278712
0.9048634584069063
0.8889128864361702
0.8838603610646523
0.8768312732340047
0.8569471955537199
0.8591052338488248
0.8494681958120486
0.8368780111388874
0.8225653027597402
0.8241768229886819
0.8101103079409018
0.8075436773523224
0.8033488036997867
0.7876335607943543
0.7936156456934956
0.7867215574482352
0.8017976218216564
0.7951683925232832
0.7832527148892525
0.7845861270027603
0.767173235387946
0.7644653971628661
0.7985659205022679
0.8347146874712431
0.8359390150949387
0.842409229587634
0.858580745699541
0.8542960082423599
0.8668064959889745
0.8573837595850683
0.859941875090775
0.8638938422770002
0.8750831536845891
0.8899087031090115
0.8801595217975404
0.9074703517705885
0.9019515946948193
0.9194399226105465
0.928843522154267
0.9207544451372615
0.9204130216684092
0.91780183799552
0.9164605727242188
0.9289931707270814
0.9215025838789623
0.9248553374856728
0.9364546678458411
0.9284936110291883
0.9174159949918298
0.9196481162236532
0.9272509618843894
0.9180227596424303
0.9014574325634681
0.9009147846531818
0.9061443798233161
0.8963559544777081
0.8922818610107495
0.8941759461695411
0.8991593299278451
0.8940933519644729
0.892369069755438
0.89352702711093
0.893237790367001
0.9058750668358748
0.9166158853832567
0.9160366612558527
0.920544657607039
0.926976878301472
0.9346359675683268
0.9367407134367447
0.9356324776115126
0.9360331302062194
0.9430334345609205
0.9364042439465042
0.934374833329314
0.9374203707580051
0.9331696343580747
0.9276034334028023
0.9340626198513424
0.9166374347336512
0.9272282317140846
0.9252181152729706
0.945157237614312
0.9471280225323835
0.9435023130376871
0.9408513584926381
0.9464669553615369
0.9400942659777376
0.9444074951380155
0.9481795467109686
0.9530905780708561
0.9463157390317932
0.9486039620416973
0.9485032852790175
0.9496367143440904
0.9462772025667734
0.954465064836767
0.9449086542600957
0.9450255683866847
0.9469104904811713
0.947270437942669
0.9412758549093162
0.9361959047862706
0.9320485354442987
0.9337171640430925
0.9382420407677454
0.9238648206034773
0.9179919237460041
0.9160098289945071
0.9179367217660623
0.9282635343562163
0.9327461427040405
0.9304146245087865
0.9333961082225972
0.9296101560894376
0.9212293534751801
0.9253898920096253
0.9298423699515636
0.9389695292385394
0.9407745836440191
0.9422843829677942
0.9436214503991063
0.9480140895391259
0.9469939916282817
0.9515342037047807
0.9402095979551777
0.9508305780095337
0.9496662980308651
0.9491789083140763
0.9534044853891118
0.9525433931064674
0.9529069241736055
0.9508789265144649
0.9439286826736963
0.9390408277419383
0.9418036456183048
0.9408960278835086
0.9314312984969195
0.9388117410426385
0.9397468032605442
0.9450322850659848
0.9477655033312812
