0.018599978222548996
0.15059465954932166
0.295751612729769
0.3867137819123934
0.4909880891691165
0.5682532510332794
0.6403371179884503
0.691336165112397
0.7403225268603684
0.7939236383344483
0.8290270038701354
0.8637264124965737
0.8779781326509833
0.8987584694632462
0.9078455119033678
0.9136208516471414
0.9016325851842246
0.9058257409573335
0.9208552910347925
0.9268467742403608
0.9271914101912597
0.9403592959284428
0.9377404703525866
0.9421877331861923
0.9495104849039795
0.9519239294876308
0.942696436308765
0.9444532926333561
0.9509460331944191
0.9542044853044628
0.9569347139029385
0.9512539716076662
0.952674869685629
0.9598075594354182
0.9554901225455069
0.9537027478799525
0.9496355098161212
0.9422236208222599
0.9481325428405001
0.9376492176726299
0.9324429148871044
0.931728809918091
0.9456882267199843
0.947943336267272
0.9549592057308798
0.954278097331575
0.9499366764123591
0.9537971965412513
0.9535862754116309
0.9474470938671464
0.9476124002738736
0.948937713304483
0.9525658290218295
0.9470736588450329
0.9453561447981619
0.9487688083617014
0.9444240856709536
0.9445124883101523
0.9507141743807919
0.9564841858085901
0.9532509748837833
0.9511773050931104
0.9528290720620856
0.9501525179487951
0.9529945868436479
0.9541330040610378
0.9549172686405565
0.9565997589025567
0.9531057488392096
0.9504635641361301
0.942063870955448
0.9415662657163719
0.9453200828017658
0.9410516083709524
0.9372200641221908
0.9238556457118907
0.9263465854369926
0.9398596009512266
0.9425373385832315
0.9445306147744101
0.9486219267427944
0.9437024361604457
0.945356398262831
0.9518370790848469
0.9560243722190329
0.9494546510134851
0.9517613380476939
0.9513739053084891
0.9494854918887891
0.9513514219908422
0.9469540954325573
0.9401598272141185
0.9391266593801567
0.941541717447784
0.93897918874377
0.9522939957430789
0.9520160104903682
0.9525444903635507
0.9537632261962604
0.9531458362222447
0.9535323795505986
0.9493286451690626
0.9533433846733896
0.9558206793111168
0.9553807430762318
0.9525065673112413
0.9502909654419598
0.9454786553694318
0.9451172000598651
0.9489107332275464
0.9493540666753808
0.9492785430787272
0.9511164609071169
0.9464824061789334
0.9397053081823732
0.9379950515759476
0.9420930861540594
0.9438984272577718
0.9401112103464536
0.9498051063080936
0.9417659297348245
0.9402485324485872
0.9418393461579601
0.9359511985969761
0.9365878722512126
0.9406866992168502
0.949234235549308
0.9527181009326747
0.9459056819457765
0.9452537252636306
0.931751659224362
0.9484776251559316
0.9466431169529628
0.9498910762360653
0.9466940460083821
0.9518905689261256
0.9447680415888002
0.9526848766118079
0.9460103393864273
0.9448516940775797
0.9496491748059945
0.9477118779564209
0.9552015243931626
0.9430866813870458
0.9507206413714282
0.9488058477638984
0.9434737086683918
0.9438930204371464
0.9433445804589538
0.9425793973576728
0.9412703529651485
0.9459945653739111
0.9525323032863802
0.949910073698495
0.9500536284177405
0.9456193106573624
0.9439774298709379
0.93757399453121
0.9359457248300784
0.9337384771533344
0.9309077082532223
0.9374148630205281
0.9320313370334883
0.9225331174068454
0.9253345668272007
0.91415238571207
0.9221826519622868
0.9107490097883368
0.9137141883989326
0.9048848784106005
0.9202636973761302
0.9361037196279197
0.9301831825406985
0.9348588620106166
0.9315371386346971
0.9286557825364891
0.928775850118515
0.927894152851013
0.9271507816750982
0.9198864196986201
0.9283761071914773
0.9300076953095991
0.9386861003282909
0.9507227767247985
0.945366739427834
0.9455746964571402
0.9434524482814262
0.9485073425206954
0.9434823175587225
0.9374580448536458
0.94269250801128
0.9402515025654321
0.9379161443770183
0.9357221126880146
0.9439984271859998
0.9463386606694981
0.941345458019877
0.9428027272539349
0.9392477662286498
0.9382165883036575
0.9449390860145824
0.9511415941402613
0.9582484196467906
0.9546268086202799
0.9497335835064931
0.9460130457516576
0.9472528840573009
0.9469471676267626
0.9426494115025547
0.9457792866685644
0.950898938045273
0.9531617299000275
0.9518425795734601
0.9540154302306112
0.9539827217394496
0.9522542198499422
0.9494767553525844
0.94866453115603
0.9473856597156576
0.9577560766386451
0.953899481244413
0.9499919646105428
0.9487998619801
0.9509010389040562
0.9524222187077616
0.953872943218158
0.9492897458540966
0.9545494609777477
0.953811697349767
0.9563154803412055
0.9589034456995763
0.9552665028925081
0.9549059282296085
0.954415161197766
0.9522335655235603
0.9557926973893469
0.9542598636217032
0.9499233876762913
0.9536357529931628
0.9514743188052953
0.9534399755949301
0.956228762694857
0.9520323758126608
0.954291834733661
0.9503238175040641
0.9467615227416741
0.9494516497093863
0.9507036254012857
0.9575988959479448
0.9477487338130249
0.956459215796624
0.9568612946123383
0.954353615386793
0.9587949766512219
0.9572376744941536
0.9521883509142689
0.9562786221884232
0.9551923148931404
0.9504341595028928
0.9543106826771691
0.9512865493767455
0.9535405297909108
0.9557905690274389
0.9577411607252257
0.9532409954687667
0.9591309376225691
0.9587344966528963
0.9571784901139948
0.9479727166191154
0.9493905941541172
0.9464380343241806
0.9514870868969983
0.9522066918395905
0.949029392073801
0.9506999561291045
0.9545888971774328
0.9544339811438861
0.9545958194652648
0.9561071196741675
0.9520441871099787
0.9496672135736876
0.942111987659437
0.9368803291936392
0.9469075921971608
0.9463382751472804
0.9500959655369878
0.9485673186136109
0.9459241484852547
0.9492425148031873
0.9510138599990033
0.9460617955526707
0.943902328996559
0.9405496455841118
0.945593161694101
0.9402240149279468
0.948019422000862
0.9539595009553383
0.9462827680906953
0.9502983151031601
0.9424485246966368
0.94270150593211
0.9473561847120533
0.9496045903150856
0.9540582483416769
0.9490216049076885
0.9429059868421108
0.9344618176196953
0.944873506920781
0.9397197480642105
0.9392335596088223
0.9290437421862079
0.9342390144068068
0.9332410607640926
0.936740891949077
0.9415484315615916
0.9440940967061505
0.9426494408536974
0.9519089377936563
0.9563442762974375
0.9548240504071692
0.9531931661249124
0.9541530570913239
0.9549710103488152
0.9521213921141116
0.9516745272340771
0.954541679677092
0.9551862440771657
0.9544027231755391
0.9554982886087944
0.9519217310775928
0.953042897531637
0.9515948176760559
0.9547042293517842
0.9568558410361838
0.9571990080500548
0.9551485049871018
0.9528254768659321
0.9562230094991865
0.9471664585838651
0.949683888927872
0.9562392677144743
0.9492358505533187
0.948429043766645
0.9452406526053321
0.939188348734294
0.9409510447720689
0.944549337333072
0.9470685666294785
0.9437550740999928
0.9448919975986652
0.9406899092559726
0.9430987757718153
0.9352465331430136
0.9424310514804433
0.9383874770694646
0.934335685367005
0.9298983496645363
0.9279162081108329
0.9447446321303717
0.9448132179123521
0.949232775270594
0.9514955760094735
0.9460053139578248
0.9464445219935265
0.953222019746742
0.9508212276193017
0.9443662889415468
0.9410429837794824
0.9408391497037678
0.9340199768961976
0.9340299229560594
0.9369644807204331
0.9179872106523792
0.9158565931296521
0.9223119780701539
0.9255690896692985
0.9314383604061769
0.9452773516981523
0.9334800342936554
0.9372722971169538
0.9371991424441592
0.932471029384601
0.9384796075540311
0.9365236947475273
0.9375439512648238
0.9367161404732945
0.942564377571841
0.9465456680211752
0.9504771048886513
0.94968167179877
0.9514610716050498
0.9506260545333665
0.9479096819533828
0.9448865032601825
0.9427703665805859
0.9497153615144428
0.9503627004222199
0.9446792930482106
0.9429620276927838
0.9365837638569486
0.9442328941003626
0.9403096643868626
0.9397731027522227
0.93939891371355
0.9403646754552432
0.9428659585607311
0.9412740640923573
0.9352924583283779
0.9340189699651633
0.9330499521896292
0.938078594788225
0.9359952092571411
0.9383303094350806
0.9351371028420187
0.9453694578544367
0.9433979209562586
0.9481213164816549
0.9497080757806411
0.9491952437501309
0.9403199759707523
0.9453049475333513
0.944473150276732
0.953797470829152
0.956594818767023
0.9547451163218947
0.9530496153551057
0.9514254561908976
0.9461611799565697
0.9495986709010835
0.9496040088070218
0.9501877667385157
0.95186247976827
0.9473488925740983
0.9497200536954803
0.949584145003288
0.9510825589692504
0.9509653103404532
0.9533924590382782
0.9481184760470225
0.9482358656417104
0.9455411809291434
0.9378898416727145
0.9369809586958954
0.9323071206282827
0.9255230592758111
0.9334384345843718
0.9361742346486555
0.9348333064727212
0.9373924878277369
0.9378720515594675
0.9350208839546116
0.9414141954884828
0.945175905233004
0.946323076146856
0.9452790526695933
0.9386509922022102
0.9424813734916527
0.9506777365250959
0.942073761880108
0.9306766696759119
0.9468448651418291
0.9478556923306034
0.9447322105760373
0.9453857977106459
0.9423383076735978
0.9416372279159103
0.9482464972929256
0.9491784182454045
0.947268186126278
0.9478254367210288
0.9496384899628915
0.9460450021889433
0.9398333331324635
0.9490759725182851
0.9346221870906013
0.9329831895650194
0.9406727425959202
0.9269628136138588
0.9313193513455083
0.9255886409996373
0.9321151276138845
0.9421548895575007
0.9389410819866716
0.9413580179609428
0.9337310951204145
0.9394772110702361
0.9336672304773661
0.9273500463743847
0.9275692517137235
0.9318025759880945
0.9224794204398232
0.9128420193141246
0.9062823726004738
0.8977595610488536
0.9101400840012756
0.9104270660258795
0.9239508021265859
0.9203756697998025
0.9124532472071617
0.9144778120635584
