0.023900584252906226
0.360040501066517
0.4448612277658684
0.4712780963510077
0.5283995792471956
0.5626686974021865
0.5995826915927668
0.5895222933699172
0.5764120900409748
0.5937821877361252
0.6417855614895422
0.6157998076937744
0.6054242663891203
0.6147167817947722
0.597919611550041
0.5855164222190479
0.6422654644792842
0.6797613852196505
0.6400403130923115
0.6677101396638272
0.6734159106845634
0.6425319010691444
0.6380177784405802
0.6527608948124615
0.6594676772239176
0.6228240254840555
0.615464459480114
0.6064313578019974
0.5994704919712042
0.6085675933964766
0.6256704379767072
0.6194246644415831
0.5908563239587097
0.5766998694422558
0.5599468181195119
0.5932407010224696
0.5690181625252071
0.5342993958736897
0.5357378765262916
0.5250963962697001
0.4869000564551351
0.4774933367694265
0.4642358076596996
0.5093031126937081
0.5363068318577042
0.5680606708693552
0.6222326132267387
0.6225272697556684
0.6249791679135508
0.6390439737714824
0.6134670494243056
0.6399029488504039
0.6202926927393616
0.6082310919071561
0.6270573921155373
0.6195450425710708
0.6020459839976386
0.5776624463672011
0.596368556343976
0.6459230106012931
0.6310731304663826
0.6452479270988558
0.6107572101238946
0.624634640183457
0.6375391388399294
0.6634339219658395
0.643977946914533
0.636360408785233
0.6440137036189018
0.6394465567828028
0.6081070161376628
0.6084593980639956
0.6163897743167048
0.6392664144493474
0.6356421849453656
0.647810092243248
0.609472292568345
0.5968970513899673
0.6360289879230571
0.652122115210665
0.6440014449831152
0.5717094466649956
0.614379457037087
0.600579455413591
0.6501809142783719
0.6151585458698776
0.6372840060408936
0.6679287376912755
0.651948631783171
0.6534319570614875
0.6503624053423364
0.6454784657349807
0.6257746122986492
0.6380207673371532
0.6287601544539386
0.5767964245661525
0.626037901145803
0.6516811471974581
0.6608403821049864
0.6257505014748737
0.6486707258594272
0.6410731798623976
0.6357232460036569
0.6271890006419722
0.6530931796254351
0.6164916875434594
0.6212462861562755
0.6355986824567269
0.6310985218709592
0.6176630436721716
0.6371822581779535
0.5943687796398593
0.5802164382841275
0.537001189436519
0.5407712918639778
0.5484878452453027
0.5541622394550171
0.5332285253642679
0.5098305921810292
0.5709499098483616
0.5598412813889914
0.5822604026783048
0.5507395291685131
0.5829600405896208
0.5899847019880473
0.6055083039426854
0.6156475518252129
0.6146904101769909
0.6129581706432731
0.6228831864874014
0.604555283563952
0.6092753957822816
0.6498577737167648
0.6392382919408741
0.6078604162614081
0.60159587143415
0.6043968904204535
0.6144404259468061
0.619768440197662
0.6077881822179382
0.61757045204242
0.6099807923921331
0.5596873187770094
0.5762302104110738
0.6312182025188927
0.6221596733488285
0.6261266905438185
0.6432478635877671
0.6501096489298166
0.6445938888164073
0.6258463470024277
0.6522946050469266
0.629977665882988
0.6428505762026285
0.6249001262457067
0.622435361218019
0.6097188522954531
0.6308618768792265
0.6062026414407273
0.6446390291777679
0.6323011322641554
0.6502964198201823
0.6022179806129024
0.647418780164791
0.6345485636920752
0.6246339808812397
0.6260992859446874
0.6174182491895088
0.6189469816470539
0.6408806663166027
0.604243725200274
0.6131587303462799
0.5703486060645249
0.5713936087203874
0.6002734899819666
0.5568006343481023
0.5744399385413612
0.5703801249771311
0.6431147127275271
0.6312302939200439
0.6444614886483997
0.6257007995766443
0.6304978779369866
0.6210959988267528
0.602470399569001
0.6282942314898619
0.6284208113324948
0.5864111896671436
0.6080471061761101
0.5845995112467892
0.5920491713671109
0.6118749446082561
0.5956913897173354
0.6073902216749548
0.6141515610879245
0.5892065560489783
0.5494982291394808
0.47755601260172076
0.5115973238486848
0.5217239179739412
0.5250656222840694
0.5263408380319835
0.5771986435474148
0.5809804336303211
0.601364986071315
0.5915208332988678
0.5541137263996009
0.5231391248205863
0.5289875858118428
0.5394058661723732
0.556122560490884
0.5233763071646832
0.5341554924005096
0.5613697962452087
0.5522918119141591
0.5759076336309914
0.5837825251377383
0.5801310264429684
0.586783703651254
0.5860987558190907
0.614103325201892
0.631388991999425
0.6339323406789931
0.645865241780066
0.6520731927852415
0.652020931229358
0.6146631464017736
0.6439071107748533
0.639484500416176
0.6797500059071505
0.6534824335219963
0.6578025624969412
0.6425255496158574
0.6384246167452452
0.6220392795231471
0.6410989572141385
0.6610812699242385
0.6577173186031172
0.6481260096369598
0.6709747758833301
0.6287944570016955
0.6350079473755189
0.6178649927007561
0.6286647078078578
0.6216465372821341
0.6163285554756822
0.5901137563338384
0.5721465042572126
0.6490018763467144
0.6591616271080948
0.6351366616723334
0.645041607919066
0.5926809425918189
0.5941397550535051
0.5970226795663311
0.6183100780696403
0.6490809802378961
0.6575558653806514
0.6523362981627361
0.65477152759323
0.6361368661144301
0.6486984115018459
0.6499165688617586
0.6374219586675006
0.6188983932019784
0.629715630023406
0.5587288913487646
0.5290804948051151
0.5520296656303854
0.5962235948213268
0.5925906623989011
0.6064829360826439
0.6229549184265629
0.6002445617032923
0.5894310796235589
0.5576621054804456
0.5109913334283515
0.5058072579438901
0.5537000361367697
0.5289371411576438
0.5489817838532406
0.5763593792702838
0.5528012810727994
0.5703736202586114
0.5787269750628173
0.5982786045436529
0.6104569330033084
0.6153966466425187
0.6669112882508361
0.6418048997789336
0.6247592826854939
0.6090372724661836
0.602627724899667
0.6043972586487865
0.6310067910316796
0.6315059701216362
0.6492281162792543
0.6436382889801748
0.6603672246390224
0.6275593027838521
0.6418196407569179
0.6240637719110435
0.5922416795642388
0.5971162448461955
0.5913074830555671
0.5924331299643691
0.6215060049006281
0.6471347808918563
0.6502230416077224
0.628864535695993
0.6290930536949247
0.6441179203103932
0.6371898444770955
0.6262365545620934
0.6224446875321101
0.5966510444373694
0.6123869559393669
0.5952085457275077
0.5868129650303874
0.5730791025541403
0.5724661617498601
0.5822388743902909
0.5941536822454885
0.6081271468648207
0.6357535103998231
0.6202900396031247
0.672824945548829
0.6404898309293711
0.6238070592510652
0.6431305093664533
0.6383159907687773
0.6332961791340093
0.6195839142341677
0.6285114067341174
0.6263816291389933
0.6232675146535125
0.6040760418762938
0.6349696933976502
0.6193361778125409
0.6454853893067624
0.6240065476979137
0.6085384260107121
0.6057165724283309
0.6027820070382439
0.6048053859416634
0.6519574873812163
0.6354614906148032
0.6377754574964369
0.6407493663263073
0.6561812154673441
0.5897227066076228
0.6144374510507251
0.6236128357114942
0.6319407362481444
0.5995485753992761
0.5437412197390487
0.5460890549868314
0.5574151346382256
0.6014881215325694
0.6039947463755521
0.631754280879496
0.6379480849527871
0.6198208497350377
0.6095416289793275
0.616202827097283
0.6141885626483692
0.6283851611033551
0.586293144986949
0.5400977749735362
0.5602363589613965
0.5634437100035173
0.5786747506455996
0.5666734912307388
0.5124300650262761
0.5566439017791751
0.5730374207522264
0.5941266697750777
0.6515006895784226
0.6370527458105714
0.6353599041953013
0.648247255410176
0.6494883102901005
0.660511818058596
0.653437771717134
0.6413231274769109
0.6439155926260924
0.6653221661041077
0.6478790680084285
0.6555136236015621
0.6119495463002009
0.6139509783583329
0.617145415390522
0.6462267043581476
0.6524268918374775
0.6550292817253021
0.6610739107593933
0.6176928941957878
0.6132772965232111
0.6229865641541203
0.5911750484291715
0.6226990796548723
0.6256731051286447
0.5939742231322246
0.6207382206952179
0.6055116277962965
0.6239885546992713
0.600390880809203
0.6454616834654239
0.6619249948676098
0.6300931702998847
0.6483408919448546
0.6355416880156592
0.6699969501430285
0.6511419683249274
0.6359955314501726
0.6166212975291728
0.5894284251598689
0.6389417488171295
0.629987019981323
0.6629533168886537
0.6676961639728588
0.6646017148588111
0.6258148597404682
0.6290476776168945
0.628275990383869
0.6090296046897228
0.6428590978987546
0.6502795373608243
0.6176606017569154
0.612832890968612
0.5920270700255512
0.6408768876468269
0.6076928029678978
0.6021397203180162
0.6089282600228646
0.6044077190449384
0.5777820383297327
0.6036407236438491
0.6063199944911629
0.592847352024864
0.6338875841296054
0.6349390147630042
0.6278344996507986
0.6337018005340717
0.5923666933596028
0.6284500485916812
0.6413069642829153
0.6365681048517832
0.5899780359719013
0.6130778943792613
0.5997462935116713
0.5810998764210753
0.6033877595328603
0.5754019953883459
0.6028725369263881
0.6142778373350343
0.5870160036952443
0.5910773989518117
0.5950656540929025
0.6130653284831774
0.6259823402083913
0.6578007955690907
0.6494359847106277
0.6527428523628799
0.6725886395507137
0.6434104148094286
0.6243399590603653
0.6241754225794462
0.5912726418320892
0.5803230606498347
0.5630729470834558
0.5728495499641908
0.5993774370609963
0.5951676010282873
0.5839544841456697
0.5925169436609826
0.5958221232027489
0.6341318757681689
0.6229668256090631
0.6475776511140661
0.6058703273073917
0.5857756301980417
0.6297920760496757
0.5814266745153933
0.6159649737657099
0.6418782847803405
0.6592501816256537
0.6648936471670244
0.6239449932256363
0.6225229761966239
0.606659877885803
0.5983184145634656
0.6029430026792943
0.6141226496127878
0.6301415297545551
0.6657985096497003
0.6440256534185084
0.6247991857654838
0.6223772328559691
0.5664981539061155
