0.06430566861317902
0.24552462003149766
0.3019215577932257
0.3464696725151331
0.40028485344888
0.4362007331695192
0.4283094284076851
0.38170185411410806
0.38559804935849196
0.4219552071248751
0.39018125763120154
0.3927706003716533
0.42609170934886764
0.37129520609439837
0.4758259016579003
0.41296715864397787
0.3574843760660075
0.40680432283460716
0.4298940005860995
0.3500836437593098
0.3081755418169878
0.36498331104683335
0.3551692137292433
0.32114832757662726
0.38180386521120824
0.3763915645464877
0.3994927743356932
0.41556903777386994
0.41813851875996694
0.3637794536763436
0.4294594430946989
0.4930817778586199
0.5177575257491509
0.5683378344169234
0.5697991451203562
0.6168075899102633
0.607461976410774
0.5810180735525802
0.6322975368871676
0.5179265269461648
0.5801472872777311
0.5796753576162245
0.5391564932469747
0.614118204724195
0.6627299880316057
0.6837296414595755
0.6536337865137382
0.6326238583448106
0.536110289439877
0.6059871741472544
0.6152615514399185
0.5726406541585188
0.5397968636147714
0.5256852329716537
0.6177362729482304
0.5390476792419492
0.530906292227164
0.5353920532147483
0.5714280171710405
0.5607971259325841
0.5806474572023158
0.5797524281405896
0.5841070312170766
0.5364785217172122
0.5866181591568085
0.5941119448623317
0.5746418979949434
0.6538116867983053
0.5737981961353958
0.6243626568714238
0.5947997611723015
0.5538227726721122
0.5263812005528854
0.559405221043095
0.5653912994584422
0.5514172608722474
0.6285490419191604
0.6366462580314843
0.5255493369964813
0.45925809733998474
0.4900974900522222
0.4625842201141204
0.5285934199078215
0.6053896652656428
0.5874065473765442
0.6097317679599105
0.5927342583636687
0.6282802891972283
0.6425268039401958
0.5776234242845569
0.6177779359679567
0.5556470207067378
0.5826641336045192
0.5035955167842158
0.4573712102803642
0.48363448343947674
0.5397354078973393
0.5024907232751288
0.5325438254038967
0.5939705040854512
0.5864505455504179
0.5463727176598864
0.5331396367946973
0.605425163250436
0.5597981072171486
0.5935418103809116
0.6097906935004679
0.6242460987067243
0.5865596055030851
0.6364935722921212
0.6284979584853316
0.6193239953515409
0.5937043226260944
0.6445285638109275
0.6141521430537703
0.5696554777522151
0.5557072830162226
0.571420535658114
0.6300988168209395
0.643598551932771
0.6005933125657541
0.6032647346741163
0.6094452829187338
0.6387687976623144
0.6062291595130476
0.6532849419743194
0.6407338856454138
0.6108917140867457
0.5678737216961931
0.5155505809300481
0.4867207315926379
0.5463005584825774
0.5176330562841932
0.511156454739544
0.5251067058120079
0.5225867296204654
0.5062311281452195
0.5125139833673946
0.5170456784112344
0.5554185392129128
0.5032543205643288
0.49860333414272295
0.6084313714108336
0.5264024636160604
0.5068578606028971
0.537840743021873
0.4868917796030073
0.5456123812154159
0.5554245776839748
0.5840085765948432
0.48702456854383996
0.5629408823749606
0.5310330847393359
0.6027479665862959
0.5699109926398314
0.5744839945363371
0.599430899643848
0.5810593404377848
0.5538124352163291
0.5451589328606657
0.4860732627165574
0.5056097356364447
0.6129792618355231
0.5938055056925673
0.5782282842117514
0.574177219066469
0.5745695311067691
0.5316414571483113
0.4962491836456584
0.48629163539706893
0.5607753126015937
0.5933222956471197
0.5821684155682749
0.6033196173409351
0.5947180728531688
0.633536132202078
0.6723519451718496
0.6209155472443412
0.5974592341375421
0.5350967765397261
0.5402371979401369
0.5511904187954009
0.6034462016791482
0.5840518936672491
0.5570515122910664
0.6146571931092438
0.6642947808305868
0.6119815502747129
0.6445784383642504
0.5832247686997135
0.6036440918045688
0.590513738295819
0.5440802301884664
0.5396875589154055
0.5973184426988031
0.6480166454382624
0.6894428048625623
0.6564778346350817
0.5688757049499922
0.5821617684695758
0.52322142810595
0.5975684870046376
0.6300367819147068
0.6161584824056399
0.601837282381832
0.6876442952280954
0.6094858841220481
0.6231744011762544
0.613589812211138
0.6272500100956547
0.593028109198609
0.6138297281907147
0.6035577084163123
0.5802549745140902
0.6474563162719468
0.6229940719639159
0.6319280922251701
0.5837215952796241
0.5956255930779528
0.6166763311946167
0.6061573597831386
0.6229876905189634
0.6301761501607237
0.5996134682261915
0.5612578885536788
0.5466042074407942
0.6752827097993727
0.5922800498500276
0.5802188280869314
0.5465231805987673
0.5412257366406659
0.6036618763361564
0.6317349613983327
0.5773992149163809
0.5613424482749986
0.49082970070590765
0.48080544552451526
0.5348888671878516
0.5111565701544917
0.46208144439651977
0.3845807542035865
0.3640295489741745
0.3896845177996316
0.425413619239448
0.4873507803846002
0.4874960376758859
0.4310661505474413
0.4794579964094619
0.5201092786955618
0.5432820865512311
0.46748430210443453
0.4468582873690085
0.5584861711136268
0.5495516475108155
0.5348553716610793
0.5110216389675025
0.4920490875208305
0.5219229922346487
0.5719971319157401
0.5821421548984298
0.5671496778983267
0.5269742253666837
0.6100768423683736
0.5923606393633966
0.5973630043742642
0.585012590316121
0.6140679746348477
0.5553585368811058
0.6010447370521286
0.5440010485351319
0.500385825541944
0.4999806269379892
0.595549931245745
0.5303428664299072
0.4687627752278554
0.3661714685876819
0.38047115999619324
0.3943569916242579
0.44768074065982916
0.29623342411660175
0.31227540821132216
0.23326507151212822
0.25878407916031965
0.2173869671686461
0.17723343662057503
0.24632105530088733
0.43562772408417266
0.4713390797637097
0.4045754277449201
0.44737028556248437
0.37160592128888303
0.44953420004363587
0.45294319441299624
0.44840112248380465
0.35040904868595735
0.38677227430827693
0.3928562559507626
0.26801056999234796
0.32631317340631977
0.3075337914143523
0.31819849753520296
0.4440782768631282
0.497155216809517
0.5666169416968735
0.5309756752891472
0.5064644992707693
0.50146843153163
0.3695914800581327
0.44109450140153267
0.46191464107414415
0.5643894877262726
0.5499148615116275
0.5185902318691488
0.5536840915085869
0.5678839184420195
0.5691565416294656
0.64682295154916
0.6328588160406747
0.620397785494922
0.630965109204294
0.5781726054332634
0.6121675257298084
0.618197230981227
0.6091808395545053
0.5838123734004297
0.5402673267113998
0.5247125926153772
0.5167910111798663
0.5505986585312315
0.5201327888508329
0.5233759630558675
0.5400902884157448
0.5377465566165721
0.5301249060025658
0.5007223822882795
0.5442332497766561
0.5235097448566078
0.6271142197577776
0.6108834039622885
0.6092131780775157
0.5451853602685647
0.5394601759931281
0.5984666727215121
0.6293501806068954
0.6103026491143515
0.6505348592722453
0.6754623150469119
0.6042877890361924
0.5869835639410707
0.6183644007797051
0.5998875111953257
0.5839841868299618
0.5569512480443195
0.5062828507789862
0.5659395893107816
0.6250503078563214
0.5615970282639539
0.5777327154417337
0.5600165451176846
0.5738344627918568
0.5550569161662844
0.5272035419974173
0.5319796450094081
0.6308924987116509
0.6191747659779849
0.6374318237746256
0.5740159724347619
0.6025908537845208
0.4901221868862361
0.4993057872397849
0.5126073334137067
0.5040415165539969
0.47096254628091483
0.4778737553633009
0.42511422050779474
0.5281092067596371
0.4610340781938455
0.4095381468854675
0.32969537559275225
0.3509055295958145
0.4192859127230803
0.48502295143556284
0.4569514893354468
0.5610112567837655
0.5455562740359995
0.5164180962611459
0.5205284279578396
0.5538008589400939
0.5320252299795649
0.5631988165105559
0.5607089929913952
0.5541680271365902
0.5224076917103543
0.6088939937190427
0.6855072309973161
0.6140204676606671
0.5860874434662692
0.5690851371459626
0.537525929488226
0.5921361419861182
0.6190942310786467
0.614217456337534
0.6134005589046463
0.6046635330544736
0.6428323909776523
0.6222566556356238
0.6203014842473816
0.558272080397944
0.5934427561467366
0.5539238008953836
0.49618819828869065
0.490519837356614
0.5091748201122991
0.48950579869995425
0.5404144787510622
0.5273560727752339
0.5309377888394213
0.5369251055601176
0.5325370645560619
0.4861958961503591
0.5351602630947186
0.5488245624849708
0.41307769161903385
0.3760709147980811
0.29713299650869013
0.27918358427344403
0.39312891849017867
0.46244883619830046
0.5702737537047489
0.5772043395544062
0.5485698237146978
0.5395108036800108
0.5558156301120976
0.5297589598443944
0.4762258947139199
0.44264040823801065
0.4637921652889882
0.5273230042825634
0.48961932148522724
0.5291279093130858
0.5361325430616215
0.4639465168364203
0.4177375862873249
0.36850968737733
0.3010387626535345
0.4272093181442414
0.3575443691441879
0.40835049273952656
0.43457249023229466
0.4329597587006739
0.3137750205407188
0.324259865935023
0.3220144143005519
0.30966458841470434
0.2788385207843867
0.16727736339287697
0.18697793608506172
0.17989463090831348
0.16899889787132155
0.16319354849218753
0.24172175862503173
0.21175826013360852
0.2232742269661472
0.191890516439957
0.2700044337567302
0.1882917853114104
0.11665598549438351
0.21270302772219693
0.15626762551865508
0.16427766604785696
0.1650964965597463
0.15183288828953023
0.1638093310937517
0.16594678505318342
0.18076885360948408
0.16816348617301563
0.050100791245546165
0.1772292873434106
0.23660669934192166
0.2109664870267347
0.1535740193512318
0.1537908651607642
0.19728162794743392
0.17236300958026002
0.24244350522027117
0.2142948866758926
0.22946968729619804
0.2586124765735109
0.21559480017862073
0.20548604857303077
0.22591179113856155
0.22557077357250563
0.29386193105055003
0.32920180344015454
0.41154362080591644
0.4347702470508843
0.45425724735669976
0.43483663236610554
0.4654173485498506
0.43411417376376893
