0.10286312109173798
0.5507934243792505
0.6541202577722289
0.7110703963981835
0.7758711012314278
0.831839106126573
0.8665936449017392
0.8903148496763833
0.9083444057448935
0.9209235378902215
0.9314044587809774
0.9417454733062783
0.9491534410941367
0.9569612189472032
0.9630143118255714
0.9666126753236974
0.9718873584554146
0.9750727607481604
0.977495296691732
0.9802913510348483
0.9825920625265196
0.9842671564991923
0.9866184382746863
0.9881796467457186
0.988916722589946
0.9902233229757235
0.9915295170558645
0.9925859666024754
0.9934435540601544
0.9944465509183648
0.9950178716834699
0.9953980688360909
0.9957506431806823
0.9962488349617986
0.9967408727713509
0.9972343565463644
0.9975068526303095
0.9975272402635449
0.9980230253557489
0.997997623367971
0.9983424405614463
0.9986327585041864
0.9987978582850181
0.9988554325819831
0.9989340005310111
0.9991298021508717
0.9992665933881342
0.9993807831429793
0.9993786531213089
0.9994129529603347
0.9995060086732189
0.9994603076524782
0.9995125639084592
0.9994752171026366
0.9994740282700882
0.9995235000489364
0.9995486371908263
0.9994858676690952
0.999469528011186
0.9994219074126445
0.9994284172518749
0.9994740065017749
0.9994620674073019
0.9994667140670034
0.9994198197580709
0.9994500647182429
0.9994854485015088
0.9994871876064112
0.9995083993013736
0.9995148393031525
0.9995466842562567
0.9995708944700925
0.9995336844285401
0.9994968781085811
0.9995078129156063
0.999450861554613
0.9994528212894758
0.9995418511080307
0.999499071459277
0.9994652350589248
0.9994946533105438
0.9994054665575853
0.9994305608402265
0.9994472842024735
0.9993782603703419
0.9994009734323377
0.999423760327024
0.999410671734367
0.9993661974091099
0.9993573385113577
0.9993442254185602
0.9993696289328409
0.9994633944681588
0.9994489907304043
0.9993889258249611
0.9994747652734091
0.999402616917487
0.9994059893955323
0.9994113163587018
0.9993982200485958
0.999401189575623
0.9993728600642833
0.9993973961724782
0.9994247727773482
0.9994646782271468
0.999466953324555
0.999411194811136
0.9995094032290619
0.999528998050737
0.9995329805042743
0.9995203509465141
0.9995463761281183
0.9994961575370127
0.9995510718300578
0.9995419560780741
0.9995249102519003
0.999558108254715
0.9995058665587938
0.9995249169180309
0.9995589610130269
0.9995704940741799
0.9995501556949656
0.9995305535809004
0.9995586270466023
0.9995173032298538
0.9995307437984994
0.9994831442358963
0.9994291164177398
0.9994720714104757
0.999534513099218
0.9995258540454391
0.9994943057077533
0.9994855404895945
0.9994614462020733
0.9994229947504152
0.9995281737911086
0.9995277556802208
0.9995357737280647
0.9995440937470925
0.9995511094389848
0.9995182585450296
0.999529922076509
0.9995234819022927
0.9994747258765139
0.9994869345331081
0.9994312136867032
0.9994437896134083
0.9994492693586958
0.99943468135579
0.9994260348143228
0.9994894538934839
0.9994941421583314
0.9995746033604824
0.9995469623360421
0.999577709210597
0.9995390454581556
0.999565892747311
0.9995383032182832
0.999556507019786
0.9995253890462507
0.9994346493421099
0.9995115280927194
0.9995188288504746
0.9995189920354308
0.9994768427555352
0.9994864811203314
0.9995299523337218
0.9995051167468796
0.9995102136145433
0.9995234257315311
0.9994702787437251
0.999549378936969
0.9995243257117232
0.9995093504560226
0.9995397791147737
0.9994556559689445
0.9994728531092587
0.9994209313138321
0.9995159337742751
0.999455945513821
0.9995079854113111
0.9994986722171166
0.9994349042430947
0.9994381288528962
0.999523983452981
0.9994833183148786
0.9995213520820301
0.9994811581809794
0.9994610760679974
0.9994093360642419
0.999359638166063
0.9994059417820771
0.9994159182291181
0.9994606756883831
0.9994856662714248
0.9994645896225727
0.9994438981369493
0.9995021406475313
0.9993765293072776
0.9994305132610855
0.9994837269701963
0.99950092156884
0.9994608481452653
0.9994884726982936
0.9994677525503375
0.999432343237386
0.9994025299244137
0.9993668686253598
0.9993125491247944
0.9993693285200353
0.999435318644659
0.9994340054911733
0.9994531596465942
0.9995019012747388
0.9995000795964867
0.9995199581335844
0.9994772654572738
0.9995254052128365
0.9995337817598042
0.9995288758938199
0.9995105494514941
0.9995272078650306
0.9995098049903298
0.99947507571075
0.9995091752779045
0.9994933292804957
0.9994980872176981
0.9995070168030861
0.9994879546239317
0.9994314609206674
0.9994513723214336
0.9994530744296997
0.9994154511993832
0.999509071499814
0.9995082231792496
0.9995138296658319
0.9994819129098556
0.9994093745303243
0.9994732803363481
0.9994830289508273
0.9995197396141063
0.9994978973582249
0.9995174921745029
0.9995431231588313
0.9994845227252735
0.9994306971414273
0.9995003999220571
0.9994583897522472
0.9994697188894982
0.9995113266424146
0.9994143673639915
0.9994295922576973
0.9994176103187722
0.9994060590995237
0.9994075018046359
0.9994500060854423
0.999414856854811
0.9994560791611768
0.9994479633382519
0.9994928175259724
0.9995073897751068
0.9995834339165365
0.999562361807522
0.999546657194352
0.9995775762264467
0.9995259494390873
0.9994602518523201
0.9994622498468476
0.9994187218904244
0.9994475529941513
0.9993431481700511
0.9993025871216863
0.9994289472631015
0.9994270827313023
0.9994467811164017
0.9995556469454416
0.9995644041214549
0.9995152097450029
0.99957058422366
0.9995692534112006
0.9995619910891761
0.9995505259927799
0.9995039272153338
0.9996001879213761
0.9995537147925955
0.9995328856662846
0.9995284561214893
0.9995191551530673
0.9995743994087871
0.9995281560029268
0.9994887191659221
0.9995283024335998
0.9995753443389646
0.999512190713735
0.999504466581487
0.9994834699217547
0.9993643995224752
0.9993721261548443
0.9993502436754241
0.9992583573856645
0.9993653278988837
0.9994863463022856
0.9995006384673083
0.9994817168826137
0.9994500245729752
0.9995292374053253
0.9995298934283167
0.9995453264254813
0.9995439587136233
0.9995402524033881
0.9995633866364937
0.9995439130445543
0.9995619969984466
0.9995413795456896
0.9995132292236543
0.9995477699183183
0.9995358252841207
0.9995476592120154
0.9995440240905898
0.9995278422115429
0.9995329872968588
0.9995563124766462
0.9995138434540408
0.9995178496478376
0.9995070827842816
0.9994741169379531
0.9995288516354633
0.999528812893893
0.9994727338328555
0.999526839238023
0.9995900855236359
0.999562004789065
0.9995831858256408
0.9995112036853487
0.9994844382076341
0.9994992490709844
0.9995324634872557
0.9995326026988917
0.9995353360068459
0.9994435564301594
0.9995342227103611
0.9995211364120121
0.9995820102235268
0.9996051339432726
0.9995865593198122
0.9995494750308869
0.9995271209462735
0.9995503131979648
0.9994986873205015
0.9995476415194311
0.9995273618360888
0.999550938613099
0.9994845617066677
0.9994610872731593
0.9995509034747445
0.9994192569705704
0.9994036138493972
0.9994441952027662
0.999481370995858
0.9995066871995576
0.999582596214198
0.9995226759249007
0.9995610936890764
0.9995373059201842
0.999543453097306
0.9995898865399063
0.9995514729396399
0.9995712799044918
0.9995432671925585
0.9995429580311602
0.9995256921658495
0.9994701691191763
0.9994904775256855
0.9995134511669713
0.9994952216395037
0.9993944180031363
0.9994333984609144
0.9993198329684791
0.9993849927931727
0.9994123847530341
0.9993349997549218
0.9994566590735575
0.9994675421023906
0.9995231121197361
0.9995095064944601
0.9995446116261256
0.9995543430734105
0.9995169805330005
0.9995205272995823
0.9995756356840342
0.9995634472648265
0.9995770928053573
0.9995744620240719
0.9995515114719976
0.9995626051257245
0.999462498711325
0.9995473429450745
0.9995118096898127
0.9995429254663633
0.9994341288349884
0.9994273916869105
0.9994302842913909
0.9993847360243523
0.9993615392507964
0.9994704300436918
0.9995326224852394
0.9994932800150226
0.9994727514632796
0.9994638037983994
0.9993917349147894
0.9994264109538091
0.9995412901664149
0.9995426121547288
0.9995001995199134
0.999588561532256
0.9995271777596108
0.9994918839299465
0.9995017817174157
0.9994810343292213
0.9995571490120316
0.9995121137648725
0.9994685455259683
0.9995064606742142
0.9994820141389489
0.9995273769588751
0.9995481809321158
0.9994725799536393
0.9994516510415057
0.999522274282151
0.9995220189388357
0.999508123977421
0.9995117756993059
0.9994789895981306
0.9994783292880536
0.9995358633980802
0.9995378451611663
0.99954069370887
0.9995299477339645
0.9994677591695612
0.9994504780395272
0.9993877302330172
0.9995222975449689
0.9995049298593166
0.9994971607638408
0.9994359285470678
0.9995040468479945
0.9994579937486001
0.9994811201920193
0.9994569201807774
0.9994449862676783
0.9994576810065815
0.999467281878232
0.9993665073088992
0.9994276328346234
0.9994071712583776
0.9994460245942838
0.9994841348275273
0.9995235907029497
0.9995641938157964
0.9995450738794205
0.9995249501982034
0.9995751669710347
0.9994646070992786
0.9994252202118071
0.999454983290357
0.9994610733500606
0.9994775373611526
0.999437562340775
0.9993694870961596
0.9993433988145377
0.9994679499313559
0.9994172201682039
0.9994464974545731
0.9995249978390502
0.9995520614314725
0.9995340758357699
0.99953176227111
0.9994582656364035
0.9994512067486383
0.9995179225670168
0.999488076019933
0.99950101450705
0.9994908074626088
0.9995068708078516
0.9995433945658454
0.9994613360768178
0.9994277008867543
0.9994798442316101
0.9995351692263683
0.9995859962591069
0.9995110923497972
0.999508617254846
0.9995148561701823
0.9994529775563259
0.9994163559792288
0.9994460229668305
0.9994177814948089
0.9995276621534483
0.9995132363414225
0.9995071040586787
