0.047523311811972176
0.3571512061151084
0.4441370807266457
0.5002824533517729
0.5655378440809571
0.6161717467769576
0.6575963569643375
0.6930419897536795
0.725846745774871
0.7553968913177713
0.7798519615053973
0.8016927308862885
0.8225479630128679
0.8412653384943407
0.8568752740880441
0.8716031469310934
0.8815848217027036
0.8933329112776308
0.9058513510121161
0.9164140037420623
0.9254317956780986
0.9318815652070827
0.9380908751721299
0.9442852282497968
0.9498082196989046
0.9537429672037636
0.9587733928570916
0.9640493757836202
0.9679370410466719
0.9713775783967653
0.9740559244782362
0.9771638602327127
0.9807701318836363
0.9833341192163978
0.9850747013414545
0.9862381342961922
0.9870212875022923
0.9876817832824295
0.9896498839791847
0.9903480977379985
0.991635482880984
0.992007823578645
0.9932713666146197
0.9941151748901786
0.9943843862420829
0.9953542825501217
0.9951784370925212
0.9949909910184368
0.9958271588290043
0.996254739591672
0.9966336268786558
0.9965662417484638
0.9968371432021573
0.9969116940042908
0.9971541115820809
0.9968763448287136
0.9966117524515109
0.9969600446486289
0.9972821522078913
0.997540919927652
0.9974550704287881
0.9978520087756261
0.9980646952053764
0.9983607575406055
0.9983872252974559
0.998565361146825
0.9985970874185724
0.9986836294973004
0.9987958480191267
0.9987207440943958
0.9987986909991399
0.9989615913657063
0.9991032206364192
0.999219851161768
0.9990153741899672
0.9990112731462955
0.9990042449830356
0.9989670583148841
0.9989712717765187
0.9988846229110874
0.9990148000709899
0.9990083139831581
0.9990208753565617
0.9990200072019659
0.99911103893035
0.9990761622687474
0.999103567035261
0.9990702563591234
0.9993581555659354
0.9993478512477133
0.9993206498215592
0.9993068787985984
0.9993211140008712
0.9991870381948428
0.9992853513685743
0.9991497900461392
0.9991875325766246
0.9993099831473512
0.9992952513320323
0.9993842549960615
0.9993635865689722
0.9993812027166754
0.9993802895604855
0.9994634060513695
0.999446507466224
0.9994003292634152
0.9993624926564673
0.9994258981819684
0.9994392631253561
0.9994097211719328
0.9994364356805282
0.9994209407156597
0.9994425146587606
0.9993880564467736
0.9993526497879122
0.9993921221658547
0.9992936002307871
0.9993300521000973
0.9993888112566335
0.9993683243214438
0.9991215379622783
0.9991200665432046
0.9990688184116729
0.9992325538016283
0.9993260525183287
0.999368270283497
0.9992878577095451
0.999310727550611
0.9991842625878615
0.9993948050212849
0.9993690393171507
0.9994712452874928
0.9994752439165933
0.9993869516633396
0.9993372144345236
0.9992537837087835
0.9992846441058568
0.9992939135145826
0.9993491946468293
0.9992865457972674
0.9992386306405066
0.9993836236694132
0.9993213778588129
0.999266523458694
0.9992736914472221
0.9993367338890904
0.9994123548857381
0.9994090516201848
0.9993947676189897
0.9995193421855452
0.9994776277546233
0.9994009214453106
0.999312958936459
0.9994046449943583
0.999354843820375
0.9993545404970526
0.9993486447539942
0.9992996221370615
0.9994192684742985
0.9994392860324751
0.9993941488593534
0.9994011348066978
0.999413892557027
0.9994526896502398
0.9994444618453381
0.9993969377320661
0.9994396642546335
0.9995021756396849
0.9995311770337447
0.999526427235572
0.9995340771149149
0.9995087561135091
0.9994811557632843
0.9994918028233033
0.9993952911193299
0.9993686894506764
0.9995064331957889
0.9994651784152323
0.9994093864349867
0.99939918759353
0.9993707333150725
0.9994321155794461
0.9994038306726212
0.9995056270552981
0.9995336180025362
0.9995510211119861
0.9995847073846601
0.9995863658518086
0.9995256052507742
0.9994446751935433
0.9993392226349493
0.9994417238928144
0.9995145471204265
0.9994460341922764
0.9994742520585974
0.9994748308734606
0.9994280213607497
0.9994299959609777
0.9994282940927987
0.9995009984144931
0.9994364283036571
0.9993930452643904
0.9993318141422048
0.9994033668329221
0.9994869447284009
0.9994609185151955
0.9994578280149469
0.9994384106364579
0.9994999978169162
0.9993865132410311
0.9993989241188349
0.9993121057504339
0.9993381363469132
0.9994287580586222
0.9994445683035074
0.9994428837464713
0.9994950850458577
0.9994468757075581
0.9995297558330001
0.9994701282888747
0.9994226300198389
0.9994239504965942
0.9994044540197183
0.9993665758615871
0.999400635975886
0.9994742310381028
0.9993992060406006
0.9993966964358084
0.9992746727303681
0.9994519272436548
0.9994106738106642
0.9992911597314437
0.9993488278973596
0.9992126844168443
0.9991245210300975
0.999188394362319
0.9993613300074786
0.9994053066936123
0.9994129121095402
0.9993303771331972
0.9994419815599018
0.9993294772471506
0.9991583605784742
0.9992930403791447
0.9992551092926736
0.9993060873672814
0.9993692425176662
0.9993672372457796
0.9994403138979514
0.9994414889621609
0.9994248236957202
0.999401177708677
0.9993574098442869
0.9992102156445593
0.9992567140005025
0.9994474311712181
0.9993544093098858
0.9994448426369753
0.999365843604974
0.999334699157917
0.9992353506164294
0.999335871860565
0.9992649496511028
0.9993454849791992
0.9993760993783822
0.9994526179307578
0.9995055830532334
0.9994726948621644
0.9995481410532241
0.9995679478490282
0.9994772111722103
0.9994608202808608
0.9995037470769428
0.9994904790811103
0.9995221568868162
0.9995182150246457
0.9995218844515984
0.9995388325017664
0.9995080814941826
0.9994910421163248
0.9994924825970319
0.9994362105112707
0.9994118970158254
0.9994554620164151
0.9993990264766955
0.9994505392665376
0.9994452228030687
0.9993624853009443
0.9993600796507837
0.999518497894051
0.9994510271541779
0.9992867664089513
0.9993732520102677
0.999349591300409
0.9993067007072837
0.9992511504913129
0.9991989205698353
0.999133899272667
0.9991076863924397
0.9991406402094247
0.9989918537179494
0.9990777316603435
0.9990612110502894
0.9990224443624477
0.9990325629455282
0.9991075920925269
0.999027879262373
0.9990542806379294
0.9991709609666242
0.9991584650856593
0.9992822323751335
0.9993203142613648
0.9993398336494987
0.9993847017507234
0.9992692313970419
0.9992842621335164
0.9992565276162284
0.9992683098026514
0.9993130745223572
0.9993626259696514
0.999484040309615
0.9994321124713865
0.9994933186602633
0.9994028886754817
0.9993692731061675
0.9994562194207179
0.9995156885393486
0.9994951775399511
0.9994398916304368
0.9994927073987713
0.9995254906110959
0.9995450925144443
0.9994438687288887
0.9994357196352247
0.9994752641839897
0.9994156194318958
0.9994985219437497
0.9994444668189209
0.9993893378559089
0.9994368389065857
0.9994216593048248
0.9994327993777209
0.9994083610756969
0.9994562575331142
0.9994795797068133
0.999501883243293
0.9995322597665137
0.9994721067334303
0.9995126728904095
0.9994359944955045
0.9994394890150627
0.9993590391700957
0.9995198822243012
0.9994475147866294
0.9994441604927563
0.9994453618203106
0.9994558665496984
0.9994858889641041
0.9995202713019243
0.9994680671483281
0.9994148935485603
0.9995202861103536
0.9995564790754056
0.9995180083534233
0.9995336972949778
0.9994488678641308
0.9993708996350542
0.9993232167403556
0.9993073846793479
0.9992699670046922
0.99923862693139
0.9993867233302917
0.9994277150109993
0.9994823194150699
0.9993799567238939
0.999303923719458
0.9992478490988171
0.9993147196004332
0.9993030608241538
0.9992437182193126
0.9992886544592989
0.9993376474256465
0.9993068788608591
0.9992361906089591
0.9993171214576149
0.9994932592690216
0.999448887959029
0.9993827042756536
0.9993938417468285
0.9994932690415421
0.9994922456178449
0.9995844677525962
0.9994996823420348
0.999419106769053
0.9994674009449405
0.9993856455259718
0.9993849124466272
0.9994260974231817
0.9994385896252869
0.9994472386794621
0.9995462826071065
0.999576380324623
0.9995434903664829
0.9994672104562882
0.9994215171500356
0.9993151795704494
0.9994120676520042
0.999449031597734
0.9994800106121072
0.9993004262065115
0.9994009698098976
0.9993889374809947
0.9994071781725503
0.9995123210559197
0.9995282968516598
0.9994828260564996
0.9994301419984983
0.9994462323868425
0.9994325760346956
0.9994374696773924
0.9994585806879814
0.9995133258290068
0.9995137056190432
0.9995339256873504
0.999523913116181
0.9995418252567799
0.9995091718743401
0.9995180013577105
0.9994801411655514
0.999496255048733
0.9994855779721253
0.9994597739555442
0.9994938738034871
0.9994858644481877
0.9994364181060591
0.9995047947582131
0.9995347096872523
0.9995061128190643
0.9995595261522288
0.9994900805897862
0.9994315919008114
0.9994494819698645
0.999409384281412
0.9993708724529773
0.9994074198908028
0.9995123249140168
0.9995130772761891
0.9994791677137252
0.9995093396376672
0.9994907100630485
0.9994492901660452
0.9993331221205268
0.9992048900066377
0.9992325817446797
0.9993437403121793
0.9993265387330279
0.999309620044526
0.999465342769104
0.9994909857246242
0.9995249282876557
0.9995066941952659
0.9995542026104546
0.999511071711076
0.9995567228315573
0.9995169284964645
0.9994784911971936
0.9995199375661118
0.9994246213297416
0.9995224933305203
0.9995298951269945
0.9995597662876275
0.999546245858714
0.9994897069718551
0.9994668007729733
0.9994179207101044
0.9993640618160633
0.9994933537948925
0.9994177175594695
0.9994217792000776
0.9994188876236949
0.9994366751806618
0.9994088082779183
0.9995133468730683
0.9995284432536667
0.9995388796552832
0.999476385902139
0.9994414221466642
0.9994180440949463
0.9994971917876521
0.9995090166275619
0.9995050329890071
0.999518367739215
0.9995377010969498
0.9995357230864059
0.9994586109675191
0.9995451627591667
0.9995662231157667
0.9995064341483257
0.9994839503975884
0.9995619233958756
