0.07221582306684428
0.35110151366379516
0.39944183115464427
0.40904516286428755
0.4380876734203911
0.48101008336102236
0.5042804930106294
0.501152001213052
0.5225295681491788
0.5320458675545845
0.5100826460833162
0.5193838306821731
0.5529462359277549
0.5505851919243779
0.5393496588487074
0.5368549229997861
0.5678950904931735
0.584102393188843
0.6189055126614271
0.6086070842416663
0.638110064944926
0.6009329467384168
0.5858467321699572
0.5714730015881814
0.5628311069227013
0.6091661147855446
0.6083345833326697
0.6083150196904863
0.6324200881410179
0.6429512094666501
0.646812145735892
0.668315878997899
0.6547304143927187
0.6486631735832674
0.6297986871419665
0.6096302601569168
0.6487534043204647
0.6281536114948775
0.6152106945688492
0.648180093525745
0.6145345972344305
0.6078130948624474
0.6080582969558912
0.60857618437076
0.6199342378242039
0.6236932496115396
0.6358341903994681
0.6214798895371866
0.6169262304307609
0.610485426104352
0.6251477012960931
0.6222460693828822
0.6204944652039714
0.6123215461348221
0.612795056712848
0.5856442819131434
0.6008770601823802
0.6116828035870086
0.6149990965949139
0.6092217643698465
0.6137884870405247
0.6235081655878252
0.6230602580385504
0.6192916815091921
0.6146807373543538
0.6245069827615619
0.6086933289229086
0.606652950632378
0.6182767793013609
0.5737601836000827
0.5812938680243102
0.6008157277846543
0.5889486194694673
0.6044435243867982
0.6321733727673252
0.6819855491617965
0.6380893740112893
0.6527443640856031
0.6407125364045926
0.634638307832456
0.6362754861613874
0.6504206488899866
0.619848191415281
0.619171408300326
0.6298693014247113
0.6166650872819148
0.6244665054772378
0.6378948563407402
0.6401047188762351
0.5938491469126306
0.6012480200948872
0.5907333885853746
0.5870334427937666
0.5790597096132509
0.6070887138408193
0.6087301939506474
0.6180967582432575
0.629703159377363
0.6149987165517509
0.6622095406725355
0.6611598908345652
0.5970447683101634
0.6149599831716769
0.6368088609569823
0.6526605692786266
0.6562703495336013
0.6588351109196108
0.6516974266687228
0.662286461445953
0.6438230602699373
0.6578282467275266
0.6267692666693346
0.6238202724439924
0.6203148716219686
0.6354267919679933
0.6636897931774531
0.6413396673563058
0.6490479362714536
0.6326988959315868
0.6285243081900834
0.6521106580376309
0.6545975212906426
0.6290772755691988
0.6190615275024618
0.6438384716787662
0.6461645541672383
0.6273864767147576
0.6316148623012998
0.6713337853002905
0.6309268132481364
0.6579168090648626
0.6679735286068639
0.6536684098600333
0.657207015957859
0.6313435067188948
0.6596095816366052
0.6310573454710575
0.6595419623127992
0.6370914884268669
0.6426838586061097
0.6333480069308542
0.6430751907248405
0.6615121054861082
0.6436652394721788
0.6349174872949291
0.6498146314080352
0.634464692157712
0.641155713451251
0.6252671352430014
0.6444400002911987
0.6505129278922455
0.6533554567878653
0.6138880269725984
0.6526118890173991
0.6581824087324136
0.6651096147250889
0.631163727917118
0.6066662171827067
0.6014376419295022
0.5908675827388024
0.578975702941756
0.5997180519593107
0.6225746086878757
0.6003650654411754
0.6141142185518079
0.6083783472191819
0.6338103858768486
0.634830772733891
0.64226224605487
0.6519867186494908
0.6343196013051176
0.6170866988169941
0.6209393958277167
0.6185544808048872
0.6406369379975996
0.6458861308774786
0.6560449328011293
0.6666263276297263
0.6309099232240117
0.6328402348852078
0.6624450456629629
0.6088001597550972
0.6129559934327191
0.6513858215766842
0.6673915581652529
0.6784157468442416
0.634548174804171
0.6538065284224148
0.6620857135051808
0.650190093379523
0.634607622877778
0.6287620301842772
0.646314040803448
0.6496185196596092
0.6581153860521215
0.6210976435577216
0.6279207835644004
0.6044979696707145
0.5830950321534928
0.5987709174848409
0.6050372804910874
0.6257791532230284
0.6198339965062327
0.5652912829980047
0.5296599023663313
0.542729120443762
0.60192211065745
0.5373128738771359
0.5474694813464095
0.5399328399404134
0.5072448488732597
0.501424045011291
0.5361429917371247
0.5857621435505358
0.580597333995079
0.6103718055651516
0.5926807797223422
0.5859164976577356
0.6090100168186463
0.602532024108998
0.6700396931663349
0.6339783463452139
0.6383703154050165
0.6351109044099744
0.6520380405935308
0.6450101067645017
0.6471169037061095
0.6369713359653976
0.6394081450956758
0.6359020595656973
0.644253524358158
0.6322853756556324
0.6191573143577777
0.6037166890111135
0.6021026013346046
0.6159822712536985
0.6183470083743178
0.5827552195936938
0.6358767728074699
0.6081045204633863
0.6354826966130375
0.6585304120457142
0.6350651123601246
0.6399009419283441
0.6258643985534825
0.6384672189873408
0.6303723287072419
0.6508865548866148
0.6720278941366623
0.6552404082719119
0.6477718969808912
0.6500276115600798
0.6178960863815995
0.6480992306014379
0.638666035004455
0.6228033530037094
0.6227881209235655
0.6472256151484923
0.625366327374179
0.6179591229994456
0.6374960665221233
0.6226201894234549
0.6458699698144945
0.6381832480231016
0.6491346441565972
0.6591862669654192
0.6406428757172319
0.6292148448368263
0.6511859839409951
0.6603478247562322
0.6547267890603656
0.6500039895601093
0.6435538808076152
0.657123659364165
0.6460107479041347
0.6497593279332324
0.6467107936606338
0.6348399427529792
0.6329391658270894
0.6380541809403272
0.6413904811205582
0.6803371495457767
0.6571825039707101
0.6317626425533763
0.626959244625756
0.6403867844892427
0.656745778971334
0.6653340733867672
0.6765042993832644
0.6552984254482876
0.6621942661383485
0.6641579826895789
0.6632084555994479
0.6357936001737226
0.6093044681136693
0.6247160637706581
0.657133238666801
0.6235421599835517
0.6630906433911637
0.6461792451191153
0.6559084942453346
0.6589050289386946
0.6555603851706213
0.6338123318208958
0.646436392447034
0.6334152523245554
0.6556833149816136
0.637053188626018
0.6396024422086022
0.6143463889200284
0.6117900574322491
0.6198456543955626
0.6209061641808071
0.6341827549858946
0.6502761979290048
0.6569957564523612
0.6045576532547426
0.596903153831017
0.6088813413905225
0.5789588943745811
0.5882972086174152
0.6114173902053722
0.5803719855417617
0.6037973297651371
0.592586119516194
0.6336238767542206
0.6424390098058427
0.6675272867261363
0.6705201739461918
0.6768529830480049
0.6512056658655944
0.6381137843323655
0.6551780859718396
0.6725979182162958
0.6347101508855516
0.644729769954279
0.6124126822562983
0.6064933675790402
0.6559237047261068
0.635961566188166
0.6320742741201956
0.6161308872852841
0.5593530063880054
0.5635299793283516
0.5341791875714236
0.5695481770195845
0.6312314721639938
0.6538515204014199
0.6240449595864194
0.6433158685242144
0.6596287449640613
0.6569950292247551
0.6521775994055264
0.6522066518792258
0.6389126059167625
0.6328919458740536
0.6268306762240606
0.6217393100786412
0.6268970402574262
0.6206685288159839
0.6196813108665213
0.6070046258684343
0.6211632172390967
0.6077484698918117
0.6178918829228992
0.6390218250167476
0.6257038560769125
0.5910008636883921
0.5780332293149906
0.596309570298138
0.5795766556773182
0.5650693485559789
0.6117292907714472
0.612358725590628
0.6125266376680548
0.6250170437881528
0.630607102827504
0.6344758159447754
0.6386629515469039
0.6344572848548691
0.6299811354980702
0.6461262026117275
0.6292003372964093
0.6405100508682267
0.6598068542242093
0.6430018015643004
0.6517028914737604
0.6356670694195332
0.6325477181873354
0.6373543210236768
0.6429219047867919
0.6327969587543922
0.6454466134561077
0.6462988769001942
0.6637980780809288
0.6624388396870238
0.672158732552698
0.6430377273819358
0.6573471293468586
0.6453513024132377
0.6387481273703016
0.6210802384913433
0.633687674875152
0.6406164054178267
0.6388769435183018
0.6283988840775434
0.6258391673854335
0.6690308113837172
0.57573864585985
0.6160529700533054
0.5604132669140804
0.5579383522698127
0.5970658285829745
0.6013645745100327
0.6150503353768666
0.6455636569398887
0.6486278526039602
0.6509793736096023
0.6182095666188431
0.6066724149465718
0.6181307359234887
0.6048902560647825
0.5895546968936165
0.5919807337339312
0.5562626070892761
0.5913122549789788
0.6050204567117525
0.5921372519271113
0.6018827240161725
0.6049211054687399
0.6356298111815168
0.6328247853164874
0.6053134052529563
0.6290725253109359
0.6142745363160592
0.6138503017579424
0.6485985510783162
0.6530348823314215
0.6396334390011905
0.6537562834789796
0.6494895314422694
0.6561253070788707
0.6398802672358709
0.6100568087297001
0.6114642915254944
0.5741898439458486
0.6087971918280008
0.6013863518425765
0.61863118849655
0.6099300419904933
0.6142965936313878
0.6138500060147591
0.5860308380590105
0.62485098316962
0.6184295927894042
0.6344970311801735
0.6257992555006345
0.5959564226855097
0.6080872949971453
0.6142718003268102
0.600791762743995
0.5975853575584477
0.624642653643569
0.6201790397301317
0.6210358262426223
0.6362350622016212
0.6552410425858611
0.6407693004970703
0.6342482298853078
0.645348516179649
0.6661904903313921
0.6483431264007224
0.6771649638680818
0.6570564593398427
0.6694291836566028
0.6342615390722621
0.6402420604041329
0.6323338601369132
0.6319712435134828
0.6281757134260609
0.6443228265641383
0.6314235703192009
0.6184502390141073
0.6671830105131644
0.6461200983672962
0.6552279207278815
0.6579660090935411
0.6605317495312146
0.641487657077033
0.6426646236780182
0.6505104326160893
0.6619065141171556
0.6590144672911272
0.634524384679255
0.6501401875838935
0.6647017641884209
0.6563340052849456
0.6544847117815109
0.6659150164878891
0.6516601306558365
