0.014746842013404794
0.21166724329462216
0.3127472068934225
0.3678757912317868
0.4024147730457341
0.44920074218782885
0.5333508355966909
0.609214630886964
0.6749280109654728
0.719916979587061
0.7670368808744462
0.8302317241447134
0.8501516687386177
0.8602936610867826
0.8776004852815603
0.8883270370808984
0.9026203428877461
0.9167478096882197
0.9350417679572224
0.9351518731564535
0.9417932536993319
0.9537982700599918
0.9499995147398378
0.9511179750203738
0.9496028047241435
0.9496851917691878
0.949856268368422
0.9523143290531068
0.9554199607983697
0.9511212883437336
0.9531284002791087
0.9528240561376484
0.9497817684907686
0.9522914857397997
0.9570557305401609
0.9560476137666668
0.9578650927063322
0.9555717003164993
0.9575071168455862
0.9579905844861454
0.9547351423458101
0.9569158541661507
0.9601753737138298
0.9549189775519576
0.9536413897508539
0.9542857331006621
0.9532097861840855
0.9541147654680803
0.9508958308715809
0.9536749015235094
0.9530610523628251
0.9537115532282906
0.9537206094550814
0.9527314861787488
0.9531381668063639
0.951882898612797
0.9561568371736253
0.9540593071724592
0.953509796694002
0.9541215951594486
0.9523072043268451
0.9481893878285459
0.9496528758834589
0.9508760736199222
0.949813700695864
0.9484920557983992
0.9514532283817195
0.9481944816950675
0.9480515281378095
0.9540915378825524
0.9539079141758311
0.9543364099430636
0.954624200058697
0.9519131446263351
0.9515122327988038
0.9497631036753197
0.9546394945183796
0.9541194821413284
0.9546291825872992
0.9558761975067827
0.95050985753473
0.9558453324404109
0.9551980743884005
0.9534576137736878
0.9529830477383147
0.9523888229601034
0.9545455439659412
0.9545862303117719
0.9465424602086707
0.9374178909436586
0.9433595148769416
0.9412081981200272
0.9513482063304677
0.950573198485416
0.9502508861492279
0.9512888155952538
0.9529714997044223
0.9502481296305949
0.9440397094973718
0.9482139254987383
0.9458604600501829
0.9539110440907004
0.9474099663596857
0.9493220454628029
0.9468405987288575
0.9458124149352328
0.9339516245249532
0.9345836625153382
0.9382495541672392
0.9337264212542172
0.9420625544923578
0.943013541490229
0.9489484295580334
0.94747610091613
0.9497642475758689
0.947671214324973
0.951059563334185
0.9553251809454798
0.9525832726063921
0.9514907921147784
0.95155358847267
0.9516681188570262
0.9528928780205704
0.9482244149286595
0.9488001503941009
0.9535192972990141
0.9483429343743844
0.953401413205556
0.9540476962763704
0.9520567190025024
0.953116906289793
0.9581320435997398
0.9578679467912254
0.9560935350454358
0.9574131382642557
0.9534142375116158
0.950502660544868
0.9520525379176507
0.9525890358722168
0.9558029777423398
0.9521550807894418
0.9514485764778478
0.9564749456775116
0.9536269116786271
0.9549087392888661
0.9531217152867233
0.9534179907161964
0.9524818826113391
0.9520840497412958
0.9581871998051685
0.9559073666324821
0.9560805050403383
0.95265825627145
0.9543907350864645
0.9577503660436597
0.953563415638287
0.9523827647587729
0.9528876174693678
0.9543988107800805
0.9554086198786321
0.9577725116498573
0.9522767855425204
0.9473219884088666
0.9559433683943902
0.9554156677152114
0.9518143149955927
0.9551732950656519
0.9571570338131178
0.9580185918110259
0.9529653223994687
0.9495123820663672
0.948643315264472
0.9510184589019801
0.9456060262504832
0.9518866394874064
0.9491591497275748
0.9553194965074122
0.9558939458542638
0.9513681840612866
0.9525486019454942
0.951006789251543
0.9510607823856757
0.95127271883583
0.9518024911271313
0.9502262579645802
0.9518530973392982
0.950734540781383
0.9539797729338565
0.9509521023941762
0.9495711333543629
0.9485572440760125
0.9554590210506829
0.9526471462486938
0.9488893654867224
0.9481261935857814
0.9486948971582129
0.9452187473943853
0.9507773532270677
0.9487789499510287
0.9523430499972751
0.951095886999874
0.947334025844988
0.9486178922701337
0.9476610522586599
0.9501264190195051
0.9476014215281344
0.9402251610419354
0.9462150098856522
0.9532967701979022
0.9557706576475191
0.9550709824081933
0.9539525034237252
0.9556113320054681
0.9541090684858252
0.9533619766715353
0.9518593251304921
0.949634871943383
0.9516904590271826
0.9526591218173462
0.9457517490845158
0.9516870852419483
0.9511283579296275
0.9544332834066767
0.9587970612610041
0.9571940693264814
0.95328064393988
0.9544853379580838
0.9518374038684617
0.9527175395462817
0.9485509682480304
0.9518047563356415
0.9535009246005209
0.9497677671317517
0.95034644238543
0.9550714066966544
0.9575387436541638
0.9553260824574498
0.9584988529234024
0.9560818004891077
0.9494078231578407
0.9498189545429057
0.9466731325222437
0.9527835199160375
0.9507037335716164
0.9554308312684842
0.9548116519107265
0.9581026831175457
0.9569751587389322
0.9538980337084221
0.9560716813987297
0.9553352422318556
0.9526042164597358
0.9551787387185481
0.9545347560140552
0.9528169771596797
0.9570630952980426
0.9569182227298989
0.955446087369301
0.9494036815678579
0.9528607995858289
0.953046636462588
0.9561668749055723
0.9528291530614856
0.9547863665269319
0.9487483567700342
0.9533675520027203
0.9493836706046564
0.9537461289971231
0.953149489389001
0.9528470372380569
0.9586677486205138
0.9561245805275221
0.9559090736780603
0.9577225332645346
0.9548653504714752
0.95911896525393
0.9564012716921235
0.9548461200562848
0.9539766024178334
0.9564643127474917
0.953362870709373
0.9543612281166367
0.9586347879167145
0.9561225532270988
0.9547433828097773
0.9534594687165329
0.9574390792819598
0.9561403883248025
0.956520709677917
0.9563507399866673
0.9595212383355144
0.9572857346007047
0.9594395271158734
0.9563306296510453
0.9549558510796625
0.9581791220853779
0.956375232848042
0.9563894890290303
0.9574423951714611
0.9516908139344926
0.9521382501749527
0.9552179416719354
0.9537744584017831
0.9525388318088368
0.953082702939892
0.9554445702201887
0.9550563178928846
0.954936081538313
0.9513047106622765
0.9518766748924938
0.9516386833554874
0.9563262939537701
0.9575682072667163
0.9553284186042704
0.9515849215475063
0.9530711046579861
0.9553875494639236
0.9479956331938079
0.9549569223648491
0.9480904761453528
0.9506077967202016
0.9521333751309129
0.9507939154650612
0.9591881021176598
0.95523875388394
0.9573619503418662
0.9553659982301118
0.9556774370901134
0.9545244886151919
0.9566007416143157
0.9562318573701529
0.9534992211303258
0.9556973619998157
0.9557662016713452
0.9554564612506821
0.9565101403718909
0.9499738488619485
0.9511888600963865
0.9543273959155185
0.956002357178136
0.9557032478253699
0.952568463408194
0.9526204674670686
0.9551986048091163
0.9523645475313806
0.9546079175062361
0.9554245967044372
0.9528444642978257
0.9562026538935123
0.9554472461203196
0.9540871578961646
0.9514261328671406
0.9457831212148377
0.9488370658932389
0.9468686019707159
0.9491063595506848
0.9483201910948339
0.949175350379481
0.9508044576783226
0.9445084210861011
0.9434441970908736
0.9502269293652411
0.9493813936118403
0.9521100984450369
0.9500891210945906
0.9501962789383007
0.9499844271621722
0.9494127471042669
0.9497240926318093
0.952066601558596
0.9510470544715328
0.9561886629275124
0.9561124915696189
0.9507879637632153
0.9533669792802204
0.9521123923429492
0.958232878677254
0.9553073418379183
0.9556511503770595
0.9537319407040633
0.9589179027890142
0.9526135685186352
0.9569087679339902
0.9581679514437748
0.959020463547921
0.9588328410622476
0.9577273917610668
0.9594382171800501
0.9589606088573989
0.9588920454156247
0.9567247888664276
0.9553210165057298
0.954749222599232
0.9503165207665326
0.9535829196074922
0.951133958333189
0.952180636775864
0.9507440994910454
0.952841850166543
0.9512534251331981
0.957991374196866
0.9548360122758843
0.9575322797176988
0.9579648667602247
0.9565727624279546
0.9572763270116581
0.9548668220573658
0.9564281980704389
0.9564629829571661
0.9576219662125989
0.9563717493588216
0.9533783899461142
0.9533624401247567
0.9523694884337126
0.9482933337863129
0.9551407646824214
0.9570135856447236
0.952825231919963
0.9491652384585844
0.9559486349430498
0.9543892955557808
0.9569515539793056
0.9561886817877708
0.950878489667601
0.9533498353582904
0.956663335729918
0.9553841241902677
0.9578650410268296
0.9573421396271433
0.9557748595738732
0.9603394052846288
0.9611989131230492
0.960091929760997
0.9548656424521458
0.9581783406566845
0.9546563615188662
0.9572596888628957
0.9579300194863959
0.9549786505804166
0.9572289080524137
0.9570376913098769
0.9560042746038526
0.9538127826708571
0.95383530413197
0.954222856194052
0.9539486375891133
0.9574658865619837
0.9550055683534326
0.9609217336465569
0.9577270249460756
0.9579291465827562
0.9567461173323144
0.9563029912938183
0.9562006606006108
0.9564468995240037
0.9527379852612364
0.9568666961987911
0.9516230018461206
0.9570144092164465
0.9563542921300687
0.9609875887444642
0.9551138181943464
0.9545270034713268
0.9533905896032121
0.9524769904422344
0.9494414052777318
0.9541895262952426
0.9514591223299821
0.9453328359651925
0.9378113008707322
0.9425983156225165
0.9466069236944108
0.9408287572551775
0.9397977356323238
0.9417015353294299
0.9472177764653292
0.9504629068454019
0.9414261115988911
0.9458076130357227
0.9506527232968237
0.9530277580974815
0.9500591309559476
0.9490404942052029
0.9552205201053217
0.9543791348626222
0.9572017839153331
0.9563222346421847
0.9522382280838712
0.9519210326324229
0.9538569568932945
0.9519213101347126
0.9509962611342662
0.95112780311123
0.9423677351470341
0.9439556829881783
0.9474970241500293
0.9446600167246969
0.9381398037785077
0.9330531559396797
0.9312184534233645
