0.13393832395111793
0.1611649683658506
0.1175780591999996
0.08132144570866057
0.06494623265358467
0.06445773429390605
0.047107631004340234
0.034829336046099245
0.03218377929085184
0.03083443838202592
0.031394213091035884
0.040927780389938606
0.047686426399558536
0.05396726883481029
0.05762248511823452
0.06733820835817891
0.0740644810235365
0.0837868368209182
0.09625656116362215
0.10387511444418543
0.11472423516393584
0.12211372904387105
0.13755028966502358
0.15860902420888817
0.17404959612646212
0.19491553131021738
0.20504734941773498
0.2178699213213865
0.22415366657737867
0.23360175715601145
0.25273274264035717
0.27291842892489904
0.2845153985869686
0.2989697073742161
0.3105872676706302
0.3212208125075644
0.3339011444200545
0.34803764117342106
0.364072911760972
0.3654065032872547
0.37497129866335654
0.37990774364276453
0.38548192141913795
0.3955534262487142
0.4071917461245116
0.4141964955153368
0.4201113566397069
0.4244107798012822
0.42478042829917717
0.43635578206613423
0.4425451421062482
0.450439715388898
0.4608113174714835
0.4744141028242256
0.4793210194104346
0.4886202651577692
0.4951578198846698
0.510358560489367
0.5176624063801999
0.5154782932510816
0.5248087085631814
0.5319848461667976
0.5317034468226542
0.5338433948137511
0.5429901255671978
0.5546540209088933
0.5591409437112541
0.5618363719695736
0.5725322926347626
0.5754541058262888
0.5952352830951472
0.6025319182390587
0.6005976882832308
0.6094764127507137
0.6073623631983704
0.6123146656341016
0.6101460796051879
0.6141518497857257
0.6185756148156645
0.6254274359494696
0.6333773347779186
0.6367481416859968
0.6398811396228764
0.6394756100653688
0.6389362347186527
0.6530786268025615
0.6594720824223084
0.6668822371182057
0.6686885871712357
0.667365694891584
0.6693114632401456
0.6797470955631542
0.6860699497092232
0.6932125860120083
0.6945250955897998
0.6992391308627283
0.7103665016703489
0.7127024607946726
0.7152767648086462
0.7180583948326835
0.7160138476095336
0.7190594246247641
0.7195862574698909
0.724016402305654
0.7258314262391986
0.7287443086482923
0.7294348644952273
0.7343751194136185
0.7411636312461536
0.7439003672425498
0.7477043779031898
0.7507495791947247
0.7553754061145767
0.7609295445286954
0.7699394909894413
0.770889867862858
0.7736915499360851
0.7754124313697293
0.7720894694883716
0.7731338211664688
0.7733815617232458
0.7767670898306596
0.7843903351951484
0.7921321249319837
0.7961015486023981
0.7954132799939533
0.8030477385923108
0.8094718386316113
0.8148545437830182
0.8160866852856198
0.8211249326130547
0.8279982659402274
0.8296845658601297
0.8272591615880858
0.8353671376964864
0.8361807417759544
0.8409228729845666
0.8441187110811328
0.8468592061666077
0.852342556039465
0.854593127671522
0.8551828063986227
0.8573892531607525
0.859617118698591
0.8610186108925766
0.8634704884901506
0.8626161927604958
0.8665101266365057
0.8692216324716564
0.8757388555014979
0.8797247992198494
0.8838690348911156
0.8889034479531098
0.8843298795566792
0.881817158697316
0.8871918807006598
0.8897309097496497
0.8903701807876835
0.897128911199599
0.9009426165316202
0.9011215068996026
0.9012497858240289
0.9038879672943683
0.9002147594598182
0.902230540846972
0.9050536629490367
0.9070753904242912
0.9072838460383098
0.9143879984769532
0.9159303585759442
0.9147622918452698
0.9183389176997272
0.9212083868026071
0.9232045534649075
0.9226288192347343
0.9224175302296304
0.923575792996561
0.9290881328123498
0.932105310145712
0.9349714814004983
0.9363175990919639
0.9347973547522188
0.9334811125983153
0.9341169370242582
0.935986277099942
0.9374472972452905
0.9392451547308674
0.9416426241766847
0.9434920650085998
0.9415455771426285
0.9452643067580135
0.9483691870227422
0.9506153219213306
0.952542417425343
0.9540742160320087
0.9554130523783396
0.9578006350821232
0.9600999044945424
0.959542756085976
0.9598106611052868
0.9592983523978661
0.9584392807378285
0.9560760170081237
0.955200116516581
0.9546100255139374
0.9545493976808063
0.9567012047354999
0.9543140493562994
0.9547282791571798
0.957508416550124
0.9568330653946756
0.9568185608212614
0.9567681798815468
0.9578085201045955
0.9570870304186165
0.9548727615449423
0.9554699186694009
0.9569164526129541
0.9529318610019156
0.9532971944439194
0.9543693582113195
0.953831064432647
0.9546894386047409
0.9569000111612059
0.9594090394114968
0.9608251881593235
0.9629210994524215
0.9649583627106063
0.9685162892317166
0.966019732554201
0.9652883814054501
0.965271955752924
0.9660151202461957
0.9677334792673724
0.9680277587555357
0.9682586045507003
0.9676497519814072
0.9715184554949424
0.9730186543668348
0.9737839408563589
0.9750835973685519
0.9765066057241688
0.9783093053498382
0.9780791933797085
0.9779009594217583
0.9783171685226267
0.9789207571616223
0.9803203986731225
0.9798902336528827
0.9802228973151335
0.9803897441217073
0.9804376430963015
0.9805250052020578
0.979414885358732
0.9795566511039433
0.9798592523382983
0.9805004942687896
0.9787722778704295
0.9792534249328676
0.978387649254195
0.9799269049019644
0.9788817209125297
0.9780097285996363
0.976601173945377
0.9762442374894343
0.9755994719168195
0.9764321338521018
0.9775175558870359
0.97810355740815
0.9783475090451339
0.978810146884306
0.9790068739461641
0.9781013660061664
0.9760659141318573
0.9752578630884812
0.9757107404141327
0.9757752694935264
0.9740447351389033
0.9743407048502679
0.9748182353476034
0.975770731640548
0.9762005594853962
0.9763605532640094
0.9741680463899699
0.9722418516527883
0.9737450207003304
0.9744429823731651
0.9730606170507464
0.975923257022795
0.9763928946676652
0.9756000535082656
0.9733136072028584
0.9730555345446589
0.9718994697602944
0.9720438090993111
0.971459199935715
0.9747619680762962
0.9771615464652585
0.9755242512298367
0.9759729174936538
0.9762371144689436
0.9766800563660999
0.9768228237175559
0.9771460857346749
0.9793412890084583
0.98061955211784
0.9826210339168072
0.983006099420114
0.9819064769737376
0.9800451119755684
0.9796823395508719
0.9813095229199302
0.9824892094882648
0.9834912742952843
0.9838167506984355
0.9837756497695636
0.9809322618916126
0.9810445721300882
0.979031828121317
0.9803524456172604
0.981488627118067
0.9809830437286375
0.9821575646985261
0.9831656716758379
0.9827102038459714
0.9837214519129092
0.9831731597696276
0.9832043651547306
0.9844479150011131
0.9852506420616349
0.9858450452529417
0.985652919321154
0.9848635368073012
0.9847762501747215
0.9848754008604766
0.9846176398213929
0.9849293549279322
0.9862485231998377
0.9857930007070924
0.9864869824054546
0.9851145404211432
0.9864420704354808
0.9843728983487622
0.9833470239414932
0.9837117936668972
0.9830227557047034
0.9839454582385307
0.9845993859642954
0.9844991893364894
0.9834222115723505
0.9830266152286595
0.9846186456048397
0.9850568033029936
0.9844957148589565
0.9855471818505764
0.9856400804285528
0.984175266975798
0.9865077393237828
0.9870871543242439
0.9865121801830339
0.9862387574939
0.9877336312129772
0.988902252346991
0.9891372110001281
0.9895221528171274
0.9889767013063435
0.9900701393947844
0.9900855264439362
0.9905198965856739
0.9900937004922744
0.9901120519333008
0.9900981892491922
0.9902361795559362
0.9911699551571951
0.9911196505361553
0.991396707503582
0.992555012188337
0.9931504187833775
0.9937013887290107
0.9937537393528653
0.9934605118143969
0.9935600448455549
0.9929882238760368
0.993667309551219
0.9935591558977597
0.994240937814846
0.9941215727518583
0.9945534778778198
0.9944270292372149
0.9946596820113501
0.9945971375926594
0.9946841633306525
0.9942125508967676
0.9942615780266044
0.9950292845327119
0.995226923305981
0.9956204757535667
0.9954061692494971
0.9963770358026642
0.996385759685743
0.9962899766627485
0.9973261290076826
0.997209445555246
0.9973591390576894
0.9974888359846861
0.9975680080428369
0.9981422099230763
0.99818582066934
0.9981572430064337
0.9981877094009747
0.9984809243813824
0.9983974476797377
0.9985550053886608
0.998515263255134
0.9985407571784198
0.9987598158869895
0.9983406807941244
0.9986957312750154
0.9986053595939924
0.9988884955457562
0.9991259074648499
0.999153907391286
0.9992966446905338
0.999232107875929
0.999344891577524
0.999492229710846
0.9992786215812444
0.9991488164997762
0.9992442954531155
0.9993756835733564
0.9994242966340019
0.9994785378576883
0.9993993644300456
0.9993984575653847
0.9992810445945914
0.9993909993173136
0.9992691579117654
0.9990311009284019
0.9986643052861695
0.9986718918317588
0.9988422244873019
0.9990178277281418
0.9986241924313766
0.9983899370054348
0.9988460454271122
0.9984667247317152
0.9982055879648702
0.998392225833318
0.9982898083720669
0.9983134943265416
0.998344248215899
0.9983170229392284
0.9980969396793633
0.9985448638056248
0.998583501005927
0.9985194395195158
0.9984176398477549
0.9979989104574162
0.9986250851288491
0.9988332016520012
0.998920415169553
0.9987028373170493
0.998609264653593
0.9982469733432491
0.9988546959948041
0.9989659039996651
0.9988895166462003
0.9986104259992167
0.9989496909544529
0.9989611319613778
0.9988160258150082
0.9991497082318445
0.9993979262790728
0.9992283849366005
0.9991764322602436
0.9985627418730779
0.9984189024545573
0.9983239496221402
0.99856274812039
0.9987503618202485
0.9988786079389902
0.9987444392594705
0.9987180780655114
0.9982914341575478
0.9983817488517481
0.9985229949627306
0.9984924115856547
0.9981899563787123
0.9981141916366002
0.9978895544559575
0.9983702613634593
0.998201707256095
0.9984964615829154
0.9983477572514206
0.9984731446153896
0.9986349125669524
0.9989498963944393
0.9991620328114129
0.9992532872957762
0.9994534899742665
