0.08619768578765773
0.12752604905883638
0.01850556805371611
0.10098384712722736
0.1600899772244526
0.2702833235485721
0.25501111124008474
0.27042034819503735
0.1603927748707619
0.10521475351604363
0.1254409166872143
0.12280383818847695
0.04531823105824317
0.0127585996489009
0.043293000589770085
0.08376343801482883
0.16536289686787733
0.1892048075246959
0.08155122540246047
0.11335071644863237
0.13353120761089687
0.17955774918753292
0.1468365354731869
0.07615328387486653
0.1007009919318041
0.1385674010710456
0.13931735507899545
0.06593259595091763
0.1074541592618494
0.10291124402046227
0.05077174929897621
0.1148128525784365
0.07702382007202269
0.09198167467151155
0.08567196190999711
0.07147742669345822
0.0815736419704302
0.02797774104629325
0.04179557645400533
0.00847861479731075
0.06085704998972026
0.014519041360675429
0.07973646998146747
0.1214565139508196
0.03282278649939685
0.038695625880166576
0.09630924218005142
0.12462526651469621
0.13519632401120169
0.11290793428248526
0.020397502432659562
0.020970897122033826
0.05855796024169818
0.12754175505446236
0.16403866390926822
0.07944354910879949
0.09742552301224959
0.03883501614746483
0.05477905060102405
0.08057646604014888
0.06604447256222323
0.0345674432893049
0.06609296796613787
0.15457266708262404
0.21051353137950413
0.1099940639747025
0.02782535819629249
0.09321692710395915
0.18946327433354726
0.08646015037379834
0.16399739460692137
0.17152771968247518
0.02717056830388842
0.04927252107508293
0.1337345637562341
0.03500278010119227
0.09177492879187105
0.12034255686757128
0.22642426661455647
0.10167935094757163
0.02893797429542371
0.03508878380953632
0.1200973019719295
0.11409840224478486
0.09994135631671079
0.06639760212039605
0.030047860634635503
0.034808858352607004
0.05104311909553122
0.1538673169505585
0.08993593713337301
0.08840159276728862
0.15667317590374344
0.08176852900467449
0.15867734721647744
0.15740044248559862
0.11980090657364578
0.1389819979302621
0.21881711048449118
0.12156704239969743
0.10994254567060267
0.16985725457637188
0.07826440728070339
0.1777400798782235
0.06532703443427056
0.10252213746115212
0.17362170842265592
0.13431824608204412
0.11741724504808575
0.18986845336522354
0.1904449826118846
0.1306034076729139
0.12046881318066635
0.08614075973562539
0.13774483041855726
0.07324194436370003
0.0930824111225319
0.07171585604987801
0.04368529481727044
0.10945757734553097
0.1333879439196064
0.15809053079967728
0.1938709444078497
0.22963135265605045
0.19806444375482624
0.21316457614806686
0.10876827074973054
0.13178030902642685
0.10309908524281163
0.1311488086405823
0.09827972031410168
0.1280281206516759
0.07131070518072102
0.1172102344514823
0.09050044896343575
0.13499570879043535
0.13242186515637652
0.11515182476775974
0.06931931361082358
0.013588704802054876
0.06548946673912295
0.12408648774326621
0.10397039957558024
0.06246594987364472
0.1220146489948833
0.1769287534540726
0.14380597144204874
0.13438630473749053
0.03161750562168495
0.024241122315258018
0.13363393182130626
0.05518954570400373
0.14145399328623343
0.11436274489850141
0.09857399901695739
0.1035592432640642
0.12542250137051686
0.12653940289056426
0.07561180814418068
0.14364875439197383
0.1132276412209749
0.07588451891059803
0.08520477321687268
0.03136695866814933
0.07355923267184232
0.08806676231619182
0.1501781128684731
0.16118931700817382
0.10852788701104028
0.13179263708610572
0.15793896031080265
0.08564353859412828
0.09872981818508424
0.05674084795094186
0.1442687811483282
0.07875991947035722
0.04366699665519127
0.051667279304392966
0.12655560071441982
0.06948685485884121
0.168590416137856
0.09106579700698114
0.09864764341655761
0.0825670912171103
0.0680401068264406
0.09030307256696225
0.05844931537362019
0.1024137037403053
0.11199101755578374
0.015703938440072514
0.048793397152509285
0.1943675460224082
0.11045738635662367
0.05510704887322049
0.08395305389029252
0.1155934062059247
0.15435554836510718
0.13376108157292116
0.07231678055105918
0.07455139628147717
0.1389855340407759
0.18096209525133145
0.2021650460650188
0.08588789787544879
0.11634208552111425
0.06226727986357763
0.08062531698231186
0.09690731179941194
0.1264774392565109
0.11040809448654458
0.066080984517802
0.09007244173815976
0.10843689607471074
0.03836754603015366
0.14455786215920785
0.22349986246410253
0.15912632584568975
0.21953160776248892
0.17634243858636792
0.046374727209174064
0.09394971939446918
0.17239054277065674
0.024545014782698136
0.02198374527175301
0.18571129814191115
0.17406541219783556
0.18003404877037096
0.06307037957757658
0.14346003332017768
0.11939720251394598
0.1450278012559502
0.11620774368115862
0.12340045653323217
0.12729888097038783
0.12355014263486261
0.15090868579985586
0.14284544276971148
0.18553246501707724
0.1260614065711898
0.07185356296469946
0.07872205987865448
0.1156675235477426
0.08543208164238744
0.142386872069682
0.11499243946040316
0.20504529829438012
0.15457749185446298
0.1096783543992587
0.08482667493358348
0.17589519621272887
0.18833106528193347
0.01808981441129665
0.08328109664667921
0.09820677345763389
0.17638368199497692
0.17860984986334338
0.09172222001800337
0.02047600762478282
0.0731167033050073
0.07623447618224459
0.06299315852727126
0.09225944571382885
0.16920656691647928
0.1612409763041812
0.19175422961974656
0.12437087172433878
0.06418585154432457
0.046473818160897476
0.0351435462322397
0.033977854085941735
0.1990166313870941
0.2035995444691434
0.16545379973363528
0.1218358026395924
0.10472030302809736
0.14027639127981759
0.13123161719492812
0.22683319086663964
0.22800715265396654
0.10721073354874532
0.1709489916370361
0.12321559611058444
0.13159567909179803
0.16206510317141717
0.12066150550506474
0.18181390342588533
0.07965745987660194
0.17218803844658628
0.1432323900095025
0.14857882191199692
0.09435066146648476
0.03994172974217849
0.0563074330435922
0.12341965573152361
0.07998127769168252
0.05583472634468206
0.17358140275408912
0.2004153553807317
0.22298539735619172
0.17544815454841112
0.07132169117104667
0.11550935411337179
0.07118610866217813
0.1454587921671513
0.0293499372886333
0.04165564527362906
0.03608258740478567
0.14716544120352795
0.06376166288541406
0.08739225418595431
0.09477465555572984
0.03311632232089197
0.12735373484816018
0.1576565455752563
0.09017689226380311
0.05701606731811193
0.08044224974141152
0.07876936203674531
0.1391626658801918
0.07033991768297351
0.12198863192795917
0.10248747404650606
0.08082582965059404
0.07177047614331265
0.03866543064042304
0.04986827727378322
0.04029594760279813
0.051307761161938206
0.055550296776664475
0.04897538539132995
0.05430767654778315
0.0774381799834999
0.17021192822302256
0.05451034772337316
0.10387927754137838
0.07978153062467297
0.13973338479396966
0.19686840468153893
0.11301526477974184
0.12318433745448581
0.19208947864812811
0.05635436433470312
0.09438699409188103
0.08876657478746351
0.09105764278999544
0.05844630224136032
0.12735835572064222
0.11077108399503635
0.1533714924700101
0.14279433659116833
0.15600424748501168
0.19011877554689136
0.14400420010664103
0.14535424947633183
0.10502655024172058
0.11954386880393837
0.11599981388169747
0.1079109386531003
0.10053700277621114
0.12638384015716383
0.10719285331841355
0.09463743628450876
0.06149133532011867
0.10496672738645994
0.04436515323538486
0.07572738857484886
0.10922866817960468
0.07146859498431059
0.06313226495262576
0.08398692366212746
0.06772449877786173
0.06865684871710619
0.07947827003886593
0.06979857370683215
0.19441297501438232
0.07831904335681196
0.050995490144593765
0.03925205112173054
0.03299650835240611
0.05697167397519841
0.11847586366025822
0.14304923976610084
0.20412080517071235
0.1838669620432091
0.1666088870987987
0.06727372877585372
0.10461972352477385
0.02543641316400371
0.14563845804623576
0.14805138491464273
0.1409191333583893
0.03545255528366949
0.027900532726533426
0.10668770112940223
0.05782418288775839
0.10190580751537107
0.15628847546458985
0.06962880512015111
0.05534313820177231
0.15069627253861237
0.08623247116910589
0.06107455574916921
0.12429915280326088
0.13612518061421414
0.17175464997462286
0.10180018631498595
0.11192617207536723
0.12827694069383447
0.1742261521087706
0.15081011339051445
0.1391727862780066
0.10128469368996544
0.03739772418713356
0.015686885010470778
0.01009650458634474
0.14306983158488776
0.18852729570130394
0.1433234096758479
0.10220272216756149
0.11246186019168289
0.17642209593673167
0.13176351979162476
0.07561670296269497
0.1006268910210838
0.08160015047297654
0.1052502233303665
0.06140469009720623
0.05596568453664131
0.1037703106469242
0.08448905135930918
0.125650595787787
0.0585736178314209
0.06732272354316261
0.05104258455041945
0.1666166366857586
0.11173523384692341
0.12018455977158282
0.06828764311362089
0.12692374583758997
0.13683083480566907
0.05243541830313083
0.0921377263332164
0.09969386132626719
0.0628181444244941
0.10400472569662389
0.1305187879733809
0.11008200194552073
0.11843107350400735
0.23759070471866062
0.28158757567598125
0.23103740240425377
0.17206042393191617
0.20729508360223312
0.20384359778251188
0.14612839426495394
0.135106019892442
0.06943205541147557
0.07529976831421765
0.12081557278865358
0.11567270188061574
0.13540293529029396
0.12033454954665787
0.12419596784912364
0.12373331682499311
0.07388973043261063
0.14797203951573099
0.10900076072098144
0.050537428057871016
0.024826908411990572
0.023503083197705606
0.1116382846426447
0.08005936002520785
0.10479363124759915
0.08317823934354646
0.0815546374069063
0.05694048857855031
0.053178719165368184
0.1242242564577385
0.18207265383619622
0.1580523147371991
0.08947132501597649
0.04781853199085646
0.08994397713998968
0.04247078890506699
0.15526361156383342
0.12562540573062336
0.08720377478549993
0.06427866429253935
0.04162034519443619
0.04013182409956046
0.10699718697814765
0.10097635361516097
0.13852913844791448
0.02591906039499533
0.09221248764944316
0.0830077554758054
0.08790198060571638
0.1795979164815096
0.0831484188195146
0.07359671720912132
