0.07111836660899701
0.2564122780238427
0.4185927726276289
0.44046335598301983
0.2668975156938491
0.4124091851867536
0.39205933471085863
0.3687529561695382
0.31425654360574296
0.40206392306885497
0.37419438664028337
0.30879933951163185
0.1794515276052796
0.26833968466825314
0.30680610478314857
0.13237612882383493
0.07718006088432103
0.1893032545923929
0.208659462755081
0.23023002175291957
0.29192605440053465
0.2808834518156699
0.3316124676909076
0.12248346977572719
0.05799778698294912
0.011191784632382407
0.06297487112163352
0.07550975286336585
0.14124671642166198
0.1700562723935301
0.19910862859088718
0.29993549743740827
0.1095675301173822
0.03463254871129332
0.16155117088206566
0.07467446297166982
0.04729466060436183
0.06400100392887673
0.1651151865646266
0.20184628996409207
0.18438987088145786
0.2356875165461671
0.16393461441795673
0.22632806733976754
0.3881693542062306
0.4607257289520759
0.4411823001244102
0.5790255249456622
0.49941996889006124
0.46762625035162886
0.47987629491651984
0.38304994283183685
0.37261469451950285
0.39858143130587975
0.4973528351682513
0.5055162644608364
0.4872197360573337
0.5351197061077627
0.48898217202472566
0.4911545488843694
0.2629841961403967
0.15174034105209494
0.10590268518281634
0.05960376947595009
0.11369972943726941
0.06440409850378469
0.1431032277811044
0.2872799024412535
0.19556930312133036
0.15465381513016402
0.0765178890040565
0.10493500376647807
0.19904621135154776
0.2673011946778905
0.33354648245998103
0.45550733668048343
0.45545422860873114
0.5475596781057248
0.5245569659676341
0.42760754076433527
0.5921188710694574
0.6058030638004567
0.6356091614560557
0.4184329139294164
0.3129804025509044
0.3125702088409258
0.41801868588080976
0.35410946819349803
0.4836292795194244
0.4461038682856677
0.4687219962906493
0.4757458737761209
0.40092612821772144
0.40334162681546176
0.5158315283667307
0.49015152551592844
0.46826478472529776
0.42334639532593765
0.5637055817516035
0.5968155447526218
0.5347988139678239
0.58846549685059
0.5723220228931967
0.5881531760680552
0.6010930578283435
0.5459288708852812
0.5157896737451988
0.6555939191532594
0.5674661589042831
0.562406032683642
0.5596306840887518
0.5884186287472717
0.4570036711690344
0.3994758341836
0.38792054880839355
0.3382284078087501
0.3426273183811501
0.3856812224294144
0.42501080117069195
0.49082275442074
0.3652490412950734
0.27795940644822276
0.24830300538739383
0.2645961433552393
0.2926978009783717
0.35761953314375483
0.3297222411711818
0.33142859475548825
0.1322096232082045
0.24945383468189658
0.21411692407152288
0.22206397745190645
0.3293605369258154
0.47620153664903375
0.2617953481153277
0.34671784061313443
0.3846665798035521
0.30804348909015306
0.4040866762842226
0.29280693209403413
0.3100781760722171
0.4871511205509472
0.44641969109731927
0.4231854390389138
0.48348973821071384
0.5165857583054422
0.5635530096290883
0.5155701701419217
0.5786257167893241
0.6532836474504904
0.7157669908289623
0.6438388453390785
0.6880788886540673
0.6531535754610234
0.6680998773220598
0.5210346474373533
0.5862296481173859
0.5910041146131493
0.6103944331712583
0.5658476547442051
0.4849543751549428
0.5669628098913014
0.46321704806825764
0.6199842632033457
0.5965831784002504
0.607198936560974
0.5545776147527679
0.574486679212784
0.5612866833896746
0.5800921283879259
0.5830870854260297
0.5971458968269632
0.63458677243506
0.5990761225909017
0.4653529508704449
0.5981954368877227
0.46513280845690264
0.3977017373659132
0.4491093217785971
0.6159132430039675
0.525067526028492
0.641900439800276
0.5724037785125304
0.5204702713831475
0.3351378310393321
0.3994012154398639
0.5790052030347707
0.509006440055656
0.588646883885984
0.5797941323696763
0.5194713216227479
0.5781159938111539
0.5080943988359068
0.5011478826741014
0.3554174257989925
0.2445187374654967
0.11882425469556798
0.19478279085806663
0.23260148186576393
0.1803151529695082
0.22734230910472877
0.40155408192278924
0.4102449746205948
0.23270400615664877
0.13583709960857857
0.2885845420901189
0.3987314300888845
0.36743737014999267
0.28252038365069654
0.24114484737828745
0.30378566557390296
0.23202652526772033
0.16093663340671538
0.07602204845579708
0.13776511543112607
0.3456234261181206
0.4180307036684999
0.28032136306904515
0.34457759373705865
0.4064756093119202
0.33517799102488477
0.47458936765351983
0.5066749782085422
0.504932161442065
0.40378538273920195
0.5663241502111321
0.47224521645232953
0.5368169542466423
0.5325556600756514
0.5186567745095411
0.4030087157875506
0.5191780245684837
0.47923485166621715
0.23505521596682188
0.4201764574709618
0.4858081875267051
0.6170893446892048
0.5103197072391146
0.4039493044501739
0.4394750656528623
0.39428409940856773
0.33995969988633135
0.33389442337776326
0.39846187319067794
0.5123238972342052
0.5636500046846801
0.48929807066463005
0.4832204411978483
0.3447138824097738
0.37139260232287963
0.37763433526010687
0.3393011263954602
0.21627618777257684
0.36207951669126504
0.3108569429634714
0.328817804782361
0.37978240555745013
0.3179167746348583
0.3507348945952498
0.3197009316190143
0.24486360054843306
0.29688779508315866
0.2453777971294439
0.16836574848583297
0.06373642310879651
0.114739426202154
0.0891971059270414
0.3145013825259956
0.28794639928476234
0.3240805404541359
0.2801689429459576
0.36515451859927717
0.4491923965609291
0.40109913728901136
0.36866770949012906
0.2710480981648334
0.21040586285150187
0.21761240344757188
0.10910717098823304
0.243587420999132
0.2984264404471483
0.3752359961309434
0.46703562111452934
0.5270385084588725
0.5395903036845571
0.5200475185122719
0.42968755138178294
0.4025133148791087
0.5882081478148564
0.6284300442137944
0.5637999967399682
0.5654412938830243
0.5722920679216326
0.6041335604011702
0.6481452834714654
0.5747346381456694
0.5124899494007169
0.5158728667019202
0.4355937128513686
0.5975491490953062
0.5449728549831361
0.47335830204844515
0.4376886103896878
0.3748580336257355
0.5369803212668965
0.501771122133997
0.412589471735478
0.3803594432424196
0.4258644051206355
0.45968593150127784
0.4469459481650253
0.4993305286398169
0.5233340201266208
0.4546316832578272
0.3540889226019806
0.44872394175730557
0.485285831967665
0.5428367889389234
0.5560842562432187
0.5200960788430011
0.5011595837930138
0.5408924835768659
0.5866140697107124
0.504939180679703
0.598384872787606
0.546652671145969
0.342120211998871
0.3535882507506184
0.29983092800544
0.32916468228181317
0.3531669913147326
0.39921421933232765
0.4526150404750307
0.4350731488953842
0.34551391318291313
0.391568370294169
0.5750844482159736
0.5993423255817715
0.5460268264908719
0.5192255299248179
0.5617059675974287
0.4798090716639404
0.5395371611293163
0.4971568623543292
0.43802683579779533
0.4910252814650989
0.4270386884147166
0.46737786571588036
0.5095269381605501
0.5815396440758404
0.4946663314678248
0.4509466896177452
0.3323770002353572
0.33148309144377647
0.32230779528549247
0.3513301898519633
0.23391569129382966
0.30240075647717035
0.3038454429189712
0.43957446248351456
0.3264462196700524
0.2981222567528994
0.18640772140299788
0.12541957914592028
0.10857502996776505
0.14434649044569248
0.12180511133465795
0.039955345298353005
0.13508561752432058
0.15414583721480546
0.2272875250943145
0.29394580087371314
0.4667050769074902
0.35112060592019734
0.3237334356024971
0.29697569501411275
0.39007951949708214
0.43900513408812614
0.4387074583960965
0.4532399441113306
0.49810182381664664
0.3713224236830557
0.35231418498451694
0.367398113013509
0.4337611400443749
0.3636996127764679
0.3234854688459322
0.37805513667364693
0.3772118038652662
0.43925995923517724
0.3799925304197649
0.36002434246708614
0.2833003581643918
0.3377289650172026
0.2619314328955265
0.21388394281563783
0.2517185662406576
0.34497798371310334
0.3926895600689118
0.3157943788811235
0.34781956998402613
0.34329616391976764
0.4202962457129489
0.27882563894625717
0.37774019357615646
0.3754613834143584
0.37331972018701987
0.3320900671115953
0.3035997470114634
0.3976358292596778
0.4622493290786636
0.4477859300896395
0.3724015337472642
0.4007791287179795
0.3686114374964031
0.3929977631620526
0.3682330902502412
0.2936501464651096
0.3319646993468782
0.32479712165228236
0.3058777872670815
0.3367057679168553
0.2972946577032459
0.29280166600766555
0.2812229789707904
0.22321593985754254
0.0860065230867111
0.07418739554715516
0.14415359235276637
0.16494242215013338
0.13491541312582372
0.13661519439786785
0.14310571030939767
0.1497513168666004
0.07176672846706092
0.04054457551938836
0.1550064618037993
0.21381363647504176
0.24068292773424038
0.4212711757847108
0.45339111332191273
0.5003820697108066
0.4024781524385639
0.4842195127020188
0.4226384729016255
0.4893381024659774
0.580178984019432
0.590190425605868
0.5790906653774897
0.5333688543109376
0.5490491266826697
0.6059456929424875
0.5408399301635973
0.5029558565549007
0.5555162838131682
0.5583343481309907
0.5980978930396165
0.5393767141624558
0.5250233658787232
0.6202009097987662
0.5405706474026784
0.6357734453076396
0.6727174199127456
0.636893510948923
0.6176410202485938
0.6587296712544877
0.45649750698513475
0.35983776265206086
0.41328371910886996
0.3517259912678512
0.3905700396103601
0.41610237891268287
0.4808422456633694
0.5492718154723641
0.5514405897234587
0.5107458759058678
0.3992201029396809
0.36858395593977855
0.36768763195576093
0.17672681716783323
0.2908154260304619
0.2990349291210548
0.23225921757574064
0.2740935383857701
0.14096182362319387
0.12621948004779987
0.10472538757889567
0.15158583446161594
0.10745499260134592
0.10031531433482482
0.07171194380681906
0.11917392370717103
0.22562895093863747
0.1619256451577752
0.28912465308188606
0.4183833589055098
0.45217232979656946
0.39354097479724093
0.4393970021581522
0.4728726215536082
