0.08174041450785384
0.1394194621398302
0.10360276032638169
0.25372862561603177
0.18852287563161038
0.230460514912397
0.16676789849189785
0.2801100864617335
0.17263998579858345
0.18960387391008104
0.17585686286435587
0.0710345413887901
0.2153392052541099
0.2355418285559875
0.24198990602317197
0.4115828509161328
0.40831311382672714
0.304229314080489
0.44379725831604694
0.26241480700233377
0.24234580319963284
0.24454378059496815
0.23552043063819472
0.23614742527831603
0.07370161932204894
0.05315513636355941
0.009239938516546664
0.28009247773066737
0.1827168799592651
0.2999797619093327
0.3107208312478252
0.39214208131604367
0.28278476968241045
0.09863673059587573
0.3989519967473384
0.22271172786018498
0.30140986271153375
0.4075275337632627
0.20587306163356608
0.2997173412880116
0.4181214289089544
0.325178831398126
0.34040508119511403
0.32219897143765247
0.4753083695934838
0.24106390577175138
0.2767895076709463
0.27767487901927235
0.19835245883257116
0.07549792942556101
0.14281801469205557
0.10717665719048738
0.11044085431090252
0.06783662685032477
0.1232572744564311
0.3743227005767389
0.22080131300835643
0.11763336305224545
0.41846616275287984
0.42352608597001457
0.22868792116108203
0.03640157343358942
0.11318555067863242
0.35236004431162266
0.2362367917789135
0.38468410813400533
0.16571517830915394
0.3050463997504103
0.3371986851813527
0.3243292854710807
0.28119876065104754
0.15357815598832106
0.21479201874492856
0.03839653723717403
0.10812774888362828
0.2589471308927196
0.24128825429623438
0.2464686355900309
0.43847554301572633
0.2779522700066678
0.1159603922649742
0.11669840225986244
0.16667521836266994
0.2508662043827103
0.30253896574615247
0.13971281851265632
0.2236143214405961
0.2381484064341012
0.3553934644580186
0.498671403123148
0.44299268322351976
0.4804981285098833
0.33871143554242056
0.4526631257780014
0.42815347854249475
0.39511143180246644
0.4598315624691151
0.4612112876327151
0.20956342228563601
0.21383999400005405
0.34925361195655363
0.40269518525678805
0.3338518490745584
0.3995990948061801
0.18590326754377043
0.19635988416141753
0.16161323963570137
0.15636549774444608
0.10844737786869006
0.2073310814992181
0.18820513162844468
0.2845371139901589
0.29851685103787845
0.11257919134290041
0.07851896878543549
0.18001737386355754
0.2994742762995965
0.16032056637887518
0.08321620760406905
0.1510167426472442
0.40636713964351806
0.3272091655170793
0.3843230883483127
0.2721771585292606
0.2565502227684581
0.3523499556067913
0.18689261392727244
0.16117403330542363
0.28919518312752857
0.23823968354682587
0.116816657680486
0.27579227915381005
0.30653276397978324
0.37024653389629086
0.21343436846987876
0.49459791355704047
0.46105487038767
0.438899279068067
0.19396523551480227
0.18261161807113138
0.19167888572904235
0.21535785583537553
0.3328435385053545
0.06562636530647861
0.20196785492314276
0.17840333832313646
0.20885680047081334
0.10940000560568812
0.28173538922091595
0.24460903825241784
0.10099734152011812
0.2853482466342683
0.18097121233822744
0.27881799888585596
0.3770222601690633
0.15214675478158787
0.23228259938181345
0.3437898580374629
0.10447271358497599
0.10900861968399608
0.1799499622033895
0.1453080491302916
0.24021835230121885
0.28632561051790195
0.10731644079861213
0.15004476145804937
0.16631218905261497
0.21583513653677583
0.17778148283787246
0.17945543665736066
0.2712990695871242
0.05418117226035296
0.2230784923097326
0.3083999532453618
0.2576877675813776
0.3657176556062802
0.15938399273264234
0.16935744506565567
0.21133788453883984
0.2991651966095608
0.055035992809414375
0.0942758156244262
0.09419338840141234
0.08545201873745605
0.13221841858263578
0.0268444515843377
0.05646200640782129
0.3124687399939088
0.03727902940842755
0.2766386722415487
0.4709864240207881
0.36615113793255893
0.32325944889011093
0.1610673079470806
0.0904342328992596
0.4007613855906774
0.23977933108176322
0.3532596281588539
0.4166045510718688
0.12046245421068025
0.18650601285453716
0.2266147451950421
0.24022767904812128
0.20101636123424033
0.18682338057508155
0.22746484309892773
0.2917075887289445
0.1537413018535693
0.10824575608525357
0.07415852016664405
0.15335339447748375
0.3356174030521835
0.2056775703736967
0.2510718513926604
0.31475832711879703
0.1359960586229474
0.2992177835976686
0.14437956093361806
0.143419958259056
0.23489665781062463
0.1351728517656409
0.12890601533466797
0.07054161521140845
0.02330069060512099
0.11279042552265395
0.263320244438753
0.10300685520182892
0.0893383688239714
0.0555425407636875
0.08263630994348582
0.06898780455988747
0.0799890865149003
0.1142154316811763
0.1153542928529897
0.3188867882372044
0.2533333599448999
0.10021485973628264
0.0874086776722233
0.1501987345050795
0.2552545959467087
0.43340120532729187
0.2648785263230837
0.12549130566517439
0.13381053368404897
0.23084263164753938
0.07696623681056766
0.1711799584720854
0.27305021063398627
0.206005857047142
0.36133664307204816
0.335998263756094
0.21660127415668054
0.16214384752436153
0.2932184256263775
0.15625284595873445
0.2541405862490802
0.18288873168393543
0.07305899689019733
0.0768763986251351
0.08307446607603854
0.14398146195724137
0.11887860252030723
0.25733106784450366
0.2082286827281032
0.07752703775132895
0.23282170739556093
0.1770739007700895
0.21704955319724467
0.11222512005836065
0.271911216965011
0.34352464921566506
0.31468148147036684
0.2285236925489064
0.2578643704496323
0.30916910903557115
0.436054237555742
0.08481615834897735
0.11509277079376032
0.13614396547992882
0.1735072450260725
0.15444139287051561
0.10027646502394809
0.20102100191703995
0.11785827241782626
0.10932971970094008
0.10218465532300934
0.3790365977211533
0.399233046100218
0.40154610229839915
0.5168065259138994
0.42547262709546396
0.3064641694561272
0.2776126220743181
0.3037377120013941
0.06897277092505937
0.07958063095752128
0.18085610663373689
0.16006750926346927
0.12948972854029456
0.08516281840096561
0.10969870084620739
0.30291720167572356
0.25456471958489696
0.29179821548855395
0.418826222237654
0.3560756257755459
0.5517490178570366
0.3882532240707375
0.24411986561588347
0.2577735341819631
0.25515425216524323
0.12228233381436654
0.24693197965518107
0.27800781431084215
0.3506797376138704
0.3843981674085441
0.41280293036105065
0.180115779995611
0.19996259481942721
0.10162400732832051
0.08322789098256655
0.18219948136467
0.05986281962995092
0.03872355771116311
0.1743895649858778
0.2883637212835638
0.31169377794390246
0.09371528510884555
0.13952147035134335
0.19282408767302267
0.4285032126118315
0.08830564351470124
0.06907243361486569
0.17111870863453849
0.32729775654310583
0.38309289631717536
0.5567508635300842
0.37087163818778657
0.3743387409569668
0.305046314170511
0.3844513649681931
0.34750781088601224
0.3008140554683392
0.27410399276323283
0.3699773173384844
0.4111780555749461
0.15903862141029287
0.1915524615506213
0.10243162683168103
0.20536038389785055
0.158662464186214
0.19192198391537055
0.21179045935999638
0.06181528119874586
0.1728484617212834
0.17725125310034384
0.17664667565951778
0.05368402855750095
0.19728010970710252
0.32412763978067416
0.32270300559270537
0.23470712186902934
0.19600021280479907
0.23733623313218535
0.12689773453635206
0.03556531022145758
0.1192448856815886
0.17687593077673758
0.17058773768901453
0.11378504835815108
0.04467629767606206
0.036162460219187155
0.16740697238235627
0.31105825347312177
0.23144544067364345
0.4828854211952629
0.451450117694559
0.20571875179660343
0.16325513940084474
0.2534237351604484
0.15519237664110755
0.07649200931657821
0.3747232873743373
0.1969751951819288
0.2453877343311276
0.22584914821740576
0.18129252369070595
0.29557142087206073
0.17007623753507303
0.1772553920854548
0.07809329827599212
0.12897375883316156
0.20656354794687676
0.20502324698531527
0.1058467253669098
0.1427673030910689
0.1458091488804969
0.057050105968504995
0.17261789123464993
0.1982942146554168
0.15168858629810086
0.2188117967689655
0.22060856834443662
0.182970325503944
0.27070481030048993
0.3954850912982932
0.4756084015889686
0.543775021189172
0.2352607218680776
0.22903627898712314
0.1094117365033803
0.17357432880754814
0.3282124363943001
0.15859385560000674
0.2648895038096521
0.1268921107109448
0.1471019247350496
0.30833465038499486
0.2685221909450436
0.14828211407159508
0.16147862582318784
0.1859825412758787
0.10154737334902805
0.06291878175706317
0.07364748683821491
0.14109178147440424
0.12128891977028551
0.20208667732827917
0.08727331441079392
0.11827322832284402
0.03309820114724881
0.1970994205180505
0.23241929709242615
0.2634409641795169
0.12686429999375376
0.1615632313282138
0.30696223622895685
0.11711284807612281
0.13132976032403368
0.1359357254507388
0.21037531563395412
0.2349465579365635
0.31105254171166713
0.035978113316319546
0.17722966217838693
0.2404251346778354
0.24376451810613442
0.3268828509697838
0.26493269153605137
0.4711725232080442
0.2923285241813342
0.41218403065274295
0.2653779272917833
0.279418777093976
0.505844408638003
0.535947988384477
0.39774499293663906
0.23550701711374286
0.36623355368326094
0.2150535316040118
0.2907580808606069
0.17426323768267166
0.16813222205506806
0.2744201155849832
0.18473059351361917
0.3066620656891025
0.19240583025927901
0.3208114740783219
0.3027783513365876
0.20501320109323679
0.33594096211350144
0.14076358118970286
0.18117875853310522
0.28756032617176
0.17184519383099842
0.42819849617147254
0.305532879122172
0.40432279074395494
0.37424852080448645
0.46381300820448856
0.416954469049017
0.2800850081216301
0.23255493512077402
0.257467217410178
0.26827951478622
0.48635169385766436
0.3515620462054512
0.21741125204914513
0.22843634307588662
0.3772384536642277
0.41354630504606765
0.4804409987716801
0.3019753197141198
0.20947511610028266
0.30360320667058893
0.47003024801558546
0.3396959151649391
0.4213058591343485
0.2769704199390894
0.3686865829878451
