0.23514790987907158
0.2979990086865019
0.34764516476136215
0.4670094796383089
0.4775832708069076
0.5166544523922735
0.5754531691514866
0.49570426471588963
0.4988110858365076
0.48502145495028304
0.511081242888974
0.5030166208947122
0.43657058379337127
0.4819145919701342
0.34018335760312124
0.3297561971048718
0.4325071738567296
0.4548308729544882
0.4189064702706063
0.48568607168388395
0.3924211854692843
0.317700185474192
0.36080385201317167
0.26844568445873324
0.24792104251932828
0.28537790758544074
0.38646755214397266
0.5393392224912876
0.46514705968086295
0.4508171366207111
0.4909347610714434
0.5663882296960043
0.5332088193519534
0.45588384508216423
0.4882335529532822
0.48593781775155276
0.39261213372022374
0.4109450545593491
0.3803038715583732
0.45662595059662275
0.4341806578170422
0.44609035590613877
0.47009807607497023
0.5234818360267267
0.4482808419714036
0.44330559843678186
0.3776272349562862
0.3501567985950965
0.39209381701078944
0.4120608670723552
0.40219664216954526
0.3811522777427161
0.48952109185484066
0.6182284657576204
0.5934364098567662
0.5428438296958966
0.4557346750556702
0.4308677168328566
0.4676317909326499
0.4594410453451661
0.4359358602636155
0.2565039131916931
0.33545975058073346
0.34153424953061007
0.3562096672880568
0.365160770217468
0.33454130391408177
0.3078744384629283
0.32075273601189896
0.15853279968075054
0.10924480989558064
0.25322637857640434
0.12788046143993956
0.10417227938436871
0.11997687565759664
0.24478661126720153
0.27631827687006194
0.245644404318645
0.24141996791625195
0.2624423916417742
0.20518015041195684
0.12350121817260556
0.2377268526847482
0.20360542564226242
0.2074442271964541
0.11939580199642817
0.08847300573061742
0.08870742855161837
0.16209442561242807
0.13922900939484587
0.26410255879124533
0.22229912602069885
0.2768528860880774
0.3996923048817375
0.4056034275305933
0.5008763868333082
0.42811023858804614
0.41315106128968654
0.32820332940254554
0.3169630016439983
0.330950835367083
0.3955722432339353
0.3887275109464014
0.3276249010452541
0.35525336296579857
0.4116443752268691
0.5293540524701676
0.6005754816659612
0.6538370632879685
0.6117848810483599
0.5298428502947553
0.4546770214534148
0.4037271185204178
0.44785285519185314
0.46244753014671125
0.48584175516894007
0.4591449845494588
0.406884285293217
0.4889901894197189
0.5014277368094553
0.4615791344790412
0.5523648779233183
0.5465037754638362
0.48224450375481354
0.4850814720328591
0.5253663788080797
0.6399299679320101
0.6359347491579606
0.549022870420792
0.52643410753979
0.45630010813986
0.345186939427302
0.4110592178579494
0.44443366352391817
0.49304566126705474
0.6593335847635685
0.6859026635687149
0.5943100524054276
0.5787199532746237
0.5695629770634707
0.6415050724012725
0.4880160479483296
0.555735640566533
0.4812794388897223
0.4678883594776979
0.5021042997461128
0.5890059661264484
0.512993845305441
0.5983299631046886
0.6206587773013477
0.6394501307596853
0.6718729631440145
0.6447023413252564
0.6687455420029588
0.7367799510008403
0.7273933962587381
0.7271002805149805
0.7176871321333588
0.7793513857065052
0.7646366666235592
0.7603722695111047
0.6859380417849913
0.7349495139669006
0.7574519235762303
0.7278592593772436
0.7666325993102437
0.7902880647474075
0.8737926888997221
0.8986686003107563
0.877555013785372
0.8316123576414933
0.7746986974370469
0.7745584781363091
0.8398938763835031
0.9000665486523883
0.8912626557417707
0.857505728270845
0.8258631814087501
0.85340447218572
0.8692967841678633
0.8546652619471709
0.823502438626511
0.7519191155627881
0.6945063467072548
0.6782593365509284
0.7409052020469985
0.7406506372660256
0.6798350417778687
0.6216637084644566
0.7204351527452967
0.7975223391600048
0.7828747418212928
0.7869235955114705
0.7832144640701012
0.7166553575619813
0.6213510980310637
0.5725774271398406
0.6048978693645118
0.6498632959456745
0.7012169041849694
0.6896277765343849
0.6758897566877462
0.764218015132391
0.7695771686283537
0.684540091196311
0.6851401759120767
0.654780080712949
0.6322212532952731
0.6972138850629187
0.8053754866964575
0.7465565876922378
0.8172928206639725
0.8466270790809076
0.8995372977046694
0.8802293130127091
0.9308542469661107
0.9608161275668191
0.9435269465956824
0.9245568970687179
0.8743723643214198
0.8155225619561672
0.8527195025942832
0.7504179603070714
0.7245782986991378
0.5897612295709735
0.5931612599618812
0.5460907357404613
0.5837815788007196
0.6438504169097452
0.7008130011269075
0.6590250234857643
0.7425070895084722
0.7193517438493079
0.7108159983862199
0.7409809314747522
0.84542451781796
0.771394745113352
0.7554217185622453
0.811184656624244
0.793954415263241
0.7894129384469697
0.7764062243665424
0.5995945372496391
0.5558363505822881
0.5852431103071628
0.6083151122525847
0.674923375290914
0.6854699321464854
0.6472526028889531
0.6361276932541314
0.6042864245963835
0.5618919503284032
0.5521011690712412
0.5228782618550636
0.4490879694479345
0.49628594515481705
0.5630384750493769
0.6327467769392521
0.6552906761494541
0.6737037391463828
0.6971696347822808
0.7026172910998763
0.6220048955962062
0.6584385618296059
0.6737389170689424
0.6927971835748994
0.6850474310585518
0.6945342529911367
0.7144203101675031
0.723309986959108
0.6632437298610532
0.6175455001515748
0.627591097179324
0.6702202841634068
0.6332265900098859
0.5876254175560066
0.5830427933624608
0.558177787407476
0.5218766648872663
0.5670829570166263
0.6110124422034393
0.5951814519268614
0.6172603886837204
0.6756638017819027
0.7127045162729477
0.6617905154879833
0.6543178545579569
0.6847987769900685
0.6288366377847633
0.6421179332682868
0.6084575125133161
0.6709618736422249
0.6962325656621625
0.7324005601811856
0.7215695214534416
0.7474196432232164
0.7475581717001517
0.7795478946068278
0.7622080072531383
0.7229275361245847
0.7919857422894436
0.7405785602992739
0.7935352684464103
0.7779895113581441
0.6754523265618341
0.6395975258053622
0.5393995568516261
0.43901550127268146
0.4286668078176435
0.3993088493307504
0.2666028283456792
0.21299196676819918
0.17149171856754364
0.08747626907842238
0.04808440673542968
0.11632770383455518
0.15233054902309992
0.1673894366288488
0.20219053969786585
0.14180468083000453
0.16061749261626743
0.23642724601752338
0.26792586602900215
0.15953071708035982
0.05025386559410231
0.044349154472379734
0.04160007407723497
0.08906094571846099
0.18060273846876906
0.22706282825446067
0.0782397551430629
0.08257487316708748
0.2324899953938103
0.20952293099513686
0.21600785586874593
0.18907450065687575
0.2231220901647292
0.23850458051438164
0.34562042784790215
0.301868903488271
0.3188513777193942
0.34366680092333396
0.33721304990569
0.38273927387511586
0.44661558688115705
0.4416950037154576
0.4903317490100202
0.5092631337192137
0.5559059433340157
0.5485471413724158
0.5118931059067046
0.5024096505301926
0.41873566030554116
0.48792731482046797
0.43693124328700617
0.44694577477143527
0.5187549520732572
0.46173602629064153
0.3450453173325304
0.4146119935932887
0.49238749870327725
0.3846732568764854
0.3041334271588801
0.27717998991911263
0.333986179262584
0.39546271643989217
0.3959362741586407
0.33043232492766056
0.25982642674178963
0.1670399634036272
0.15875422034082412
0.215443092236479
0.21354499826316875
0.2485882609090027
0.22628500958313508
0.37274390506923877
0.46821946674692777
0.4439566861748953
0.4241708685528009
0.3689736679821987
0.48041361268830685
0.4272735256398235
0.4754034925507613
0.40550508542292213
0.4407361746204019
0.4941659607538951
0.4063787445496415
0.43133158215434475
0.48383536140913364
0.45977514674248204
0.4871501875532816
0.49092894218144706
0.43823638398274006
0.44623899995799154
0.4980973413114769
0.4712277767146239
0.536364852049441
0.472767116749347
0.4650062472810143
0.4268119527014878
0.39376309498236106
0.39166854312861105
0.43449952971323214
0.44742557385265597
0.44864620406045896
0.45029182988723754
0.42213670890404725
0.4693430665969728
0.4845442755760584
0.47784584849464457
0.4506354468807366
0.44904428236628946
0.4104751519421825
0.4536105976594391
0.3988197964670167
0.41435537188981103
0.49258957291168076
0.5266532679537329
0.5410956904787783
0.5595080658455135
0.5583746898740068
0.6235994824057347
0.5730117384397688
0.6143998008490053
0.6719777105483926
0.7126130936216215
0.7542259887725726
0.7328122261684081
0.7005650115180608
0.729957531795958
0.7755425706049651
0.7290841614138692
0.7450417752818475
0.795345763830167
0.7924312928675896
0.7792669301178489
0.733473576929523
0.7492164671699596
0.7800881369517262
0.8065303553676144
0.8246252789903556
0.839793818535349
0.7921519411633037
0.784293996151789
0.7253491721248768
0.7073710311319737
0.675448612957566
0.6357734618404483
0.4943860740501908
0.5169284420626591
0.4995064732047033
0.5007097663049798
0.5035834977230934
0.496045667800397
0.5070722542961899
0.5401855052016176
0.5348077945165924
0.5368662084109136
0.5277029208528997
0.5413875670268191
0.5905162408257016
0.5508305046270999
0.5688359447800809
0.555430572770334
0.5216494117026148
0.5760804323960647
0.5451664442761386
0.5234867719593403
0.5143670099787928
0.4387783361214166
0.42637135966397116
0.40322785935496475
0.3886203208821819
0.41442460762659244
0.3804726931751628
0.39887365169875433
0.36395378384469873
0.3438808278701286
0.33915767666871843
0.30328275992484544
0.2926058605910845
0.3136924079279609
0.3002000639088389
0.2585599485683701
0.2535810315766963
0.2878527564805833
0.22336372779255054
0.14671047156651165
0.17009298580682258
0.279148089607518
0.44598036593767015
0.5501797971083943
0.6208336934079529
0.5887079680411559
0.5195716262684942
0.6334475611824708
0.6946687362030423
0.7242912694113511
0.6991242689562286
0.6258296034136245
