0.012023387074607145
0.14455258095808748
0.20578423777069915
0.277406010465451
0.3553124825709289
0.4293152994860341
0.49860169261088366
0.5604489428869168
0.6193516671276242
0.6706159593726021
0.7149458153750283
0.7510764943955465
0.7833886708559397
0.8120411898418177
0.836958011011697
0.8608302305226436
0.8794124102774418
0.8964425803397212
0.9117650399544632
0.924819288924618
0.9351333214162705
0.9433061439860179
0.9511289869784912
0.9568888185370029
0.9624241024341469
0.9679914668009518
0.9725051590395127
0.9760803057635001
0.9795027263129527
0.9825157713868048
0.9856646286786858
0.9875044462669784
0.9886838845054736
0.9905339586693388
0.9914995785454651
0.9923126146407117
0.9937690491030455
0.9947368487005978
0.9954877993621915
0.9961070069862682
0.9966710185643627
0.9968324008140136
0.9971866584176506
0.9976471727115616
0.99781446026415
0.998025251648976
0.998343748480097
0.9985660703609296
0.9986907858026943
0.9988257480921188
0.9989056359170212
0.9991543638878192
0.9991436778821906
0.9991963893575959
0.9993414797462989
0.9994449371923225
0.9994444933042357
0.9994728412661658
0.9994505340375511
0.9994930525057135
0.9995222403314451
0.9994827679289212
0.999477923348562
0.9994631849394064
0.9995008183736317
0.9995243937654668
0.9994929091834801
0.9995248412025804
0.9995158222620514
0.9995593946996242
0.9995168461462202
0.9995072820648937
0.9995235887072119
0.9995133752089771
0.999514975091894
0.9994823990526278
0.9995101620787372
0.9995020401698926
0.9995014158736218
0.99948568268614
0.9995290369705152
0.9995399041577464
0.9995111234948257
0.99952460567211
0.9995565227130593
0.9995339296778252
0.9995103732328537
0.999544277182652
0.9995362899551988
0.9995551144299379
0.9995587338923184
0.9995199926249344
0.999539555450535
0.9995150740653685
0.9995709743039061
0.9995649135201017
0.9995740185624308
0.9995567481692563
0.9995281150838209
0.9995454131784768
0.999545466278406
0.9995441961605707
0.9995326370153477
0.9995114326452756
0.9995328889236611
0.9994905939430608
0.9995406020913463
0.9995740585859131
0.9995695118743818
0.9995629027596912
0.9995761831562201
0.9995747947980141
0.9995728885746142
0.9995367688722702
0.9995552286618955
0.9995487618902383
0.9995374118872999
0.9994841875942265
0.9995218500049949
0.9995398128906103
0.9995178200366072
0.9995046164768945
0.9995021619982438
0.9995500644321859
0.999543046764618
0.9995528963158161
0.9995172412812646
0.9994998924574178
0.9995158654458376
0.9995267333451744
0.9995486285556666
0.9995221347117811
0.999510361149992
0.9994476808741108
0.9994460031458292
0.99946607466527
0.9994635812955655
0.9995146515089521
0.9995095439792422
0.9995228572559935
0.999546514798151
0.9995812215309332
0.9995456043955575
0.9995441261742484
0.9995558792429975
0.9995399255454633
0.9995375975820671
0.9994908185330629
0.9994917050239757
0.9994692952942614
0.9994078326058976
0.9994423138291137
0.9993953849845872
0.9994142527164079
0.9994673535287986
0.9994442496452292
0.9994729311303349
0.9995100198628513
0.9994649655244993
0.9995392633909976
0.9995159435913802
0.999522991633368
0.9995375351874315
0.9995609024260718
0.9995850351734459
0.9995370696604581
0.9995447181357455
0.999524680270958
0.9995383374074396
0.9995184896779128
0.9995196088565368
0.999536881112384
0.9995082649195463
0.9995060678173432
0.9995480833055932
0.9995434545488013
0.9995409871309082
0.9995285724422214
0.9995175585813567
0.999528411906508
0.9995734706319696
0.9995320650718592
0.9995392695405179
0.9995230669296415
0.9995575827382623
0.9995455938757852
0.9995696920303734
0.9995559315505099
0.9995771147035768
0.9995700702758319
0.9995393141343241
0.9994972775223449
0.9995088594748498
0.9995060134813285
0.9994776793277774
0.9995456221103561
0.9995517082783134
0.9994944611357924
0.999520777868005
0.9995427667766222
0.9995099166045868
0.9995553960167295
0.999549519488118
0.9995205536597221
0.9995040509030498
0.9995047196871051
0.9995500013383296
0.9995299756708711
0.9995387303209373
0.9995646863852214
0.9995428040794702
0.9995589171244936
0.9995731738900563
0.9995665315692329
0.9995298870896085
0.9995166273039342
0.9995404463941533
0.9995061152284177
0.9994692701504082
0.9994820689401017
0.9994706911076425
0.9994358744893033
0.9994762826132142
0.9994694338425859
0.999477232153311
0.999457894016214
0.9994997704046592
0.9994644289496271
0.9994994672099675
0.9995409350069777
0.9994597117747815
0.9994797579801599
0.9995108144271189
0.9995552491662838
0.9995139997499611
0.9995144690043606
0.9994651733948773
0.9995178043368286
0.9995073560800382
0.9995288247191034
0.9995419912885034
0.9994600349278705
0.9995084482953953
0.9994455048282784
0.9994790267238899
0.9994934758495341
0.9994876079359353
0.9995160904851801
0.9995223077772903
0.9995126713949914
0.9995051803994639
0.9995337306997053
0.9995282382673375
0.999557675634632
0.9995787094098484
0.9995167194736335
0.9995563711195741
0.9995374474337309
0.9995207589196013
0.9995387839766621
0.9995712649042587
0.9995641594934165
0.9995635711038199
0.9995692150002078
0.9995701740833854
0.9995642420530865
0.9995368632230597
0.9995434825387691
0.9995353060560124
0.9995332266904323
0.9995402392786888
0.9995337972138908
0.9995324542721338
0.9995040493585104
0.9994991825352915
0.9994401871818452
0.9994841235351154
0.9995070854571442
0.999483898717565
0.9994802904078369
0.9995038215979856
0.9995085560702277
0.9995019179674368
0.9994710481488948
0.9994682575425446
0.9994968496503812
0.999484441070841
0.9994875663240247
0.999521852571658
0.9994585514055517
0.9994661006276919
0.9994274059915884
0.9994671652343671
0.9994554162133941
0.9995135442910832
0.999464056537095
0.9995292113760726
0.9994405462703957
0.999487888317999
0.9994321901839741
0.9994654534793117
0.9994745154239922
0.9994979540936568
0.9995029066562502
0.9995486894150314
0.9995693545900809
0.9995623056199466
0.9995588677578913
0.9995389566671058
0.9995699388105431
0.9995451090998908
0.9995772696940918
0.9995613986766564
0.9995763690408122
0.999582691211565
0.9995673579154175
0.9995375485755255
0.9995434200221268
0.9995398431128045
0.9995622071139305
0.9995299516514016
0.9995461558054315
0.9995706678655907
0.9995611562110978
0.9995374841500096
0.9995327383880138
0.9995524786068964
0.9995429193489078
0.9995420352571369
0.9995540273306147
0.9995640458194012
0.9995822486825426
0.9995359618668784
0.9995371283159116
0.9995315296309981
0.9995523065938221
0.9995302155266382
0.9995114732181221
0.9995634861170981
0.9995362185198797
0.9995175800335042
0.9995427609312134
0.999499900408587
0.9995155871074214
0.9995723835571735
0.9995545762211424
0.9995226959854805
0.9995849582479184
0.9995730669078394
0.999576730878807
0.9995622042484101
0.9995821692908116
0.9995484982908013
0.9995576437024758
0.9995902148903585
0.9995568904547937
0.9995011060696736
0.9994977883773819
0.9995164744641062
0.9995328848656297
0.9995138631542115
0.9994875495392248
0.9995021104163384
0.9995196544366586
0.9994669024280032
0.9995060086289985
0.999528031639588
0.9995435689240919
0.9995030753296067
0.9995164314544108
0.999530039262867
0.9995019752369221
0.999502468033095
0.9995127907797012
0.9994777424074874
0.999377406912547
0.9993571263292356
0.9993388901802444
0.9993398227598966
0.9994240752918729
0.999440037074593
0.999495757656482
0.999509681285599
0.9995259048085499
0.9995186737588984
0.9995017481107759
0.9993950957176096
0.9994117890517032
0.9994296296347129
0.9994116069721714
0.9993941357500732
0.9994445245972047
0.9994659352965269
0.9995277274557672
0.9995639890839622
0.9995510768842073
0.9995430512232701
0.9995606684370242
0.9995501646714469
0.9995726830028545
0.9995560076685235
0.999567403255707
0.9995308891952948
0.9995830918687952
0.9995873534675233
0.9995554185433799
0.9995772840809081
0.9995506017671278
0.9995806620930604
0.9995566025488511
0.9995596853049562
0.9995595388205643
0.9995725808910844
0.999548667190779
0.9995322094504376
0.9995448068428444
0.9995269135320238
0.9995360000237244
0.9995302965195414
0.9994843567897873
0.9995551331902058
0.9995605567655834
0.9995681155010423
0.9995506917596249
0.9995487479443365
0.9995346059476043
0.9994761605943702
0.999521461078281
0.9995227047306938
0.9995370844935673
0.9995314984656074
0.9995434494590735
0.9995546509465939
0.9995433293955472
0.9995179092026045
0.9994982852103179
0.9994982929689605
0.9995330367639604
0.9995578349172457
0.9995550203065275
0.999546275513972
0.9995415980148792
0.9995400306780189
0.9995913625067985
0.9995270364419983
0.9995827330434948
0.9995663973537217
0.9995541063761335
0.9995501644338727
0.9995498561687843
0.9995626665087357
0.9995457783885741
0.9995461105822716
0.9995446142273803
0.9994989298946013
0.9995309881190257
0.9995213316285197
0.999504748017939
0.9995366998037031
0.9995493074121607
0.9994996734023888
0.999478142796714
0.9994745312085747
0.9994873762640747
0.9995345602761413
0.9995339327348862
0.999534136451912
0.9994935836170702
0.999527397418975
0.9995414688233288
0.9995976794354728
0.9995784737868838
0.9995582867031901
0.999565376692806
0.999551131719001
0.9994929495524162
0.9995038564278573
0.9994844512947969
0.9994809026869866
0.9994856601076902
0.9994886960141153
0.9994984773405996
0.9995042006899874
0.9995003692875342
0.9995051883587295
0.9994709713000864
0.9994256018074821
0.9994876919275594
0.9994480663877323
0.9993959020854284
0.9993759527217466
0.9993250195331357
0.9993471873807072
0.9994104252417045
0.9994511856982414
0.999480592027884
0.9994846127567376
0.9994906768736423
0.9994571506144175
0.9994587110805392
