0.07213111750727584
0.6084120932413835
0.8102137357695863
0.9034384499599345
0.9387135435562329
0.957991383838946
0.9700368681925209
0.9779700720061673
0.9828171863903217
0.9876123190579873
0.9905383026975928
0.9922743346520944
0.9943845448550538
0.9955182339420041
0.9965862042846546
0.9972285515084606
0.9980778854363181
0.9985531018935556
0.9988718103304833
0.9989726520065153
0.9990750746898044
0.999040202943661
0.9990713137203393
0.9992123906986092
0.9992417481350776
0.9991928950412937
0.9993459191948084
0.9995160352107455
0.9995196814075424
0.9994407336057592
0.9994566055516616
0.9995026783608243
0.9995294632771525
0.9995408052600899
0.999526150714218
0.99954484421602
0.999592239474934
0.999586937587448
0.9995022103378721
0.9995276562776271
0.9995321837095353
0.9996047780473043
0.9995219278949169
0.9995383850406413
0.9995974014875482
0.9995121671811146
0.9995407802113789
0.9995445881614259
0.9995279239544815
0.9995707537161868
0.9995422279620191
0.9995665879169571
0.9995937808392256
0.9995152400620235
0.9994656389048505
0.9995629489477488
0.999529851904358
0.9995317204656038
0.9995214249991284
0.9995002391963419
0.9995278082548208
0.9995795353129556
0.9996281160827816
0.9995727750241475
0.9996132712715263
0.9995082024794879
0.9994936165172977
0.9995304131437246
0.9995230793304356
0.9995051087038185
0.9995224018035331
0.9995573414494416
0.9995957049785886
0.9996180625716615
0.9995297565489293
0.9995017379285885
0.9995452451601223
0.999553875307327
0.999496899775082
0.999503676571902
0.9995282979273554
0.9995417649208728
0.9996007275620982
0.9995711224391206
0.9995711046603358
0.9995640195080071
0.9995655957512785
0.9996113678278468
0.9995958619777074
0.9995724250530769
0.9995455058390177
0.9995718235992669
0.999600915956855
0.9995410243639187
0.9995360388212315
0.999537239578299
0.9994771469439138
0.9995715201253293
0.9995153659994866
0.9995864493296207
0.9994943146453803
0.9994539155915374
0.9994777053218049
0.9995231424774624
0.9995469095692192
0.999541733682563
0.9995312512784397
0.9995690355023623
0.9995848196316793
0.9995675215481823
0.9995797945240517
0.9995113605889793
0.9994808351483812
0.999425738089547
0.9994549986872455
0.99943340990534
0.9994246101427874
0.9994534082737198
0.9994422324654204
0.999532435166213
0.9994721629407256
0.9994540309260787
0.9993614906035235
0.9994680386946379
0.999503559036811
0.9995370906581016
0.999552218062902
0.9994845592773194
0.9995006494885583
0.9995366904056389
0.9995510548297434
0.9995621733241447
0.9995950723194128
0.9995767407292957
0.9995893161767303
0.9995509568646085
0.9995113397463081
0.9994923764432206
0.9995369188949859
0.9995318927451056
0.9995252713374161
0.9995632289058819
0.9995859727885393
0.9995630906675982
0.9995240718429734
0.9995563089358145
0.9994787124614878
0.999508346171118
0.9994950602150722
0.9995185479555212
0.9995280395045356
0.9995968240161748
0.9995699260758637
0.9995400104688654
0.99960243901584
0.9996012146782168
0.9995777535067384
0.9995726014826041
0.9995513285911313
0.9996048898982342
0.9996029422471615
0.9995793163533361
0.9994947599276991
0.9995111143723417
0.9995168154317797
0.9995227058293896
0.9995387030780024
0.9994921011044814
0.9995898319243918
0.9995451440604398
0.9995864308255411
0.9996189939510342
0.9995224059808906
0.9995387610025348
0.9995686915734677
0.9995711124811281
0.999583811040585
0.9995610764782924
0.9995418268644324
0.9995423701604531
0.9995492897224034
0.9995075830198432
0.9995340261923703
0.9995849738250899
0.9995408797428621
0.9995638512100284
0.9995939990961571
0.9995599708620789
0.9995122414271927
0.9995228369336411
0.9995396449624587
0.9995924027214899
0.9995908102902655
0.999615538948615
0.9996019569295966
0.9995707127236267
0.9995563687799461
0.9995489001506451
0.9994896419542307
0.9995448671801913
0.9994711182586147
0.9995786539282479
0.9995808846932773
0.9996196314569007
0.9995886295375178
0.9994888210651156
0.9994747375860564
0.9995355664574023
0.9994734430675503
0.9994990600901765
0.9995687388240994
0.9995193885254886
0.9995406801614195
0.999515672767947
0.9994994249371323
0.9995108546507393
0.9994625568231991
0.9994895798998156
0.9994506684765332
0.999410881333739
0.9995212846279331
0.9994195397946717
0.9993956340801073
0.9994272881105153
0.9994908899934799
0.9995004377579065
0.9995262212282578
0.9995097444969759
0.9995033394358727
0.9995011075597802
0.9994878494705697
0.9994681490107129
0.9994431983296079
0.999426747969199
0.9994143754008631
0.9993715140719587
0.999269064379195
0.9994315907163046
0.9994764503780624
0.9995465935169972
0.9995166626592574
0.9994989638256806
0.9994406224686779
0.999410326035338
0.9993247512207306
0.999291116807139
0.9993925334614422
0.9994101788752613
0.9995095807530785
0.9994981268678407
0.9995387780271675
0.9995415733877565
0.9995553841039757
0.999480714775957
0.9995286485176955
0.9994554906615973
0.9995432242321092
0.9995509290836111
0.9995121647853609
0.9994816847913005
0.9995137770192892
0.9995056030722358
0.9995003003224333
0.9995139605329086
0.9995425284016792
0.999555172889788
0.9995366953694343
0.9995075731978053
0.9995049907383632
0.9995662433835546
0.999568916230106
0.999572643632617
0.9995721156409713
0.9995185724744635
0.999496142643043
0.9994993108445993
0.9994995237577995
0.9994885127020412
0.9995796358364654
0.9995441298823063
0.9995168215685815
0.9995601099471842
0.9995778532912306
0.9995843074466921
0.9995595183582414
0.9994866314022111
0.9995630887885145
0.9995732246993739
0.9995678457962618
0.999557003403102
0.9995756040165895
0.999567918071889
0.9995586083872788
0.9995437140273721
0.9994977301612314
0.9995601520631867
0.999557612878037
0.999601536933175
0.9995921637305236
0.9995631478826329
0.9995177448631908
0.9995099553194393
0.999545531753133
0.9995836975147299
0.9995275167773826
0.9995236638907706
0.9995539129283494
0.9995820874212309
0.9995211299643565
0.9995258437724757
0.9995667284817933
0.9995099552130655
0.9995471985525815
0.9995055351349871
0.9995383386598049
0.9995157754366593
0.9995597287720603
0.9995783943956843
0.9995990389550512
0.9995937619603437
0.999557087062072
0.999554052604793
0.9995721657012149
0.9995654274587557
0.9996139278339229
0.9995237177872689
0.9994757320658654
0.9995287245205063
0.9995464507176643
0.9996021969478183
0.9995689604792779
0.9994900252691643
0.9994445905607545
0.9993749129567343
0.9993979645164595
0.999414817783768
0.999550017902491
0.9995386376235598
0.9995284509870811
0.9994969391655173
0.9995020507039015
0.9995176314031351
0.9995666010043774
0.9995349580119691
0.9995829391168196
0.9995153338904992
0.9995912640060274
0.9995641568492262
0.9995633832599182
0.9995541786320591
0.9995663849930978
0.9994346580825899
0.9995090114419432
0.9995782812577713
0.999514934231436
0.9995869091500541
0.9995793945369923
0.9995572896292287
0.999464891364087
0.9995257932285382
0.9996051364041886
0.9995849846288324
0.9994424036378853
0.9994423117769173
0.9994675453882017
0.9994535678851704
0.9994317593405952
0.9993707757874252
0.9993491545303126
0.999468500736376
0.9994665434171194
0.999499327982312
0.9994410589916423
0.9994675551863731
0.9994676880660539
0.9995174727966337
0.9995582170811169
0.9995875148370239
0.9996041385189046
0.9995521264738991
0.9995650525255435
0.9995685770276468
0.9995417257158438
0.9994639931999687
0.9995038909489816
0.9994830423097093
0.9995017538747315
0.9995047460436266
0.9994833790753765
0.9994820076389546
0.9995695662703942
0.9996015607879689
0.9995611246437033
0.99951896325826
0.9995299979707535
0.9995547150748069
0.999579848353066
0.9995585976860796
0.9995350243676613
0.9995622402596852
0.9995503112654553
0.9995561945318396
0.9995706565438716
0.9995718737301411
0.9995498884455376
0.9995440684171427
0.9996002183636857
0.9995668601450095
0.9995291615215907
0.9995461411018597
0.9995579897869522
0.9996116426651804
0.9995915504204874
0.9995764694290863
0.9995205985316625
0.9995083022617322
0.9995191051781219
0.9995799715043312
0.9995078201436836
0.9995172189127317
0.9995296961185737
0.9995451418910485
0.9995532235158874
0.9995713095699723
0.9995035654793067
0.9995463382050475
0.99955278905814
0.9995547221404573
0.9994861055041205
0.9995445621079833
0.9995494243562747
0.9995897887331338
0.9995785843020749
0.9995324677945758
0.9994959676038233
0.999483240134756
0.9995163241595509
0.9995052484547753
0.9995622269879217
0.9995720256705959
0.9995567697466021
0.9994956070911769
0.9995123548202899
0.999492005032085
0.9994719604424335
0.9994596326789179
0.9994750989981257
0.9993815152635159
0.9995097340316137
0.9994982902672025
0.9994675548696627
0.9995238597467936
0.9995015506396342
0.9995127919548756
0.9995354095715032
0.9995350812374687
0.9995419657524369
0.9995364836945548
0.9995269969672126
0.9995921532847765
0.9995801617497968
0.9995942233265076
0.99952785610687
0.9995576627962103
0.9995181636074868
0.9994725636067789
0.9994896265139123
0.9993889993544229
0.9993839922723445
0.9994499988732654
0.9994425605248654
0.9994712101380864
0.999459079490755
0.9994351769938712
0.9994432109046995
0.9995317590102323
0.9995002921160581
0.9995229529190324
0.9995957589268132
0.9995319766119589
0.9995020623535923
0.9994919563157201
0.9996263394497662
0.999543402927267
0.9995554625766938
0.9996167322043779
0.9995640303245626
0.9995753697645021
0.999583612269042
0.9996007777503225
0.999535287858959
0.999541116049235
0.9995131415852122
0.9995743819685593
0.9994546914926659
0.9995419875201098
0.9994230188429333
0.99937749581985
0.9994421680707051
0.9994146455618141
