   400
   7
   0.1
   0.1   0.03   0.09798850984298542
   0.1   0.03   1.1946265026544463
   0.1   0.03   4.4311850959943895
   0.1   0.03   0.4717133295097365
   0.1   0.03   0.08736138010940404
   0.1   0.03   1.1127936186691656
   0.1   0.03   4.9817441795208754
   0.1   0.03   2.0250491268570325
   0.1   0.03   0.3032278345646016
   0.1   0.03   4.565840868233018
   0.1   0.03   4.065029556504045
   0.1   0.03   2.2595507060012863
   0.1   0.03   2.2109923119721575
   0.1   0.03   2.67008857339359
   0.1   0.03   6.025986203423351
   0.1   0.03   3.4987770746685487
   0.1   0.03   0.4281008590985967
   0.1   0.03   2.1848835948338814
   0.1   0.03   1.723436598441618
   0.1   0.03   1.908526624285206
   0.1   0.03   1.7532302018224863
   0.1   0.03   5.9000288399358825
   0.1   0.03   3.442661034174013
   0.1   0.03   5.001906256750398
   0.1   0.03   5.855166240629116
   0.1   0.03   5.823377421599532
   0.1   0.03   5.436089480546778
   0.1   0.03   0.8761208038890349
   0.1   0.03   5.494059935294289
   0.1   0.03   5.373757421696474
   0.1   0.03   4.470547778072778
   0.1   0.03   0.6816528239380836
   0.1   0.03   1.6165474404290383
   0.1   0.03   2.1147862426118715
   0.1   0.03   4.671626931468324
   0.1   0.03   3.542921809626922
   0.1   0.03   5.6012974033284175
   0.1   0.03   1.1449627360032235
   0.1   0.03   2.236767089862783
   0.1   0.03   1.4181985317326453
   0.1   0.03   4.766488417334985
   0.1   0.03   1.0002190242177071
   0.1   0.03   2.928844335962039
   0.1   0.03   1.4445576473256965
   0.1   0.03   4.799720679496037
   0.1   0.03   1.4817131358085895
   0.1   0.03   5.298620618249048
   0.1   0.03   4.098966017246943
   0.1   0.03   6.246315595079427
   0.1   0.03   5.220625565610746
   0.1   0.03   0.0075733192042431955
   0.1   0.03   6.134267152213046
   0.1   0.03   1.2398417578466272
   0.1   0.03   4.776418413055696
   0.1   0.03   0.8748926113575521
   0.1   0.03   1.878176060954808
   0.1   0.03   5.880825501979957
   0.1   0.03   1.8035932185592203
   0.1   0.03   5.46884193987352
   0.1   0.03   5.82235088319041
   0.1   0.03   5.543842305747603
   0.1   0.03   5.818859074048161
   0.1   0.03   3.1766527745571356
   0.1   0.03   5.601100099137134
   0.1   0.03   0.14071940888768728
   0.1   0.03   2.6655226947713038
   0.1   0.03   3.0018966279460275
   0.1   0.03   5.252870634531544
   0.1   0.03   0.7141772158767563
   0.1   0.03   4.0729774670468375
   0.1   0.03   0.5263905463451606
   0.1   0.03   4.160921108250761
   0.1   0.03   3.787988767290868
   0.1   0.03   5.9411293478135025
   0.1   0.03   0.6147655763656852
   0.1   0.03   1.9726846602312074
   0.1   0.03   2.2053703565582277
   0.1   0.03   5.73529367941252
   0.1   0.03   6.082595510692957
   0.1   0.03   0.4720280313344837
   0.1   0.03   5.879578908611269
   0.1   0.03   2.550420740678155
   0.1   0.03   1.5429425606630485
   0.1   0.03   5.046115560761287
   0.1   0.03   0.03920811599563072
   0.1   0.03   0.35723672999122774
   0.1   0.03   3.867463804328432
   0.1   0.03   3.7037636464544965
   0.1   0.03   0.9364942417145186
   0.1   0.03   3.287652628656663
   0.1   0.03   2.5185348131472405
   0.1   0.03   2.7774115872705676
   0.1   0.03   6.237300537285029
   0.1   0.03   1.198623941489139
   0.1   0.03   4.339624836589515
   0.1   0.03   4.5027105591431615
   0.1   0.03   5.178450510881461
   0.1   0.03   0.4557090464610015
   0.1   0.03   1.9493108446938148
   0.1   0.03   1.202261721374568
   0.1   0.03   5.159178580016702
   0.1   0.03   1.2892803617924191
   0.1   0.03   4.351161067982488
   0.1   0.03   5.484688258145259
   0.1   0.03   0.7108998474111259
   0.1   0.03   5.834816694773357
   0.1   0.03   2.127878584817883
   0.1   0.03   5.353006236524042
   0.1   0.03   1.7455638443606813
   0.1   0.03   0.33947764019211396
   0.1   0.03   6.040551984883479
   0.1   0.03   4.919242765599867
   0.1   0.03   3.449467385868524
   0.1   0.03   0.46922433300960065
   0.1   0.03   3.728391643416376
   0.1   0.03   5.368543195839681
   0.1   0.03   6.095684866819999
   0.1   0.03   1.6000730482352783
   0.1   0.03   5.739746710342895
   0.1   0.03   2.746213240146191
   0.1   0.03   6.031471483448743
   0.1   0.03   4.034202771168422
   0.1   0.03   4.9853480876170355
   0.1   0.03   5.9579820623261766
   0.1   0.03   1.7234194045975737
   0.1   0.03   5.007731173329529
   0.1   0.03   3.7744372751264046
   0.1   0.03   5.386973263386174
   0.1   0.03   0.9243435720392466
   0.1   0.03   1.877624327588687
   0.1   0.03   0.670287211221865
   0.1   0.03   1.0678204327279315
   0.1   0.03   2.956512700586726
   0.1   0.03   5.6718488075953415
   0.1   0.03   5.925996424077395
   0.1   0.03   1.1005554895319805
   0.1   0.03   1.4850337390875237
   0.1   0.03   3.471923117685847
   0.1   0.03   2.6857276340329674
   0.1   0.03   4.518326431198463
   0.1   0.03   0.6378345552072049
   0.1   0.03   2.047419185193514
   0.1   0.03   1.4607083631508564
   0.1   0.03   4.869374015169483
   0.1   0.03   5.428023558885716
   0.1   0.03   4.928212310629194
   0.1   0.03   5.135520099275553
   0.1   0.03   3.9013817588362945
   0.1   0.03   5.265478505542451
   0.1   0.03   0.8593084049477744
   0.1   0.03   4.733681930290156
   0.1   0.03   3.1930830352244874
   0.1   0.03   3.8100025304340615
   0.1   0.03   0.5030632157047962
   0.1   0.03   0.5139586893692264
   0.1   0.03   1.9125460891554842
   0.1   0.03   2.438631780684749
   0.1   0.03   1.1310281053579905
   0.1   0.03   3.901408414079103
   0.1   0.03   1.4478431019520661
   0.1   0.03   1.9799762992748244
   0.1   0.03   1.103689412070883
   0.1   0.03   4.430346060619681
   0.1   0.03   2.984816708277827
   0.1   0.03   1.4716853109957237
   0.1   0.03   4.0737406898996475
   0.1   0.03   1.1397228153814711
   0.1   0.03   1.0479419761536433
   0.1   0.03   1.6648220104777318
   0.1   0.03   0.5185153510711112
   0.1   0.03   3.8742029096362733
   0.1   0.03   5.724287504532668
   0.1   0.03   1.4682893442505214
   0.1   0.03   2.9142468660765095
   0.1   0.03   3.6090950269303255
   0.1   0.03   5.394481525123493
   0.1   0.03   1.74524868626192
   0.1   0.03   1.3169144028073365
   0.1   0.03   3.207708544021562
   0.1   0.03   0.38685356703489243
   0.1   0.03   2.3107494439205487
   0.1   0.03   2.5592833730041984
   0.1   0.03   1.9091566458272782
   0.1   0.03   4.370194376654339
   0.1   0.03   1.4496954328281328
   0.1   0.03   0.304392262550981
   0.1   0.03   4.350750784037674
   0.1   0.03   3.621825763946583
   0.1   0.03   1.0953974948396532
   0.1   0.03   1.183731945422942
   0.1   0.03   5.751093892546494
   0.1   0.03   1.8075803938872053
   0.1   0.03   3.8308649048667274
   0.1   0.03   4.636294459932285
   0.1   0.03   4.238981134554389
   0.1   0.03   0.9163077718428889
   0.1   0.03   4.079958217249767
   0.1   0.03   5.631218632408341
   0.1   0.03   0.802221038489433
   0.1   0.03   1.1319074440340897
   0.1   0.03   0.1108324127923211
   0.1   0.03   0.4674629765622684
   0.1   0.03   6.241479770144224
   0.1   0.03   1.753794984872034
   0.1   0.03   4.0983253200817495
   0.1   0.03   3.28992276602537
   0.1   0.03   0.10391896677169286
   0.1   0.03   4.1814901098307455
   0.1   0.03   5.016059180549272
   0.1   0.03   4.931181929060179
   0.1   0.03   6.096314608349224
   0.1   0.03   5.664213793321908
   0.1   0.03   0.6326574578742241
   0.1   0.03   3.172781395090546
   0.1   0.03   0.610179327595899
   0.1   0.03   4.380234903665531
   0.1   0.03   1.1661374448643107
   0.1   0.03   0.8027226628048603
   0.1   0.03   2.457672486542968
   0.1   0.03   5.639048018795255
   0.1   0.03   3.0734298337231176
   0.1   0.03   2.891463175222271
   0.1   0.03   2.5399755981296828
   0.1   0.03   0.9905329212679367
   0.1   0.03   4.009263583236212
   0.1   0.03   0.879756723898827
   0.1   0.03   2.0376242568615024
   0.1   0.03   6.1595503308755895
   0.1   0.03   3.2511643308670366
   0.1   0.03   3.6780738526453725
   0.1   0.03   5.76325902989249
   0.1   0.03   6.196709551052441
   0.1   0.03   1.6957107506636295
   0.1   0.03   0.5942441028376385
   0.1   0.03   3.462757165948724
   0.1   0.03   3.2409039438007436
   0.1   0.03   5.4253293425953935
   0.1   0.03   2.4005999103365965
   0.1   0.03   5.825317578663325
   0.1   0.03   5.773667433696577
   0.1   0.03   3.373445927969664
   0.1   0.03   6.197801943551206
   0.1   0.03   2.08536760062208
   0.1   0.03   1.129706036897754
   0.1   0.03   2.4247599686142083
   0.1   0.03   4.186234442137257
   0.1   0.03   1.2186656737144779
   0.1   0.03   5.312157012554395
   0.1   0.03   3.7042359597754952
   0.1   0.03   0.7077203182410664
   0.1   0.03   3.0110382068186246
   0.1   0.03   3.6328594406991686
   0.1   0.03   1.8330519387977595
   0.1   0.03   0.30655738522428194
   0.1   0.03   6.232872175571556
   0.1   0.03   0.2331971454153857
   0.1   0.03   5.978203761000767
   0.1   0.03   0.39811214890020985
   0.1   0.03   6.042479540559084
   0.1   0.03   1.3081674702532682
   0.1   0.03   0.3380599998324177
   0.1   0.03   2.0626014993037214
   0.1   0.03   2.451675090117189
   0.1   0.03   4.704673661254034
   0.1   0.03   2.7313637429380013
   0.1   0.03   4.333101819265188
   0.1   0.03   3.2085317646863323
   0.1   0.03   2.45046539595497
   0.1   0.03   0.7141734029221279
   0.1   0.03   3.0671478587152756
   0.1   0.03   2.2985735622054557
   0.1   0.03   5.966971606214272
   0.1   0.03   2.8370227608191265
   0.1   0.03   5.434501749328361
   0.1   0.03   5.985283580490921
   0.1   0.03   0.298279439943382
   0.1   0.03   4.114021085912178
   0.1   0.03   1.5029837932363825
   0.1   0.03   3.7622058311446813
   0.1   0.03   1.1718170290286383
   0.1   0.03   0.8339840570393161
   0.1   0.03   0.669369372404756
   0.1   0.03   1.5065347305062555
   0.1   0.03   2.934667107274765
   0.1   0.03   6.16483144963977
   0.1   0.03   1.8783589542233357
   0.1   0.03   0.27792360384423614
   0.1   0.03   5.232334357339988
   0.1   0.03   5.736773682063686
   0.1   0.03   2.345479916499251
   0.1   0.03   2.5254129972254082
   0.1   0.03   2.5992653952602134
   0.1   0.03   1.802731618394518
   0.1   0.03   5.336258998689444
   0.1   0.03   3.967655450963763
   0.1   0.03   1.4345274829932766
   0.1   0.03   3.0996786197471424
   0.1   0.03   3.808070744730909
   0.1   0.03   5.601371557432202
   0.1   0.03   1.4604211845659332
   0.1   0.03   5.349061619714627
   0.1   0.03   5.428102722639241
   0.1   0.03   4.311833436097884
   0.1   0.03   2.9099356069223945
   0.1   0.03   2.137334773633486
   0.1   0.03   5.198452893385908
   0.1   0.03   0.2832262797806682
   0.1   0.03   5.121951557928424
   0.1   0.03   5.938987615931661
   0.1   0.03   1.5500780199716613
   0.1   0.03   5.809442285572743
   0.1   0.03   5.0825223865777565
   0.1   0.03   0.8329497783636457
   0.1   0.03   5.443952528385886
   0.1   0.03   3.9836891674264616
   0.1   0.03   3.524035199344685
   0.1   0.03   6.178158612909943
   0.1   0.03   6.112014490600512
   0.1   0.03   0.7265214092235278
   0.1   0.03   0.3311421369227755
   0.1   0.03   5.128935946130598
   0.1   0.03   0.1663346208397992
   0.1   0.03   4.563861901852979
   0.1   0.03   4.450822785929725
   0.1   0.03   4.44742947073322
   0.1   0.03   4.229936005948258
   0.1   0.03   4.7812139860586145
   0.1   0.03   1.485049599841395
   0.1   0.03   1.1044838972563544
   0.1   0.03   1.6339128932673732
   0.1   0.03   2.093041830261107
   0.1   0.03   4.215783561380539
   0.1   0.03   2.757951116627786
   0.1   0.03   2.2334146564459068
   0.1   0.03   2.4409148558361817
   0.1   0.03   3.4911640641587205
   0.1   0.03   0.526887559291635
   0.1   0.03   4.205571324674368
   0.1   0.03   3.5279712661846165
   0.1   0.03   1.5780797977054706
   0.1   0.03   4.249205591348529
   0.1   0.03   1.2567555714994183
   0.1   0.03   1.9362455995205212
   0.1   0.03   2.6581521242772914
   0.1   0.03   5.274078360169433
   0.1   0.03   2.498087517971059
   0.1   0.03   1.5556529462300108
   0.1   0.03   5.434432480864181
   0.1   0.03   3.692473064308084
   0.1   0.03   3.9308022608493283
   0.1   0.03   5.826700167466178
   0.1   0.03   5.95763078112584
   0.1   0.03   1.5903999814557286
   0.1   0.03   1.4329463454229743
   0.1   0.03   1.830575405777238
   0.1   0.03   0.9681021539046881
   0.1   0.03   1.0657522547126992
   0.1   0.03   0.4001326431979858
   0.1   0.03   6.116505246182476
   0.1   0.03   2.1326990034880637
   0.1   0.03   2.4606767424665095
   0.1   0.03   2.8719213878240595
   0.1   0.03   1.0451695573692212
   0.1   0.03   3.8702255287237515
   0.1   0.03   0.7219181612789027
   0.1   0.03   0.8417317101911979
   0.1   0.03   1.3926903574370557
   0.1   0.03   6.164883657269293
   0.1   0.03   0.8787890797956869
   0.1   0.03   5.386984142164198
   0.1   0.03   2.0554876394207153
   0.1   0.03   0.810726075182766
   0.1   0.03   4.2249888859583224
   0.1   0.03   1.0196510883697958
   0.1   0.03   3.612240081527973
   0.1   0.03   1.1948522189673902
   0.1   0.03   6.233847486827945
   0.1   0.03   5.015411869271731
   0.1   0.03   3.0584482385852674
   0.1   0.03   3.1634073872250843
   0.1   0.03   0.21699112124651804
   0.1   0.03   1.4588155751234437
   0.1   0.03   3.735992559044457
   0.1   0.03   5.686904631633077
   0.1   0.03   4.599031534747548
   0.1   0.03   5.271319097187078
   0.1   0.03   6.201931950141465
   0.1   0.03   2.7376710251723124
   0.1   0.03   0.23099978734304938
   0.1   0.03   1.3300072710843849
   0.1   0.03   5.207824342391568
   0.1   0.03   5.109597834650937
   0.1   0.03   5.721405740379523
   0.1   0.03   2.2733369959680507
   0.1   0.03   4.6152201889326845
   0.1   0.03   3.1143945357942653
   0.1   0.03   1.2907275710430703
   0.1   0.03   2.8061841932275504
   0.1   0.03   3.370599967629304
   0.1   0.03   4.196847101332428
