   700
   7
   0.1
   0.1   0.03   2.4937396010531576
   0.1   0.03   4.137815723407911
   0.1   0.03   3.729568975101769
   0.1   0.03   3.7404791723076602
   0.1   0.03   2.3596053983257104
   0.1   0.03   5.550295232805002
   0.1   0.03   3.933146344194066
   0.1   0.03   4.977957480207915
   0.1   0.03   1.4177237160977696
   0.1   0.03   4.486080775622113
   0.1   0.03   1.7837400135655683
   0.1   0.03   2.814475949064487
   0.1   0.03   0.4709077738457737
   0.1   0.03   3.958770205051906
   0.1   0.03   0.2103260834982428
   0.1   0.03   6.1667780089352195
   0.1   0.03   3.3882535669893654
   0.1   0.03   1.8345263417937483
   0.1   0.03   3.0583471665760764
   0.1   0.03   3.9034039537619334
   0.1   0.03   2.948945449676948
   0.1   0.03   4.131034362206957
   0.1   0.03   0.4060107243504456
   0.1   0.03   4.9047261116598015
   0.1   0.03   1.6909561799149018
   0.1   0.03   2.21372541744756
   0.1   0.03   4.773401003463805
   0.1   0.03   3.2378589187925657
   0.1   0.03   5.300371496297846
   0.1   0.03   1.278040498353705
   0.1   0.03   4.819658569895238
   0.1   0.03   4.496158329441877
   0.1   0.03   2.389541258239973
   0.1   0.03   3.901283780224419
   0.1   0.03   6.1214977997382665
   0.1   0.03   4.19221645597388
   0.1   0.03   4.527724055050134
   0.1   0.03   5.974544754356574
   0.1   0.03   2.7167780164620083
   0.1   0.03   4.737166879723561
   0.1   0.03   0.21256445034431645
   0.1   0.03   0.06396048510240909
   0.1   0.03   6.067210768200513
   0.1   0.03   2.3063938792085
   0.1   0.03   5.485073798445609
   0.1   0.03   4.79412093320842
   0.1   0.03   0.1216685116298357
   0.1   0.03   3.384109805228493
   0.1   0.03   2.891356408025196
   0.1   0.03   3.1504852634320564
   0.1   0.03   4.369757239574053
   0.1   0.03   2.642777314700335
   0.1   0.03   1.4278970547730843
   0.1   0.03   5.980784684336629
   0.1   0.03   4.261783464276064
   0.1   0.03   3.1187753068524735
   0.1   0.03   1.3810277941195488
   0.1   0.03   2.800497280840419
   0.1   0.03   2.613720422761324
   0.1   0.03   2.056788766144372
   0.1   0.03   6.04526100206527
   0.1   0.03   4.168231600236281
   0.1   0.03   3.0745916335192858
   0.1   0.03   4.497949460783487
   0.1   0.03   4.87873959705343
   0.1   0.03   3.0836853273344906
   0.1   0.03   3.603396605457232
   0.1   0.03   2.477259629231243
   0.1   0.03   2.204905583250361
   0.1   0.03   1.3213898875992653
   0.1   0.03   4.891354192070345
   0.1   0.03   4.645055631573136
   0.1   0.03   3.51362967466853
   0.1   0.03   3.7106613288224057
   0.1   0.03   2.7639513841548404
   0.1   0.03   3.483047420498738
   0.1   0.03   0.9382379943320545
   0.1   0.03   2.7342940054329565
   0.1   0.03   3.9211014608400734
   0.1   0.03   4.162781905311677
   0.1   0.03   5.8969183460220345
   0.1   0.03   5.056203072838739
   0.1   0.03   4.462478952899602
   0.1   0.03   5.714543914837864
   0.1   0.03   3.6391936925511295
   0.1   0.03   2.7368660210150026
   0.1   0.03   2.622669754593964
   0.1   0.03   1.1836617155493319
   0.1   0.03   4.981805945926853
   0.1   0.03   5.308955465715402
   0.1   0.03   3.4850693241706048
   0.1   0.03   1.68084538580715
   0.1   0.03   1.3137179069515188
   0.1   0.03   1.4667234894720549
   0.1   0.03   3.71197237341628
   0.1   0.03   3.3118572598503095
   0.1   0.03   3.71372268880693
   0.1   0.03   3.614779318264345
   0.1   0.03   5.423682897366718
   0.1   0.03   1.2091947725435057
   0.1   0.03   1.7741591957813614
   0.1   0.03   1.3851559591510487
   0.1   0.03   5.5029944633317065
   0.1   0.03   1.815592205081635
   0.1   0.03   1.0444328582809126
   0.1   0.03   5.802172591616683
   0.1   0.03   4.217791247883384
   0.1   0.03   2.124024440294588
   0.1   0.03   1.8454371994174692
   0.1   0.03   2.9022418782838035
   0.1   0.03   4.435871283736321
   0.1   0.03   4.79692792800116
   0.1   0.03   3.8171079904765994
   0.1   0.03   5.716246777895388
   0.1   0.03   0.029357440263372288
   0.1   0.03   0.5260942468031274
   0.1   0.03   5.433016995911181
   0.1   0.03   1.1973198860169099
   0.1   0.03   3.933020743191909
   0.1   0.03   1.4416993652555603
   0.1   0.03   5.936575610970123
   0.1   0.03   4.723131366607385
   0.1   0.03   3.9704511018244646
   0.1   0.03   4.666132297224809
   0.1   0.03   1.3779616608562721
   0.1   0.03   0.4581950609326165
   0.1   0.03   5.162355437606844
   0.1   0.03   1.2001956935340239
   0.1   0.03   3.473451455516022
   0.1   0.03   1.5705820000290334
   0.1   0.03   2.9063291995517826
   0.1   0.03   5.4118035478293285
   0.1   0.03   5.090685985664651
   0.1   0.03   0.5014052893667427
   0.1   0.03   0.8396957340881638
   0.1   0.03   4.293436633064216
   0.1   0.03   2.824323551196382
   0.1   0.03   5.74188847803595
   0.1   0.03   3.64087103573376
   0.1   0.03   2.3908952644182437
   0.1   0.03   5.632053468226772
   0.1   0.03   0.27126131950326504
   0.1   0.03   1.0564811090181736
   0.1   0.03   0.2717403999232311
   0.1   0.03   5.753696735086327
   0.1   0.03   3.3472669196493143
   0.1   0.03   0.9019028380710931
   0.1   0.03   4.2520272255700755
   0.1   0.03   0.7732558229739368
   0.1   0.03   1.45431884365907
   0.1   0.03   2.309159952838937
   0.1   0.03   4.958475390211217
   0.1   0.03   0.6964945385202227
   0.1   0.03   0.9464611677128284
   0.1   0.03   4.141261714711341
   0.1   0.03   4.736403649429553
   0.1   0.03   2.543820450652253
   0.1   0.03   3.299922795807045
   0.1   0.03   0.9729877211314859
   0.1   0.03   3.1694262710372234
   0.1   0.03   3.8370882280893897
   0.1   0.03   4.090106945474127
   0.1   0.03   2.124652462718545
   0.1   0.03   0.6567687506710551
   0.1   0.03   4.1620339480487365
   0.1   0.03   0.15781370157682997
   0.1   0.03   3.2373148173905384
   0.1   0.03   5.461005282363416
   0.1   0.03   0.2728705025592283
   0.1   0.03   2.566509910792783
   0.1   0.03   3.467743726784249
   0.1   0.03   0.07000699949925218
   0.1   0.03   1.3438354970693793
   0.1   0.03   1.0977727248253593
   0.1   0.03   3.9397977710090935
   0.1   0.03   1.4747352029969965
   0.1   0.03   1.5659372904196285
   0.1   0.03   4.49535753810637
   0.1   0.03   3.8192194161242536
   0.1   0.03   1.9165504489945893
   0.1   0.03   5.477392400182505
   0.1   0.03   4.582478486951281
   0.1   0.03   2.5555418274813184
   0.1   0.03   2.423274746950089
   0.1   0.03   4.0174493750575415
   0.1   0.03   5.901048428997978
   0.1   0.03   2.139268748858663
   0.1   0.03   5.368774971707354
   0.1   0.03   0.2877416751393773
   0.1   0.03   0.9656239030684777
   0.1   0.03   0.5042762704981979
   0.1   0.03   2.4093008215820975
   0.1   0.03   4.277978699781275
   0.1   0.03   3.8806047536956743
   0.1   0.03   1.5972345853459904
   0.1   0.03   1.8872147789540372
   0.1   0.03   2.5317895511951733
   0.1   0.03   1.7599167520031787
   0.1   0.03   0.9076795251362428
   0.1   0.03   3.998628750338019
   0.1   0.03   4.283265189831736
   0.1   0.03   5.972298507320953
   0.1   0.03   1.2979749092528992
   0.1   0.03   5.0851852059573375
   0.1   0.03   5.5604560364762134
   0.1   0.03   1.9425993837420596
   0.1   0.03   2.083844182579681
   0.1   0.03   3.7123303828159786
   0.1   0.03   1.9074622529427754
   0.1   0.03   2.468286888595018
   0.1   0.03   5.466841778078796
   0.1   0.03   5.427196240563433
   0.1   0.03   0.8457765712852375
   0.1   0.03   3.0484090953963827
   0.1   0.03   2.7694099466167788
   0.1   0.03   4.319415838313601
   0.1   0.03   2.9958555343834745
   0.1   0.03   1.932241314086015
   0.1   0.03   2.8957587548515784
   0.1   0.03   2.2511187122677914
   0.1   0.03   3.964600736362384
   0.1   0.03   0.1760240323218267
   0.1   0.03   0.931572234310372
   0.1   0.03   3.0019136825460664
   0.1   0.03   4.045243331011021
   0.1   0.03   5.559081089964651
   0.1   0.03   2.970564042028908
   0.1   0.03   3.2810797240876726
   0.1   0.03   0.5349552189900451
   0.1   0.03   0.9676535270241918
   0.1   0.03   1.01890482036307
   0.1   0.03   0.28276488283515605
   0.1   0.03   3.1851116749554333
   0.1   0.03   4.929829662652473
   0.1   0.03   2.5422801040660366
   0.1   0.03   2.749379130271224
   0.1   0.03   5.632087918679645
   0.1   0.03   1.678968133340937
   0.1   0.03   2.0884257818606806
   0.1   0.03   0.779516865833533
   0.1   0.03   4.435755338093325
   0.1   0.03   1.3208204414412268
   0.1   0.03   4.519997265880005
   0.1   0.03   1.081999262126295
   0.1   0.03   4.5254027273653925
   0.1   0.03   4.1069907406502795
   0.1   0.03   3.648991695067568
   0.1   0.03   3.55034129988815
   0.1   0.03   0.6398477184476954
   0.1   0.03   2.314970895965654
   0.1   0.03   3.288739145074385
   0.1   0.03   5.009368719207025
   0.1   0.03   2.820821944784978
   0.1   0.03   1.634736726000978
   0.1   0.03   4.800045973684479
   0.1   0.03   0.21925149588702303
   0.1   0.03   3.7161665087855718
   0.1   0.03   3.299128243909276
   0.1   0.03   4.422918502244197
   0.1   0.03   5.0835075922098305
   0.1   0.03   0.9736775871676685
   0.1   0.03   2.452261120525429
   0.1   0.03   5.23146787703669
   0.1   0.03   0.6381937304238636
   0.1   0.03   3.959422833942881
   0.1   0.03   0.7013945861583121
   0.1   0.03   3.2235319963571727
   0.1   0.03   4.55169796247028
   0.1   0.03   5.017739009499462
   0.1   0.03   2.504937807773875
   0.1   0.03   5.654699601974412
   0.1   0.03   0.6003276801652657
   0.1   0.03   5.574716113812246
   0.1   0.03   3.711729512288534
   0.1   0.03   5.257665369786297
   0.1   0.03   5.461620418002116
   0.1   0.03   4.714404924720116
   0.1   0.03   4.502962565827128
   0.1   0.03   0.5229348594444695
   0.1   0.03   2.4683602682285435
   0.1   0.03   4.462598274746681
   0.1   0.03   0.23354953465472017
   0.1   0.03   4.003677201738098
   0.1   0.03   3.956951996281494
   0.1   0.03   2.693335183535332
   0.1   0.03   4.967682416647816
   0.1   0.03   1.4512479905664122
   0.1   0.03   0.09065363214336192
   0.1   0.03   2.0361959065031385
   0.1   0.03   4.030850843543312
   0.1   0.03   1.9222291064983437
   0.1   0.03   4.310924002621011
   0.1   0.03   3.7974025252710506
   0.1   0.03   4.808039768194695
   0.1   0.03   5.654634100803884
   0.1   0.03   4.3114525587844295
   0.1   0.03   5.909374276815323
   0.1   0.03   3.730087875307504
   0.1   0.03   5.764491302079493
   0.1   0.03   6.267463274373415
   0.1   0.03   1.0793470976168948
   0.1   0.03   6.243436670959126
   0.1   0.03   1.2219125523691283
   0.1   0.03   4.739989998233886
   0.1   0.03   1.2816502826649352
   0.1   0.03   0.3315950254718503
   0.1   0.03   3.8978758817741825
   0.1   0.03   3.5117465537551253
   0.1   0.03   2.75150016664886
   0.1   0.03   4.4424190409357935
   0.1   0.03   2.0832807736364125
   0.1   0.03   3.775073939057664
   0.1   0.03   4.080062319458983
   0.1   0.03   1.0136760964280498
   0.1   0.03   4.115480449838427
   0.1   0.03   1.2468710042001463
   0.1   0.03   1.4474756638038049
   0.1   0.03   2.666932036512581
   0.1   0.03   0.2859487573128661
   0.1   0.03   2.8419540318750967
   0.1   0.03   0.6129235011380574
   0.1   0.03   1.9461053684325118
   0.1   0.03   4.621111707035661
   0.1   0.03   5.8754657496137215
   0.1   0.03   2.3538256661731074
   0.1   0.03   5.884470347184237
   0.1   0.03   1.2232362641269499
   0.1   0.03   4.581438010912018
   0.1   0.03   1.0345951910729745
   0.1   0.03   0.6837638738355849
   0.1   0.03   4.93040641902767
   0.1   0.03   4.187725572645832
   0.1   0.03   2.14578185360664
   0.1   0.03   5.9299124839602335
   0.1   0.03   1.1572297364220563
   0.1   0.03   2.054244705735369
   0.1   0.03   1.951426834896238
   0.1   0.03   4.883706275878061
   0.1   0.03   1.6365464067715758
   0.1   0.03   1.2936216598979975
   0.1   0.03   0.7275595218130466
   0.1   0.03   4.285548238633991
   0.1   0.03   0.42375126343822406
   0.1   0.03   2.992598224681777
   0.1   0.03   0.645000357444168
   0.1   0.03   5.659753286901899
   0.1   0.03   3.5244576576005837
   0.1   0.03   5.895469720026679
   0.1   0.03   3.6847915926394847
   0.1   0.03   0.7380880188206448
   0.1   0.03   2.765920888410865
   0.1   0.03   0.4717924459614129
   0.1   0.03   3.8976782888349333
   0.1   0.03   4.840017908738797
   0.1   0.03   1.5572122821916925
   0.1   0.03   3.864278212443609
   0.1   0.03   0.06019614360580612
   0.1   0.03   3.4059422634076317
   0.1   0.03   3.078879283633746
   0.1   0.03   4.007175140254294
   0.1   0.03   1.108997700352804
   0.1   0.03   4.75119884158302
   0.1   0.03   0.4751509376598821
   0.1   0.03   0.35320705583198425
   0.1   0.03   2.1653466443006772
   0.1   0.03   4.103518653256786
   0.1   0.03   5.1181389909057495
   0.1   0.03   1.6085740702574562
   0.1   0.03   4.909135431324283
   0.1   0.03   2.671159774332111
   0.1   0.03   0.40755899177930327
   0.1   0.03   4.907150646014794
   0.1   0.03   3.234346019902974
   0.1   0.03   2.8101646812756393
   0.1   0.03   5.480685574936372
   0.1   0.03   1.3551380277588845
   0.1   0.03   0.15268718827421826
   0.1   0.03   2.2461879522741195
   0.1   0.03   0.679892097093948
   0.1   0.03   5.244255379825556
   0.1   0.03   5.605721374170121
   0.1   0.03   3.219351023311188
   0.1   0.03   1.1192592656242524
   0.1   0.03   1.0314625058041063
   0.1   0.03   1.8883583992712865
   0.1   0.03   5.474630977983523
   0.1   0.03   5.322571076328637
   0.1   0.03   2.088723018368352
   0.1   0.03   3.512674421278213
   0.1   0.03   3.445463183471368
   0.1   0.03   3.822828755577765
   0.1   0.03   6.113641284452008
   0.1   0.03   3.497548377970962
   0.1   0.03   0.6948991588554956
   0.1   0.03   5.074972569448849
   0.1   0.03   3.0758551335302586
   0.1   0.03   0.9113728177164439
   0.1   0.03   1.2531717849736728
   0.1   0.03   2.684760903557594
   0.1   0.03   4.336373062810912
   0.1   0.03   6.1726498260980005
   0.1   0.03   1.285721698726987
   0.1   0.03   0.2136339478350346
   0.1   0.03   0.9848000268460432
   0.1   0.03   1.834493069594314
   0.1   0.03   3.329225624247768
   0.1   0.03   5.646549686060984
   0.1   0.03   1.4218020373566573
   0.1   0.03   2.034229795498268
   0.1   0.03   2.8617843192624925
   0.1   0.03   4.440779990499087
   0.1   0.03   0.8243689879181909
   0.1   0.03   0.2926242060834783
   0.1   0.03   4.554566540248676
   0.1   0.03   3.7492392101938985
   0.1   0.03   4.21007284365509
   0.1   0.03   4.668542673045778
   0.1   0.03   4.778828571688491
   0.1   0.03   3.056005448440464
   0.1   0.03   4.788453928335336
   0.1   0.03   4.600116700477776
   0.1   0.03   5.33642491798399
   0.1   0.03   4.888365010517417
   0.1   0.03   2.3652015438621485
   0.1   0.03   2.5261343844449766
   0.1   0.03   4.572041503845104
   0.1   0.03   3.567555687117509
   0.1   0.03   3.8984505989171128
   0.1   0.03   0.625870607496366
   0.1   0.03   4.683959825569084
   0.1   0.03   2.6956977203438424
   0.1   0.03   1.4006573220131369
   0.1   0.03   1.2196190850857163
   0.1   0.03   1.1860748932179406
   0.1   0.03   4.311184205837283
   0.1   0.03   1.5881472813571982
   0.1   0.03   5.084576657843565
   0.1   0.03   2.529586082688619
   0.1   0.03   5.352465654494495
   0.1   0.03   4.260214624226019
   0.1   0.03   1.8870536048694628
   0.1   0.03   0.44352477916353117
   0.1   0.03   3.5250699352276635
   0.1   0.03   1.8095553069638608
   0.1   0.03   3.413161637074447
   0.1   0.03   2.3866252642027836
   0.1   0.03   5.665302772489429
   0.1   0.03   3.6232467281314134
   0.1   0.03   3.1191751839932524
   0.1   0.03   5.203132163841691
   0.1   0.03   3.2540668997450295
   0.1   0.03   2.6231042338251136
   0.1   0.03   1.8877666783098912
   0.1   0.03   0.721534116010595
   0.1   0.03   1.5016345890314067
   0.1   0.03   4.6921372924059614
   0.1   0.03   2.4222254870837516
   0.1   0.03   5.645687888453679
   0.1   0.03   1.726473766576418
   0.1   0.03   0.10731005074396227
   0.1   0.03   4.233974515013832
   0.1   0.03   1.2552362076746673
   0.1   0.03   1.322825156622344
   0.1   0.03   5.5424951278923915
   0.1   0.03   6.174810046109755
   0.1   0.03   5.545976775871783
   0.1   0.03   0.8332264791342869
   0.1   0.03   2.7106328232550307
   0.1   0.03   1.01394533315613
   0.1   0.03   6.0142925606467745
   0.1   0.03   1.3896838694789777
   0.1   0.03   1.9177371874418492
   0.1   0.03   2.059369838192444
   0.1   0.03   2.579369865627094
   0.1   0.03   0.3615504402651712
   0.1   0.03   1.1903734639569816
   0.1   0.03   5.096252350099239
   0.1   0.03   5.638473855463025
   0.1   0.03   4.467138053985856
   0.1   0.03   3.2389884770375197
   0.1   0.03   0.31608327352897453
   0.1   0.03   5.645291555536515
   0.1   0.03   2.4713863007839625
   0.1   0.03   4.217068028660582
   0.1   0.03   4.72218857724111
   0.1   0.03   5.588467718161981
   0.1   0.03   0.6292259143082343
   0.1   0.03   4.189747539717071
   0.1   0.03   0.41040495761365586
   0.1   0.03   4.114577962786107
   0.1   0.03   1.2082164590696047
   0.1   0.03   6.249413395789176
   0.1   0.03   2.5628165807369903
   0.1   0.03   0.8045473207113806
   0.1   0.03   1.982363109570307
   0.1   0.03   2.318825515411129
   0.1   0.03   5.170022630481116
   0.1   0.03   0.257285188084682
   0.1   0.03   2.5317548556491185
   0.1   0.03   0.8997758054416044
   0.1   0.03   2.8557551578835687
   0.1   0.03   1.4333757929312405
   0.1   0.03   4.784149272215962
   0.1   0.03   2.8794143533051133
   0.1   0.03   4.955883202206901
   0.1   0.03   4.0500029152380765
   0.1   0.03   2.5302376923525003
   0.1   0.03   3.78468617660913
   0.1   0.03   5.060232382792545
   0.1   0.03   0.18262433963732477
   0.1   0.03   5.3331853886037175
   0.1   0.03   3.9584194036108915
   0.1   0.03   0.5159959084584346
   0.1   0.03   4.229858504513234
   0.1   0.03   3.857297926160832
   0.1   0.03   0.16003860940148756
   0.1   0.03   1.2078839327523638
   0.1   0.03   5.911729991237392
   0.1   0.03   2.7974289100992205
   0.1   0.03   0.503284647959582
   0.1   0.03   2.794625228439258
   0.1   0.03   0.1482333398733967
   0.1   0.03   1.202751433437645
   0.1   0.03   4.388475097849587
   0.1   0.03   0.830305414575971
   0.1   0.03   5.744134049953243
   0.1   0.03   5.400815997662201
   0.1   0.03   3.4420387765853904
   0.1   0.03   6.088951726788695
   0.1   0.03   4.6188195349375425
   0.1   0.03   0.1263168141992032
   0.1   0.03   5.167000780236738
   0.1   0.03   2.1010219647891937
   0.1   0.03   2.300477279871004
   0.1   0.03   1.4100108546719674
   0.1   0.03   2.5480469809219035
   0.1   0.03   1.6311112758804274
   0.1   0.03   4.923667105035714
   0.1   0.03   3.2071877472353014
   0.1   0.03   5.553462497988947
   0.1   0.03   5.329514173322159
   0.1   0.03   4.046055562367729
   0.1   0.03   2.4471975220113564
   0.1   0.03   4.333680914581963
   0.1   0.03   5.9965432280345405
   0.1   0.03   2.6585559558880036
   0.1   0.03   5.8473326481956684
   0.1   0.03   3.9765680356166304
   0.1   0.03   3.152928604602317
   0.1   0.03   5.3962699853014175
   0.1   0.03   4.331846984038628
   0.1   0.03   1.367760424710389
   0.1   0.03   4.912145996239487
   0.1   0.03   3.342415971044471
   0.1   0.03   1.6548852837582737
   0.1   0.03   2.7459615308527616
   0.1   0.03   2.722406298709728
   0.1   0.03   1.077784182930076
   0.1   0.03   1.2517095439760078
   0.1   0.03   1.1593873680380722
   0.1   0.03   3.635065161809004
   0.1   0.03   4.215497907474619
   0.1   0.03   5.1879809214259565
   0.1   0.03   0.20277825236536828
   0.1   0.03   4.804878301762565
   0.1   0.03   5.415679088909806
   0.1   0.03   2.138521340966047
   0.1   0.03   5.5605448180615875
   0.1   0.03   5.935796181012225
   0.1   0.03   5.0890577987696295
   0.1   0.03   0.8792183185938184
   0.1   0.03   5.90330410264884
   0.1   0.03   4.522042050071927
   0.1   0.03   4.805388566180706
   0.1   0.03   5.977893853146449
   0.1   0.03   2.8566334903018373
   0.1   0.03   2.9006817332304617
   0.1   0.03   5.84825869041089
   0.1   0.03   4.991879218661326
   0.1   0.03   0.41864184100899676
   0.1   0.03   4.620812305911887
   0.1   0.03   5.676857523747563
   0.1   0.03   1.1678053611653745
   0.1   0.03   4.8689918954902565
   0.1   0.03   4.074196803318168
   0.1   0.03   6.0462698112741915
   0.1   0.03   1.7732333265935878
   0.1   0.03   1.6651252617305872
   0.1   0.03   2.3244022924067553
   0.1   0.03   2.5371495860354094
   0.1   0.03   5.34542087270463
   0.1   0.03   5.884603098355974
   0.1   0.03   0.5189473778886184
   0.1   0.03   4.748789987194492
   0.1   0.03   0.3463200540843749
   0.1   0.03   5.410341938854337
   0.1   0.03   0.3485891904009389
   0.1   0.03   0.12461180845188977
   0.1   0.03   0.3099536112651239
   0.1   0.03   5.692778263332661
   0.1   0.03   2.269519238791749
   0.1   0.03   0.3590118051180108
   0.1   0.03   1.7798696848609459
   0.1   0.03   2.7102112524004762
   0.1   0.03   6.273915154019258
   0.1   0.03   5.36700975673983
   0.1   0.03   1.5143725533368997
   0.1   0.03   1.8183530449659153
   0.1   0.03   5.200583871710613
   0.1   0.03   4.2902142141332185
   0.1   0.03   0.35564040269332264
   0.1   0.03   2.143202002077065
   0.1   0.03   4.884926617978642
   0.1   0.03   0.6546269069366447
   0.1   0.03   0.5147407939456464
   0.1   0.03   2.1250000034225405
   0.1   0.03   1.5110646057829258
   0.1   0.03   2.242556359497099
   0.1   0.03   0.10998705921342725
   0.1   0.03   5.1281329273782905
   0.1   0.03   2.7556921667516745
   0.1   0.03   5.757895378223129
   0.1   0.03   4.142025722682146
   0.1   0.03   3.7189007360462387
   0.1   0.03   5.083696452901484
   0.1   0.03   5.756559273569912
   0.1   0.03   4.164526781647033
   0.1   0.03   3.563309804838382
   0.1   0.03   0.8874017711269407
   0.1   0.03   4.281100080627685
   0.1   0.03   6.174537817423248
   0.1   0.03   5.0343383216377235
   0.1   0.03   1.718261917731645
   0.1   0.03   5.277733091304647
   0.1   0.03   5.046606867343928
   0.1   0.03   1.4805162884115612
   0.1   0.03   4.102064452701535
   0.1   0.03   2.202950729550011
   0.1   0.03   5.320098268810093
   0.1   0.03   0.1730514310250695
   0.1   0.03   5.984543803548884
   0.1   0.03   1.9623572421603632
   0.1   0.03   5.771071987228686
   0.1   0.03   1.1463147241501361
   0.1   0.03   1.5379237556624212
   0.1   0.03   3.820341816653072
   0.1   0.03   2.675461273852677
   0.1   0.03   0.3877604870054974
   0.1   0.03   5.887977036538367
   0.1   0.03   1.7155016164501797
   0.1   0.03   2.494662713439397
   0.1   0.03   2.42806283229037
   0.1   0.03   4.959459745330352
   0.1   0.03   6.141682148599539
   0.1   0.03   1.3659060833441996
   0.1   0.03   3.5073724554620984
   0.1   0.03   5.368376803450007
   0.1   0.03   1.0364409243256754
   0.1   0.03   5.638433835591871
   0.1   0.03   2.9809932748460466
   0.1   0.03   0.6877822115464375
   0.1   0.03   1.2496394757609348
   0.1   0.03   1.222785293727272
   0.1   0.03   3.3181658121715523
   0.1   0.03   5.514983524108469
   0.1   0.03   2.1005923779103397
   0.1   0.03   2.015188679280056
   0.1   0.03   0.9498720575323474
   0.1   0.03   5.53683869647569
   0.1   0.03   2.8566781624759665
   0.1   0.03   1.7771660860056542
   0.1   0.03   0.5391654998124416
   0.1   0.03   5.712903858690786
   0.1   0.03   1.8301231950955048
   0.1   0.03   0.8307643188364782
   0.1   0.03   3.4495441327204133
   0.1   0.03   4.021426480990223
   0.1   0.03   1.7502342890090308
   0.1   0.03   3.285758482820657
   0.1   0.03   3.7334532088150216
   0.1   0.03   0.692672047938476
   0.1   0.03   1.807141025312276
   0.1   0.03   0.12271962379252896
   0.1   0.03   1.6771809793277601
   0.1   0.03   4.34632340426807
   0.1   0.03   1.4393906624669013
   0.1   0.03   3.3593024198687114
   0.1   0.03   3.7847708567434317
   0.1   0.03   1.2909369391515702
   0.1   0.03   5.772758672664541
   0.1   0.03   0.7972957501381942
   0.1   0.03   0.7435385348010899
   0.1   0.03   6.150488467504538
   0.1   0.03   4.142376141509408
   0.1   0.03   0.9007584781365451
   0.1   0.03   1.3873486645010265
   0.1   0.03   1.4869215912494167
   0.1   0.03   4.442057489597379
   0.1   0.03   2.2175736047982473
   0.1   0.03   5.3857774494082955
