   1500
   7
   1.0
   0.1   0.03   5.91928922569635
   0.1   0.03   2.9189828822608903
   0.1   0.03   3.696392932307408
   0.1   0.03   0.2645866586345807
   0.1   0.03   3.7186602624904257
   0.1   0.03   0.20416382335766187
   0.1   0.03   5.844535340404384
   0.1   0.03   3.697752685747518
   0.1   0.03   1.0379287845029301
   0.1   0.03   2.6119198830631323
   0.1   0.03   4.076636360546984
   0.1   0.03   5.018637757726607
   0.1   0.03   5.759410917205175
   0.1   0.03   4.6635347768056485
   0.1   0.03   6.167811477145625
   0.1   0.03   2.644200453296839
   0.1   0.03   1.6156165610443631
   0.1   0.03   5.652521933199092
   0.1   0.03   3.182880501748871
   0.1   0.03   3.1979976211375147
   0.1   0.03   2.902517049437913
   0.1   0.03   4.6574056248737525
   0.1   0.03   0.06594455517825741
   0.1   0.03   3.873569863618657
   0.1   0.03   2.041001023270886
   0.1   0.03   0.4652092555503716
   0.1   0.03   1.4146243404667762
   0.1   0.03   4.122704533253553
   0.1   0.03   5.641357084191296
   0.1   0.03   0.13648949328692755
   0.1   0.03   5.3752946511157695
   0.1   0.03   1.6587023743926264
   0.1   0.03   2.971557837423959
   0.1   0.03   3.771477850251628
   0.1   0.03   2.2494673852512346
   0.1   0.03   2.432825941480059
   0.1   0.03   1.6280970652881273
   0.1   0.03   0.7345371432565954
   0.1   0.03   4.645441408672399
   0.1   0.03   4.593241164752923
   0.1   0.03   4.952954166971351
   0.1   0.03   1.948313771515999
   0.1   0.03   1.5160356472753127
   0.1   0.03   4.062882490012512
   0.1   0.03   5.924750879084576
   0.1   0.03   6.180558135381213
   0.1   0.03   0.9625248569339993
   0.1   0.03   0.11651059579228994
   0.1   0.03   4.026836886916785
   0.1   0.03   1.6217609645802005
   0.1   0.03   0.947139427827999
   0.1   0.03   4.525191121739279
   0.1   0.03   3.9864138205658612
   0.1   0.03   2.888788000695417
   0.1   0.03   3.1300863486194337
   0.1   0.03   1.5393322207443556
   0.1   0.03   3.6851019933446056
   0.1   0.03   0.6319305500043721
   0.1   0.03   1.0736612279556847
   0.1   0.03   1.2080834382713566
   0.1   0.03   3.582060731831502
   0.1   0.03   2.2763838525456057
   0.1   0.03   2.867456562833526
   0.1   0.03   2.451534068763936
   0.1   0.03   2.550837440264703
   0.1   0.03   6.23579890470049
   0.1   0.03   5.488692785276034
   0.1   0.03   3.5852246552644096
   0.1   0.03   5.022045989780526
   0.1   0.03   3.4163667496958117
   0.1   0.03   1.9733494024754403
   0.1   0.03   4.254705842117465
   0.1   0.03   0.41832995735236156
   0.1   0.03   2.7902639974898755
   0.1   0.03   0.9671980269611967
   0.1   0.03   0.5198737464244542
   0.1   0.03   2.225136897938519
   0.1   0.03   2.9651683612414086
   0.1   0.03   4.459854527030422
   0.1   0.03   1.391216747588939
   0.1   0.03   4.023475391815618
   0.1   0.03   5.206589362096939
   0.1   0.03   5.160981221680604
   0.1   0.03   2.498352713998154
   0.1   0.03   3.0650014013374163
   0.1   0.03   0.9457441433983849
   0.1   0.03   3.330152017385879
   0.1   0.03   5.190048874337615
   0.1   0.03   2.920355044662388
   0.1   0.03   3.029331172001083
   0.1   0.03   4.982567193012435
   0.1   0.03   1.737635570594986
   0.1   0.03   2.458198505423201
   0.1   0.03   2.803497229183935
   0.1   0.03   5.810440757394652
   0.1   0.03   0.32523719515208116
   0.1   0.03   0.5078727255808229
   0.1   0.03   3.68750841129875
   0.1   0.03   6.203073312763765
   0.1   0.03   2.5588454235911744
   0.1   0.03   0.3061513375803262
   0.1   0.03   0.8734955072515412
   0.1   0.03   4.187292270919511
   0.1   0.03   5.9136601302048835
   0.1   0.03   4.608769318132873
   0.1   0.03   1.762262474981638
   0.1   0.03   1.6697147621574921
   0.1   0.03   5.812273760549016
   0.1   0.03   0.8947428091300825
   0.1   0.03   1.6496706459474784
   0.1   0.03   2.0343655923723847
   0.1   0.03   0.15948469664835926
   0.1   0.03   2.954650986990209
   0.1   0.03   4.278946342034851
   0.1   0.03   0.12820732903540846
   0.1   0.03   2.3563385805650756
   0.1   0.03   1.0410137143088363
   0.1   0.03   3.4546657140542525
   0.1   0.03   6.121287984392559
   0.1   0.03   3.0941253116260508
   0.1   0.03   0.7669421278828665
   0.1   0.03   4.841338329389499
   0.1   0.03   1.595526739114798
   0.1   0.03   0.7477648347081827
   0.1   0.03   0.9799722552438143
   0.1   0.03   0.32579778736364357
   0.1   0.03   2.682451016027543
   0.1   0.03   4.062388069140647
   0.1   0.03   4.4157298272624335
   0.1   0.03   2.058401052952157
   0.1   0.03   1.5780263582665954
   0.1   0.03   2.7737345493601557
   0.1   0.03   4.440294124648707
   0.1   0.03   1.5388047289234534
   0.1   0.03   1.126120562270664
   0.1   0.03   0.22932647187211988
   0.1   0.03   0.07207793949621463
   0.1   0.03   2.205168113737043
   0.1   0.03   1.1865601074106762
   0.1   0.03   5.3903645980727415
   0.1   0.03   1.061216749135275
   0.1   0.03   1.2131726056127912
   0.1   0.03   3.640388135362765
   0.1   0.03   5.5460763390122425
   0.1   0.03   2.9729291835046783
   0.1   0.03   4.178809167895272
   0.1   0.03   1.7710553734802936
   0.1   0.03   2.388520428906939
   0.1   0.03   1.2719606014427343
   0.1   0.03   3.6596391923638136
   0.1   0.03   5.7675082027315625
   0.1   0.03   4.281078946918263
   0.1   0.03   3.1610941659558587
   0.1   0.03   4.080828394017544
   0.1   0.03   1.96688711427842
   0.1   0.03   4.661063060595229
   0.1   0.03   0.5470592278381021
   0.1   0.03   4.356154909960963
   0.1   0.03   2.6420769443582284
   0.1   0.03   0.7230769543160703
   0.1   0.03   5.841560018758407
   0.1   0.03   1.7784811738198252
   0.1   0.03   4.049829997264379
   0.1   0.03   5.2686489273536825
   0.1   0.03   2.8491863081638558
   0.1   0.03   3.938559909811395
   0.1   0.03   2.2920418298371468
   0.1   0.03   4.073806800533282
   0.1   0.03   1.6413955655497077
   0.1   0.03   5.935662077656898
   0.1   0.03   0.36805300911623123
   0.1   0.03   5.567550133992781
   0.1   0.03   2.1640123573969348
   0.1   0.03   2.216147846890606
   0.1   0.03   4.990031999740644
   0.1   0.03   2.7474030037053745
   0.1   0.03   5.224224303633738
   0.1   0.03   4.158385000823687
   0.1   0.03   0.1550068486655325
   0.1   0.03   0.3222818019267479
   0.1   0.03   4.814789067401379
   0.1   0.03   2.4744874506388546
   0.1   0.03   3.4610745511550594
   0.1   0.03   2.7138835556663916
   0.1   0.03   0.6881366890034117
   0.1   0.03   4.700850434651051
   0.1   0.03   1.5182211761960362
   0.1   0.03   3.508986142203696
   0.1   0.03   0.8859713435608491
   0.1   0.03   1.3500054278663314
   0.1   0.03   3.7748920044946734
   0.1   0.03   5.032953160584941
   0.1   0.03   4.454641375104719
   0.1   0.03   0.1382939867483427
   0.1   0.03   3.465385387581364
   0.1   0.03   3.3075792133976933
   0.1   0.03   2.001095207542001
   0.1   0.03   3.9634799086521855
   0.1   0.03   5.4899167919298355
   0.1   0.03   0.3570843419250573
   0.1   0.03   5.537713221595196
   0.1   0.03   0.29331436710550296
   0.1   0.03   3.603430410156577
   0.1   0.03   0.2452438886663841
   0.1   0.03   0.37714552676752205
   0.1   0.03   5.039426860459116
   0.1   0.03   0.567478884062281
   0.1   0.03   3.2049690538473863
   0.1   0.03   3.325313577921347
   0.1   0.03   0.529838737303128
   0.1   0.03   4.115355794701716
   0.1   0.03   1.281310551531828
   0.1   0.03   0.9581521952987382
   0.1   0.03   3.97286570025314
   0.1   0.03   1.8799331936823103
   0.1   0.03   5.863963505033155
   0.1   0.03   0.15181455771939534
   0.1   0.03   4.427090927569614
   0.1   0.03   6.2080401475079166
   0.1   0.03   1.2739939162180258
   0.1   0.03   3.541395101606385
   0.1   0.03   3.99522360116543
   0.1   0.03   0.6099589913761283
   0.1   0.03   3.5279169260272267
   0.1   0.03   2.2892910918972604
   0.1   0.03   1.505237220939209
   0.1   0.03   6.210998360518699
   0.1   0.03   3.689811415083571
   0.1   0.03   1.8759570612338003
   0.1   0.03   3.7106017305439454
   0.1   0.03   4.736464902249626
   0.1   0.03   5.0865273479049025
   0.1   0.03   2.875040612411081
   0.1   0.03   3.307113392515872
   0.1   0.03   1.7936595788004739
   0.1   0.03   2.040408252019737
   0.1   0.03   5.452304174706319
   0.1   0.03   3.410797365873625
   0.1   0.03   4.49725777784489
   0.1   0.03   2.1018322302722887
   0.1   0.03   3.544888259398728
   0.1   0.03   3.95018884130268
   0.1   0.03   5.773165861318977
   0.1   0.03   2.18194577829799
   0.1   0.03   3.307774558967449
   0.1   0.03   6.165969511009721
   0.1   0.03   1.3159475702885393
   0.1   0.03   2.02513088835758
   0.1   0.03   1.165745178727655
   0.1   0.03   3.010689896261975
   0.1   0.03   3.7236338331365375
   0.1   0.03   3.820189521657871
   0.1   0.03   4.3719576890143115
   0.1   0.03   1.5418232846624835
   0.1   0.03   5.773503129070536
   0.1   0.03   0.8005719084371608
   0.1   0.03   5.861758431751494
   0.1   0.03   3.97792826560654
   0.1   0.03   0.513734331420806
   0.1   0.03   5.648487307927429
   0.1   0.03   1.4202126269794277
   0.1   0.03   3.0463868618543346
   0.1   0.03   6.023450173254624
   0.1   0.03   4.0502981041865205
   0.1   0.03   1.0195545225282339
   0.1   0.03   3.6186431741716825
   0.1   0.03   0.8773460914765184
   0.1   0.03   5.868849431940772
   0.1   0.03   2.58408444664652
   0.1   0.03   4.635143358859737
   0.1   0.03   3.8682772454154777
   0.1   0.03   0.2617135107722168
   0.1   0.03   2.573104031373647
   0.1   0.03   1.7283315747577626
   0.1   0.03   3.1706904559497344
   0.1   0.03   2.8330630990676715
   0.1   0.03   5.761202651423809
   0.1   0.03   5.917409139681705
   0.1   0.03   3.6571115469468567
   0.1   0.03   4.596543164111144
   0.1   0.03   5.731594793293184
   0.1   0.03   5.768668936784229
   0.1   0.03   5.358746315812341
   0.1   0.03   2.1115693343646487
   0.1   0.03   0.18316005423598436
   0.1   0.03   5.950236425805967
   0.1   0.03   4.098342482910775
   0.1   0.03   4.4856216106571525
   0.1   0.03   4.725173541259411
   0.1   0.03   0.17773837182229088
   0.1   0.03   4.994977992017396
   0.1   0.03   0.1695162806289263
   0.1   0.03   5.572438851384981
   0.1   0.03   5.306993352541707
   0.1   0.03   0.6693677911267103
   0.1   0.03   4.168894192016521
   0.1   0.03   2.5372459483165946
   0.1   0.03   2.5070207771698656
   0.1   0.03   1.6619531803891079
   0.1   0.03   4.364793550979177
   0.1   0.03   3.8106200980005664
   0.1   0.03   1.1298976768644189
   0.1   0.03   1.5932484541022127
   0.1   0.03   2.486161529063872
   0.1   0.03   4.5610397021255356
   0.1   0.03   3.384270009826088
   0.1   0.03   5.628033601354554
   0.1   0.03   6.040385556763742
   0.1   0.03   2.8852062333583444
   0.1   0.03   5.428879646994066
   0.1   0.03   5.374190174047746
   0.1   0.03   3.688677350108184
   0.1   0.03   4.255308951248982
   0.1   0.03   3.562414270974502
   0.1   0.03   1.4974536076601204
   0.1   0.03   0.9833667764537987
   0.1   0.03   3.2142910763216244
   0.1   0.03   5.362607368854535
   0.1   0.03   2.551895265793853
   0.1   0.03   5.532876099919642
   0.1   0.03   1.8607752628382754
   0.1   0.03   4.743864152401139
   0.1   0.03   5.69745373010778
   0.1   0.03   2.2972111899506884
   0.1   0.03   2.4438512900701075
   0.1   0.03   5.719789263406665
   0.1   0.03   3.0737784674538995
   0.1   0.03   4.736076451330736
   0.1   0.03   4.561920531706457
   0.1   0.03   0.9359619574614804
   0.1   0.03   0.07537541266339724
   0.1   0.03   4.871256658952306
   0.1   0.03   0.45404218797258805
   0.1   0.03   0.07995811766437431
   0.1   0.03   4.290237443398422
   0.1   0.03   4.896143197731162
   0.1   0.03   2.0318397513373965
   0.1   0.03   6.097731240651393
   0.1   0.03   2.971495674879094
   0.1   0.03   0.4320341162253173
   0.1   0.03   5.580789882007554
   0.1   0.03   1.4470734094301845
   0.1   0.03   4.644526004977942
   0.1   0.03   0.981508999491987
   0.1   0.03   0.8332523017230795
   0.1   0.03   4.6124373901580755
   0.1   0.03   0.35024636444134055
   0.1   0.03   5.501894763951006
   0.1   0.03   0.6474710687067957
   0.1   0.03   0.8262929707129436
   0.1   0.03   0.05357309694571586
   0.1   0.03   4.033352414901162
   0.1   0.03   1.6576368357492495
   0.1   0.03   1.7177868131593566
   0.1   0.03   1.497193464140537
   0.1   0.03   3.3293112915844216
   0.1   0.03   4.901454545411728
   0.1   0.03   0.24521744881638216
   0.1   0.03   2.0778464322549715
   0.1   0.03   1.646519736383296
   0.1   0.03   6.017180183157127
   0.1   0.03   0.738015083227939
   0.1   0.03   1.5546782105299264
   0.1   0.03   4.018916192537746
   0.1   0.03   5.096328300565566
   0.1   0.03   4.397918574260405
   0.1   0.03   5.451827126373981
   0.1   0.03   2.693987258295483
   0.1   0.03   2.344951875014496
   0.1   0.03   5.70987625294505
   0.1   0.03   5.447752753367001
   0.1   0.03   1.4035433983825218
   0.1   0.03   1.7703335001179972
   0.1   0.03   1.1741274011556058
   0.1   0.03   3.763457019481868
   0.1   0.03   2.171191406559672
   0.1   0.03   2.4100325164826257
   0.1   0.03   5.052080849793366
   0.1   0.03   5.429056065455693
   0.1   0.03   2.612000508224996
   0.1   0.03   3.6520855592076473
   0.1   0.03   0.6058621039659687
   0.1   0.03   2.8452689782925717
   0.1   0.03   5.2002456297208575
   0.1   0.03   5.746374846152069
   0.1   0.03   0.31267758192121003
   0.1   0.03   0.8208175279172624
   0.1   0.03   6.264209671912413
   0.1   0.03   5.757395877496223
   0.1   0.03   2.272642745824163
   0.1   0.03   1.8602661115579842
   0.1   0.03   5.760631384950526
   0.1   0.03   3.842829785080707
   0.1   0.03   1.0864053502651791
   0.1   0.03   5.5897075603199395
   0.1   0.03   1.5748886619830809
   0.1   0.03   0.8781707551384498
   0.1   0.03   1.538280329124831
   0.1   0.03   1.6010039560946008
   0.1   0.03   5.779307522505287
   0.1   0.03   5.465676457006071
   0.1   0.03   3.012621117469945
   0.1   0.03   3.527425187474919
   0.1   0.03   5.66907880873133
   0.1   0.03   0.3369379811930705
   0.1   0.03   2.049757604615059
   0.1   0.03   0.5601600019851907
   0.1   0.03   4.704344638461242
   0.1   0.03   3.223934600912661
   0.1   0.03   5.034315692041455
   0.1   0.03   0.876262850823823
   0.1   0.03   0.9039823724495581
   0.1   0.03   3.7522351571366532
   0.1   0.03   3.4995202403674357
   0.1   0.03   3.733529122569004
   0.1   0.03   4.354324155753319
   0.1   0.03   4.1204677221535935
   0.1   0.03   4.2890048127057065
   0.1   0.03   1.0840557967056366
   0.1   0.03   6.270310388875435
   0.1   0.03   3.6441532633683753
   0.1   0.03   4.338327561620792
   0.1   0.03   1.572134798560469
   0.1   0.03   0.008312216926499109
   0.1   0.03   3.358451983347711
   0.1   0.03   2.8208596248546822
   0.1   0.03   4.403866311514427
   0.1   0.03   3.295934571686191
   0.1   0.03   5.46597463660876
   0.1   0.03   4.147943747742049
   0.1   0.03   3.734653668901224
   0.1   0.03   5.670241878925664
   0.1   0.03   2.1550699039222385
   0.1   0.03   5.325569601053384
   0.1   0.03   4.677664152555454
   0.1   0.03   3.932117593372756
   0.1   0.03   1.2363433515328228
   0.1   0.03   4.520114247440343
   0.1   0.03   0.23384656616577304
   0.1   0.03   5.932697774906544
   0.1   0.03   2.239078933735226
   0.1   0.03   1.2765956751004912
   0.1   0.03   1.196352593513995
   0.1   0.03   2.8362663845733143
   0.1   0.03   6.163206767549564
   0.1   0.03   2.5758867742033824
   0.1   0.03   0.6016333492122033
   0.1   0.03   4.896049053062006
   0.1   0.03   5.5274838265368285
   0.1   0.03   1.7504945788015318
   0.1   0.03   1.1169926357195725
   0.1   0.03   4.142107749926108
   0.1   0.03   5.327778296883294
   0.1   0.03   4.246056227596032
   0.1   0.03   1.6753593458927885
   0.1   0.03   4.877664479680186
   0.1   0.03   5.065036164008361
   0.1   0.03   1.7778592695190703
   0.1   0.03   2.055242841160272
   0.1   0.03   0.21971705785742937
   0.1   0.03   4.64276184860655
   0.1   0.03   4.32290052380837
   0.1   0.03   0.07237260573593686
   0.1   0.03   0.5441547589585084
   0.1   0.03   5.14656964900258
   0.1   0.03   4.511000056442431
   0.1   0.03   2.590497200660611
   0.1   0.03   1.4101120205670024
   0.1   0.03   4.878755573686663
   0.1   0.03   1.2446932843625393
   0.1   0.03   3.6280135519937957
   0.1   0.03   0.27215632195411277
   0.1   0.03   3.2988194545110257
   0.1   0.03   0.02606180811853692
   0.1   0.03   2.0274053130702026
   0.1   0.03   3.66161958019538
   0.1   0.03   1.866887147630514
   0.1   0.03   3.0479395910962497
   0.1   0.03   3.9261002798310405
   0.1   0.03   0.14937709994269205
   0.1   0.03   0.3160663035682313
   0.1   0.03   0.49318336189931555
   0.1   0.03   2.5937368354277277
   0.1   0.03   2.477506299525354
   0.1   0.03   4.459194397295085
   0.1   0.03   1.3426303848516217
   0.1   0.03   5.568677552347019
   0.1   0.03   0.9612337039766605
   0.1   0.03   5.583774769081663
   0.1   0.03   2.541243087102636
   0.1   0.03   3.69261018797735
   0.1   0.03   6.075526326281292
   0.1   0.03   0.567206765182235
   0.1   0.03   4.8339469906827865
   0.1   0.03   2.0574827853492277
   0.1   0.03   2.9995794697649623
   0.1   0.03   0.21200735549251795
   0.1   0.03   0.5419465616319867
   0.1   0.03   4.530637927363091
   0.1   0.03   2.230836694904642
   0.1   0.03   4.231913029554825
   0.1   0.03   5.573155978776562
   0.1   0.03   3.358676203674139
   0.1   0.03   3.065407672853708
   0.1   0.03   4.283566744342692
   0.1   0.03   0.17961894745223173
   0.1   0.03   1.5984183185173175
   0.1   0.03   4.490530122748256
   0.1   0.03   4.089825510567555
   0.1   0.03   4.018643020412057
   0.1   0.03   1.881693231647747
   0.1   0.03   0.7586581119396467
   0.1   0.03   0.2519384302954322
   0.1   0.03   2.093414862270438
   0.1   0.03   0.46651728270442483
   0.1   0.03   3.425936501453145
   0.1   0.03   5.878587769290155
   0.1   0.03   0.6473445290673313
   0.1   0.03   3.9349169822124317
   0.1   0.03   3.869494469663486
   0.1   0.03   0.16565577529255884
   0.1   0.03   2.3476809217963446
   0.1   0.03   0.0990351995932992
   0.1   0.03   2.0180187727972245
   0.1   0.03   5.054800374472974
   0.1   0.03   1.6577108574688717
   0.1   0.03   3.96425061884948
   0.1   0.03   5.406660476146391
   0.1   0.03   5.612568317767195
   0.1   0.03   1.5083348061690807
   0.1   0.03   3.7054241305361395
   0.1   0.03   1.6827177161124958
   0.1   0.03   3.6276916123041127
   0.1   0.03   6.194720492964973
   0.1   0.03   0.3629522149277552
   0.1   0.03   0.6170981094143413
   0.1   0.03   0.405779943673948
   0.1   0.03   3.107547818429986
   0.1   0.03   4.907870528943115
   0.1   0.03   1.7926432941780215
   0.1   0.03   4.670684797069743
   0.1   0.03   0.6469289020487325
   0.1   0.03   2.4154446492680903
   0.1   0.03   0.8244746029999781
   0.1   0.03   4.506481912771772
   0.1   0.03   2.6993736388517093
   0.1   0.03   0.10331611727374929
   0.1   0.03   1.7240829621693619
   0.1   0.03   1.2251143155740711
   0.1   0.03   5.985888321103756
   0.1   0.03   4.641349344858323
   0.1   0.03   2.48505604448806
   0.1   0.03   5.621407725429689
   0.1   0.03   1.6956853072165472
   0.1   0.03   4.071766768296844
   0.1   0.03   2.3122753501828055
   0.1   0.03   3.013883862165672
   0.1   0.03   5.777586044749007
   0.1   0.03   0.6245683346689868
   0.1   0.03   3.3770592354826907
   0.1   0.03   1.1736558555124077
   0.1   0.03   0.06117309894040968
   0.1   0.03   3.471034402264642
   0.1   0.03   5.16869894864565
   0.1   0.03   1.4403929210063373
   0.1   0.03   5.0397595708720475
   0.1   0.03   3.1688872328301945
   0.1   0.03   2.3307729409823956
   0.1   0.03   1.6421231067270883
   0.1   0.03   5.198359057432865
   0.1   0.03   4.340340698415705
   0.1   0.03   3.601734221903649
   0.1   0.03   1.113526178033152
   0.1   0.03   0.45084480503872204
   0.1   0.03   1.4932540431389203
   0.1   0.03   2.1589465913401593
   0.1   0.03   4.915222532919132
   0.1   0.03   1.6766018111125784
   0.1   0.03   4.580372451471355
   0.1   0.03   4.43514807967917
   0.1   0.03   2.6660674809665394
   0.1   0.03   2.1286744461940152
   0.1   0.03   1.3789863738141819
   0.1   0.03   5.6018139397822075
   0.1   0.03   3.140831929316613
   0.1   0.03   3.9590478204317843
   0.1   0.03   0.4083267718657898
   0.1   0.03   2.209133201784212
   0.1   0.03   5.417073501063091
   0.1   0.03   3.723610892351099
   0.1   0.03   0.4422471019392505
   0.1   0.03   1.9551009294671953
   0.1   0.03   3.443813186970014
   0.1   0.03   1.6930219027178723
   0.1   0.03   5.41038922788029
   0.1   0.03   4.748608614745041
   0.1   0.03   5.751756839404393
   0.1   0.03   0.20352587019558663
   0.1   0.03   3.603335108626345
   0.1   0.03   0.16883104525861428
   0.1   0.03   1.4709376957475262
   0.1   0.03   4.540813001388386
   0.1   0.03   5.836219515866683
   0.1   0.03   3.309179899347551
   0.1   0.03   0.07914989583797265
   0.1   0.03   3.4823858170080872
   0.1   0.03   3.1827644547637193
   0.1   0.03   2.4127193207817577
   0.1   0.03   5.373483602592332
   0.1   0.03   5.54112446327541
   0.1   0.03   3.545481597567043
   0.1   0.03   1.9934317385787028
   0.1   0.03   2.7986215693456455
   0.1   0.03   1.3318155206258642
   0.1   0.03   0.42134169320285936
   0.1   0.03   2.170303796714429
   0.1   0.03   2.063451102382689
   0.1   0.03   4.004701733592537
   0.1   0.03   4.277546369501725
   0.1   0.03   2.7895398594257426
   0.1   0.03   3.312516975978145
   0.1   0.03   1.3645518979050182
   0.1   0.03   2.278994567363605
   0.1   0.03   4.530161343624149
   0.1   0.03   4.194366954222712
   0.1   0.03   4.323778010483062
   0.1   0.03   5.265034585018732
   0.1   0.03   1.2346176090453431
   0.1   0.03   1.3212865094151187
   0.1   0.03   1.8566013977260891
   0.1   0.03   4.336117049810203
   0.1   0.03   5.081501598887125
   0.1   0.03   3.7291781601718728
   0.1   0.03   2.893551269300386
   0.1   0.03   0.08355103957363424
   0.1   0.03   5.293710856745222
   0.1   0.03   3.5976754107873483
   0.1   0.03   2.9226793543900147
   0.1   0.03   3.6079233354154625
   0.1   0.03   3.6223054072429175
   0.1   0.03   5.103723643887334
   0.1   0.03   2.047447297135108
   0.1   0.03   1.3512023011129313
   0.1   0.03   3.6515584609362985
   0.1   0.03   5.237408666248047
   0.1   0.03   3.4843032353647043
   0.1   0.03   4.971689917956324
   0.1   0.03   4.795260896958622
   0.1   0.03   4.688991124843793
   0.1   0.03   3.514122431734435
   0.1   0.03   1.780878935075269
   0.1   0.03   5.963774727700558
   0.1   0.03   5.087353647763064
   0.1   0.03   0.1557448648646255
   0.1   0.03   5.327115371816105
   0.1   0.03   3.3198493480137072
   0.1   0.03   4.737644646585519
   0.1   0.03   4.589995364404121
   0.1   0.03   3.004191383716395
   0.1   0.03   2.7247543390674633
   0.1   0.03   6.091965078869032
   0.1   0.03   5.743844740229041
   0.1   0.03   4.01267912950831
   0.1   0.03   3.3252067605100697
   0.1   0.03   0.774660659546856
   0.1   0.03   2.9423390122938367
   0.1   0.03   4.3957075500450875
   0.1   0.03   1.856475133064904
   0.1   0.03   3.135103953941441
   0.1   0.03   6.097521963498389
   0.1   0.03   1.607081097396166
   0.1   0.03   3.4786653541040162
   0.1   0.03   2.3432257794292375
   0.1   0.03   4.962387422400895
   0.1   0.03   2.7765643913839475
   0.1   0.03   5.3834638391744685
   0.1   0.03   0.2242233980404182
   0.1   0.03   1.8082811873887938
   0.1   0.03   1.081123789514629
   0.1   0.03   0.5561957604832992
   0.1   0.03   4.074583908074171
   0.1   0.03   2.7427821094238816
   0.1   0.03   5.181843933537871
   0.1   0.03   4.758283483818558
   0.1   0.03   6.186934661099827
   0.1   0.03   0.09047428483703711
   0.1   0.03   1.703451627469458
   0.1   0.03   2.839914042944831
   0.1   0.03   1.5505065721494609
   0.1   0.03   5.705002786774715
   0.1   0.03   1.8982310168567536
   0.1   0.03   5.857659526240065
   0.1   0.03   3.603061906845869
   0.1   0.03   5.953247612127405
   0.1   0.03   2.8071037528851717
   0.1   0.03   2.3163151917915448
   0.1   0.03   3.4845922793681483
   0.1   0.03   0.844918768442228
   0.1   0.03   5.628896868127998
   0.1   0.03   1.9923825535936384
   0.1   0.03   0.36341875249818884
   0.1   0.03   0.515044519933169
   0.1   0.03   4.678700801945194
   0.1   0.03   0.7329559684016506
   0.1   0.03   5.885769154548484
   0.1   0.03   6.1619211704261625
   0.1   0.03   0.31957100311151976
   0.1   0.03   3.340474188530288
   0.1   0.03   4.640378330236184
   0.1   0.03   2.696483832944404
   0.1   0.03   1.6860739283146282
   0.1   0.03   3.9297317574298254
   0.1   0.03   2.2523231881059287
   0.1   0.03   0.13358696742566928
   0.1   0.03   2.8921179553765652
   0.1   0.03   0.30604855834608163
   0.1   0.03   4.387135990988748
   0.1   0.03   4.222148601979685
   0.1   0.03   2.030046561902748
   0.1   0.03   0.9626494193510465
   0.1   0.03   4.884601089931797
   0.1   0.03   1.7570765515559856
   0.1   0.03   2.8797622345188643
   0.1   0.03   3.7708785858410283
   0.1   0.03   2.63744182456398
   0.1   0.03   2.972401978072311
   0.1   0.03   3.262730200408764
   0.1   0.03   2.6574687106218735
   0.1   0.03   3.7098565328636943
   0.1   0.03   5.479400398486749
   0.1   0.03   5.2014303764296494
   0.1   0.03   5.183577218601603
   0.1   0.03   4.368739346762972
   0.1   0.03   3.155583052402235
   0.1   0.03   5.081937193317431
   0.1   0.03   2.17307559535799
   0.1   0.03   4.211800402042347
   0.1   0.03   4.697052506055477
   0.1   0.03   0.7596108640315212
   0.1   0.03   2.5949966807772427
   0.1   0.03   3.0588902393799184
   0.1   0.03   3.138175951520056
   0.1   0.03   4.252032133994185
   0.1   0.03   4.468587818244948
   0.1   0.03   4.884876189625828
   0.1   0.03   6.067481093051081
   0.1   0.03   5.276200023682482
   0.1   0.03   1.55820182351681
   0.1   0.03   4.071095352544323
   0.1   0.03   5.907715437926417
   0.1   0.03   6.036936935047981
   0.1   0.03   2.9620220925192284
   0.1   0.03   2.398748146731295
   0.1   0.03   1.277521336451118
   0.1   0.03   0.47551399402046113
   0.1   0.03   1.9131351961862995
   0.1   0.03   4.191890670643729
   0.1   0.03   0.7493921623421188
   0.1   0.03   0.1372026858668477
   0.1   0.03   3.150631455914371
   0.1   0.03   1.1319496891758496
   0.1   0.03   2.7147815733026897
   0.1   0.03   2.8519344127720405
   0.1   0.03   1.8964462601517824
   0.1   0.03   5.297531683988821
   0.1   0.03   4.5181954138115925
   0.1   0.03   1.4903096078271785
   0.1   0.03   6.038262789111748
   0.1   0.03   5.304437776324819
   0.1   0.03   6.014550036627403
   0.1   0.03   3.0251826026619573
   0.1   0.03   2.3222651611908565
   0.1   0.03   3.4647980771123685
   0.1   0.03   1.1318139660259505
   0.1   0.03   0.2535519952065436
   0.1   0.03   4.015952918050208
   0.1   0.03   4.925519246906104
   0.1   0.03   1.6361783643307597
   0.1   0.03   4.062281010695382
   0.1   0.03   1.433689968730241
   0.1   0.03   3.2271928163904207
   0.1   0.03   2.7546161745419266
   0.1   0.03   6.151667967729114
   0.1   0.03   5.713669880016369
   0.1   0.03   6.043527595759156
   0.1   0.03   2.1140648804912856
   0.1   0.03   5.441755888880978
   0.1   0.03   4.0114756183899605
   0.1   0.03   1.4341634315901401
   0.1   0.03   5.324485087351437
   0.1   0.03   3.234239521574411
   0.1   0.03   1.0977500954241064
   0.1   0.03   0.27478569869932995
   0.1   0.03   2.93367201324717
   0.1   0.03   0.8179142162668896
   0.1   0.03   0.7821681439914581
   0.1   0.03   6.122283263302058
   0.1   0.03   2.2025687903248743
   0.1   0.03   3.3666154051816255
   0.1   0.03   5.854049221351396
   0.1   0.03   2.638050011411679
   0.1   0.03   3.898926041295029
   0.1   0.03   2.765158039401949
   0.1   0.03   1.4024374882406099
   0.1   0.03   0.2984979576235381
   0.1   0.03   1.3853181187418755
   0.1   0.03   5.074602426562341
   0.1   0.03   5.225173423881913
   0.1   0.03   5.548083677803044
   0.1   0.03   5.799841675456185
   0.1   0.03   2.438946004616848
   0.1   0.03   4.805221398864378
   0.1   0.03   0.8673807933663286
   0.1   0.03   5.855348864522199
   0.1   0.03   5.225975047508341
   0.1   0.03   2.3152516214623646
   0.1   0.03   6.268885381298829
   0.1   0.03   5.57416064764719
   0.1   0.03   6.138661949817058
   0.1   0.03   5.892393549984392
   0.1   0.03   0.08038615204400193
   0.1   0.03   6.183058881034321
   0.1   0.03   5.257532367194534
   0.1   0.03   0.4553954100675688
   0.1   0.03   2.8041126295749486
   0.1   0.03   2.1612204325815556
   0.1   0.03   3.301928073771818
   0.1   0.03   0.8993880590009076
   0.1   0.03   5.712489832723908
   0.1   0.03   4.64579693109975
   0.1   0.03   5.492712652357443
   0.1   0.03   2.1211928429281883
   0.1   0.03   5.569483383755193
   0.1   0.03   1.6843224764777387
   0.1   0.03   4.77402657325134
   0.1   0.03   5.593490721511556
   0.1   0.03   1.9017272862229517
   0.1   0.03   3.737586105822275
   0.1   0.03   1.515123629766029
   0.1   0.03   1.6502373538932484
   0.1   0.03   0.6653988915381533
   0.1   0.03   5.885481473591568
   0.1   0.03   2.7403768126355312
   0.1   0.03   1.5073390029977833
   0.1   0.03   6.016311680208994
   0.1   0.03   0.32734737542881337
   0.1   0.03   4.417335904223321
   0.1   0.03   0.8439642437438255
   0.1   0.03   3.2007584489478407
   0.1   0.03   0.7231608665047998
   0.1   0.03   0.590509455795359
   0.1   0.03   3.4401225984884847
   0.1   0.03   2.644139636981086
   0.1   0.03   3.161626201834
   0.1   0.03   1.5009235371834768
   0.1   0.03   2.7106452431727273
   0.1   0.03   1.3977257352652057
   0.1   0.03   1.3135056923384838
   0.1   0.03   4.942188138456526
   0.1   0.03   3.206802061681741
   0.1   0.03   2.3259964177211043
   0.1   0.03   5.014026724194197
   0.1   0.03   1.769211375263501
   0.1   0.03   3.0090373430721518
   0.1   0.03   2.1850468399316876
   0.1   0.03   3.6212666083631393
   0.1   0.03   5.572008914700179
   0.1   0.03   4.858983876887426
   0.1   0.03   2.985677567121983
   0.1   0.03   5.7171728337212615
   0.1   0.03   4.248899585978726
   0.1   0.03   0.822981709909404
   0.1   0.03   1.0008302140858487
   0.1   0.03   2.7534856133593424
   0.1   0.03   1.985535746826532
   0.1   0.03   3.747144311290979
   0.1   0.03   4.288964705179749
   0.1   0.03   1.671435368097511
   0.1   0.03   5.20768928195138
   0.1   0.03   0.7025590261723785
   0.1   0.03   1.689385286504781
   0.1   0.03   0.5187675349385384
   0.1   0.03   4.983931649420768
   0.1   0.03   2.1257254796844776
   0.1   0.03   0.5395275264684887
   0.1   0.03   3.5087274716230157
   0.1   0.03   4.82619407037749
   0.1   0.03   5.61094760908215
   0.1   0.03   0.3192175392892675
   0.1   0.03   1.883982419284841
   0.1   0.03   5.9866983591551035
   0.1   0.03   4.776981836561583
   0.1   0.03   4.954319351750377
   0.1   0.03   0.6471995837060621
   0.1   0.03   0.5859613478586903
   0.1   0.03   1.486926168330763
   0.1   0.03   5.399703216879402
   0.1   0.03   1.531039092832337
   0.1   0.03   2.6887094274324563
   0.1   0.03   2.532101830040924
   0.1   0.03   2.652201086181904
   0.1   0.03   0.3885811250128719
   0.1   0.03   0.18852084841767056
   0.1   0.03   4.918797886406116
   0.1   0.03   5.181945205519704
   0.1   0.03   0.9862789204320482
   0.1   0.03   1.5545166554918242
   0.1   0.03   3.4044085406010183
   0.1   0.03   1.437292341913866
   0.1   0.03   0.6037408151355461
   0.1   0.03   0.42657915956262044
   0.1   0.03   1.9520805644889645
   0.1   0.03   1.6452263843572004
   0.1   0.03   4.118056837845094
   0.1   0.03   0.9051156032654757
   0.1   0.03   2.97423683934991
   0.1   0.03   5.454151252925481
   0.1   0.03   1.6670633201383498
   0.1   0.03   5.662980853298726
   0.1   0.03   3.464781462732316
   0.1   0.03   6.14659820239539
   0.1   0.03   3.200723817727128
   0.1   0.03   3.9054474375748387
   0.1   0.03   0.8641802713391077
   0.1   0.03   2.256466570479845
   0.1   0.03   1.508216512966383
   0.1   0.03   4.06422345212624
   0.1   0.03   4.291896566293753
   0.1   0.03   0.09609049306318222
   0.1   0.03   0.7299483761291771
   0.1   0.03   5.517563415830066
   0.1   0.03   2.0681959855728373
   0.1   0.03   5.136256992430428
   0.1   0.03   0.9020906585185453
   0.1   0.03   3.5184794016433503
   0.1   0.03   5.55950544845031
   0.1   0.03   3.820902020817402
   0.1   0.03   0.6477777009244474
   0.1   0.03   5.869321034955777
   0.1   0.03   0.017517245752018205
   0.1   0.03   5.635810001675833
   0.1   0.03   3.706187507208732
   0.1   0.03   4.544207351805643
   0.1   0.03   3.649032032471092
   0.1   0.03   2.5120530648316244
   0.1   0.03   4.7375965035753715
   0.1   0.03   3.528315213023117
   0.1   0.03   2.6689745375784595
   0.1   0.03   0.6114716998640247
   0.1   0.03   4.60872193427659
   0.1   0.03   2.694528566264938
   0.1   0.03   1.5794838720331277
   0.1   0.03   1.2221557566356218
   0.1   0.03   1.2544598016240964
   0.1   0.03   5.422954057245357
   0.1   0.03   1.1093050264841675
   0.1   0.03   2.178594507722582
   0.1   0.03   2.5037896410186726
   0.1   0.03   1.4360093133833929
   0.1   0.03   5.918500529621588
   0.1   0.03   4.931676323474667
   0.1   0.03   3.542105980755591
   0.1   0.03   3.7587852040761356
   0.1   0.03   1.6513090378279922
   0.1   0.03   3.2695989317621748
   0.1   0.03   3.782529532453038
   0.1   0.03   5.484909555368471
   0.1   0.03   5.319762365039599
   0.1   0.03   4.015191072300355
   0.1   0.03   3.1800125261209966
   0.1   0.03   3.79587513178406
   0.1   0.03   5.207471496690278
   0.1   0.03   5.054797236770429
   0.1   0.03   0.24955809985395697
   0.1   0.03   3.8538736545137464
   0.1   0.03   3.753335857474111
   0.1   0.03   3.0276454820304273
   0.1   0.03   5.367545192254642
   0.1   0.03   5.711456269807921
   0.1   0.03   1.5098320287213942
   0.1   0.03   0.4181193054189777
   0.1   0.03   2.1925338694533294
   0.1   0.03   3.698311069295808
   0.1   0.03   0.853946630044066
   0.1   0.03   0.35452215111049784
   0.1   0.03   1.6637832147812148
   0.1   0.03   2.4224966195918385
   0.1   0.03   3.333390274888069
   0.1   0.03   4.029420902807675
   0.1   0.03   1.358385855155544
   0.1   0.03   1.6933278180955866
   0.1   0.03   1.8785348696206285
   0.1   0.03   3.769816537795188
   0.1   0.03   0.6661817634664907
   0.1   0.03   0.2649642328544251
   0.1   0.03   2.9378646364833143
   0.1   0.03   1.2143698440238957
   0.1   0.03   4.054324635208606
   0.1   0.03   1.1543486873700501
   0.1   0.03   3.1051604049531405
   0.1   0.03   5.1536895549439
   0.1   0.03   0.02099022871830152
   0.1   0.03   1.8823259462675765
   0.1   0.03   4.6903876001965905
   0.1   0.03   3.552962777891372
   0.1   0.03   5.98557794566238
   0.1   0.03   2.472991573199475
   0.1   0.03   0.6070914951881226
   0.1   0.03   2.555288563525157
   0.1   0.03   4.640621230272565
   0.1   0.03   5.34394528433519
   0.1   0.03   0.3759960090376681
   0.1   0.03   4.867847859731237
   0.1   0.03   1.9240769383473029
   0.1   0.03   2.824707441368725
   0.1   0.03   2.7916657942779795
   0.1   0.03   2.2773851449820928
   0.1   0.03   2.795224648200957
   0.1   0.03   5.969807750213391
   0.1   0.03   0.3177923575076994
   0.1   0.03   3.5423615239451167
   0.1   0.03   5.492596731058282
   0.1   0.03   4.976375939990682
   0.1   0.03   3.5315681081536527
   0.1   0.03   4.345316506859
   0.1   0.03   1.812069145452149
   0.1   0.03   1.4751609177537754
   0.1   0.03   2.5215986043198
   0.1   0.03   1.0683824843716265
   0.1   0.03   5.654163714548486
   0.1   0.03   5.17692372224391
   0.1   0.03   6.23385745613513
   0.1   0.03   1.4262542996214729
   0.1   0.03   0.4924650286142502
   0.1   0.03   2.619464978850887
   0.1   0.03   3.542202258761508
   0.1   0.03   1.3922375016679875
   0.1   0.03   1.6956443055971828
   0.1   0.03   0.7998621165020705
   0.1   0.03   2.2673143936422813
   0.1   0.03   3.9860636468641513
   0.1   0.03   3.1214239910205808
   0.1   0.03   2.849349248926525
   0.1   0.03   5.542646564365987
   0.1   0.03   5.781769263384572
   0.1   0.03   2.454624190796744
   0.1   0.03   3.428772737281105
   0.1   0.03   3.518216306459988
   0.1   0.03   5.51084952885775
   0.1   0.03   5.58686605350086
   0.1   0.03   0.22615428949325253
   0.1   0.03   0.7215511864225657
   0.1   0.03   5.79164929798593
   0.1   0.03   2.7731932509407624
   0.1   0.03   0.6652659279452824
   0.1   0.03   4.220779670660418
   0.1   0.03   4.253009157997549
   0.1   0.03   5.076492029271433
   0.1   0.03   3.1366136443212933
   0.1   0.03   3.8188419586010522
   0.1   0.03   3.607565130280201
   0.1   0.03   1.9985264184632225
   0.1   0.03   0.0052960495191052195
   0.1   0.03   0.10670988766359397
   0.1   0.03   4.753666523582104
   0.1   0.03   4.709837495268398
   0.1   0.03   3.121505465448828
   0.1   0.03   3.9191349516726954
   0.1   0.03   2.6561061942796496
   0.1   0.03   5.2572442975518
   0.1   0.03   0.6739854494351187
   0.1   0.03   5.993544958766263
   0.1   0.03   5.645565571042292
   0.1   0.03   4.883366225024549
   0.1   0.03   0.258870438942032
   0.1   0.03   3.6525261022062208
   0.1   0.03   0.9025688197025394
   0.1   0.03   0.0668143116614685
   0.1   0.03   4.773692315369195
   0.1   0.03   1.9358944194879641
   0.1   0.03   0.6608536549105791
   0.1   0.03   6.09319347421981
   0.1   0.03   4.746366289759218
   0.1   0.03   1.3040665705510586
   0.1   0.03   1.9801356066374363
   0.1   0.03   2.9490142209760695
   0.1   0.03   4.741662278805031
   0.1   0.03   3.52826478565094
   0.1   0.03   2.489426022708643
   0.1   0.03   5.58852075170496
   0.1   0.03   2.7299828739016943
   0.1   0.03   5.3918594284420776
   0.1   0.03   4.31601992322964
   0.1   0.03   2.104309023739192
   0.1   0.03   5.0649227857452495
   0.1   0.03   1.129609412614567
   0.1   0.03   0.1733348330343211
   0.1   0.03   3.195591837996338
   0.1   0.03   1.66083967848943
   0.1   0.03   3.198504366751012
   0.1   0.03   5.38917862021196
   0.1   0.03   0.7679063809651832
   0.1   0.03   5.823982653388625
   0.1   0.03   4.4389951924984175
   0.1   0.03   1.0546019871124817
   0.1   0.03   1.806846444233181
   0.1   0.03   1.8556194369492618
   0.1   0.03   1.0901586420658087
   0.1   0.03   3.2763315700674096
   0.1   0.03   3.0143047059604537
   0.1   0.03   2.8714030361608915
   0.1   0.03   3.1659697630136523
   0.1   0.03   1.9884943475325603
   0.1   0.03   2.1671179588329297
   0.1   0.03   0.11758373215962792
   0.1   0.03   4.700867292811348
   0.1   0.03   4.34655841267234
   0.1   0.03   5.25942875717103
   0.1   0.03   4.473433954684579
   0.1   0.03   1.6852081686081068
   0.1   0.03   6.282080357241957
   0.1   0.03   5.725884105929555
   0.1   0.03   0.8990217343331064
   0.1   0.03   3.4093543749783066
   0.1   0.03   3.553247613191755
   0.1   0.03   1.7315784054997447
   0.1   0.03   2.9818530706650126
   0.1   0.03   4.392466266328411
   0.1   0.03   3.326758648164206
   0.1   0.03   3.196269745289675
   0.1   0.03   5.773593982559773
   0.1   0.03   6.2567095496051754
   0.1   0.03   5.873928023707475
   0.1   0.03   1.1868396424099703
   0.1   0.03   5.036759131941761
   0.1   0.03   5.978861452813876
   0.1   0.03   5.393429592329736
   0.1   0.03   3.430515462152467
   0.1   0.03   3.823312020199416
   0.1   0.03   2.0950119160781275
   0.1   0.03   1.9396824283772143
   0.1   0.03   3.44992209867228
   0.1   0.03   5.460381800096336
   0.1   0.03   4.712179429341486
   0.1   0.03   5.151923635393396
   0.1   0.03   1.7127913259399346
   0.1   0.03   5.965247527811546
   0.1   0.03   1.0710654434204092
   0.1   0.03   0.9621954959626039
   0.1   0.03   5.312705185611461
   0.1   0.03   5.201068333476312
   0.1   0.03   1.836040018658767
   0.1   0.03   1.7904336467875106
   0.1   0.03   1.7693361106689356
   0.1   0.03   4.451041930950143
   0.1   0.03   1.9609554625425367
   0.1   0.03   5.725797664452141
   0.1   0.03   0.07941847731069993
   0.1   0.03   5.6113968161517915
   0.1   0.03   2.0340276756137037
   0.1   0.03   0.13726826546397897
   0.1   0.03   0.02157393324239477
   0.1   0.03   4.236867741788616
   0.1   0.03   1.6188972452921293
   0.1   0.03   4.478225980418014
   0.1   0.03   5.733219396582787
   0.1   0.03   0.8797605808667291
   0.1   0.03   0.060767297366072434
   0.1   0.03   1.8553781892960444
   0.1   0.03   5.541485182491495
   0.1   0.03   4.315319349738226
   0.1   0.03   1.0118258724210618
   0.1   0.03   5.859132688933346
   0.1   0.03   1.1900938147089875
   0.1   0.03   4.571933566073267
   0.1   0.03   3.044573020293154
   0.1   0.03   3.067710534584786
   0.1   0.03   1.0932938971725623
   0.1   0.03   3.4502542832876233
   0.1   0.03   1.58108815642996
   0.1   0.03   0.06290965100372367
   0.1   0.03   3.535177978190628
   0.1   0.03   3.2966584787929185
   0.1   0.03   1.3070167211928965
   0.1   0.03   1.775882426901047
   0.1   0.03   3.543746976218505
   0.1   0.03   5.795435434457501
   0.1   0.03   6.092944413892008
   0.1   0.03   1.1801589773484995
   0.1   0.03   5.486202741635286
   0.1   0.03   2.2570693434438645
   0.1   0.03   3.177491367378126
   0.1   0.03   1.1558961441074258
   0.1   0.03   0.21974928446766953
   0.1   0.03   3.448621461972959
   0.1   0.03   2.01127781933404
   0.1   0.03   0.5073029848993827
   0.1   0.03   2.8375664750067484
   0.1   0.03   2.294914120643998
   0.1   0.03   5.807410266263114
   0.1   0.03   2.668606437285843
   0.1   0.03   4.318632011788042
   0.1   0.03   2.528143239971952
   0.1   0.03   1.2444803493103784
   0.1   0.03   1.4766269923606525
   0.1   0.03   3.9173327759718117
   0.1   0.03   0.9327567732292962
   0.1   0.03   1.7541546996610486
   0.1   0.03   3.3429983393254803
   0.1   0.03   2.808227895458659
   0.1   0.03   3.8501694814350347
   0.1   0.03   4.344169377277195
   0.1   0.03   0.553765986725006
   0.1   0.03   2.624839207032282
   0.1   0.03   4.675982505967304
   0.1   0.03   3.2951553202512254
   0.1   0.03   0.5947625028244974
   0.1   0.03   5.364505903446384
   0.1   0.03   1.6521042684559248
   0.1   0.03   3.8484083777568032
   0.1   0.03   6.215114818453595
   0.1   0.03   5.0015516282934245
   0.1   0.03   3.708111978273915
   0.1   0.03   5.1714347489326125
   0.1   0.03   3.2302644666993308
   0.1   0.03   2.341464029599954
   0.1   0.03   2.5465085856173575
   0.1   0.03   4.802828441975506
   0.1   0.03   1.1928754409063194
   0.1   0.03   6.079848932699696
   0.1   0.03   6.196994041298858
   0.1   0.03   2.8094844595138775
   0.1   0.03   4.874503544466597
   0.1   0.03   5.763510846922387
   0.1   0.03   5.628874115508874
   0.1   0.03   4.364730316254586
   0.1   0.03   6.0736668111834655
   0.1   0.03   3.820778368904225
   0.1   0.03   4.805566131249588
   0.1   0.03   2.428765580697786
   0.1   0.03   3.2961617679981137
   0.1   0.03   3.326182249244795
   0.1   0.03   5.613901202283179
   0.1   0.03   5.9129330710055585
   0.1   0.03   1.783557606832464
   0.1   0.03   0.29254179094974453
   0.1   0.03   0.8990834587715738
   0.1   0.03   4.995221333487725
   0.1   0.03   6.1603724561490125
   0.1   0.03   2.5370192557882802
   0.1   0.03   0.764315939183805
   0.1   0.03   0.1436719466673387
   0.1   0.03   4.133929466966679
   0.1   0.03   4.644124281217767
   0.1   0.03   6.166399534731748
   0.1   0.03   4.100650596292995
   0.1   0.03   3.0097526311842686
   0.1   0.03   4.407228601343771
   0.1   0.03   1.513430173072749
   0.1   0.03   4.2832759227198505
   0.1   0.03   0.8371435895121682
   0.1   0.03   3.7337858045298145
   0.1   0.03   5.775526530559275
   0.1   0.03   1.7194770652674027
   0.1   0.03   4.225555730324542
   0.1   0.03   5.286138034293957
   0.1   0.03   5.837517097022814
   0.1   0.03   0.7917392444197631
   0.1   0.03   3.3257107599656637
   0.1   0.03   6.073014996162164
   0.1   0.03   0.7013971089958956
   0.1   0.03   3.3829471155995963
   0.1   0.03   4.247372021584868
   0.1   0.03   1.337549574832463
   0.1   0.03   3.2526527452164076
   0.1   0.03   1.7764031025954927
   0.1   0.03   2.3237567451138585
   0.1   0.03   2.423554358258045
   0.1   0.03   3.390312645566588
   0.1   0.03   6.147070243273791
   0.1   0.03   4.360754748197105
   0.1   0.03   3.1438182762362374
   0.1   0.03   1.766428211428662
   0.1   0.03   1.9500427866664787
   0.1   0.03   0.9646658978982378
   0.1   0.03   2.115168316435882
   0.1   0.03   0.7264418613462295
   0.1   0.03   0.5845945345176905
   0.1   0.03   5.738274849509826
   0.1   0.03   0.37923938172410315
   0.1   0.03   4.570699596802959
   0.1   0.03   5.5118746779191605
   0.1   0.03   5.509881252405622
   0.1   0.03   4.129727381227162
   0.1   0.03   0.36748972232099375
   0.1   0.03   3.31892439824671
   0.1   0.03   4.370822233084318
   0.1   0.03   0.27749833861858214
   0.1   0.03   3.0624132728569746
   0.1   0.03   6.024705602946053
   0.1   0.03   6.091074777694853
   0.1   0.03   2.329021460911736
   0.1   0.03   1.6273037890273552
   0.1   0.03   6.241787546772243
   0.1   0.03   2.2472164018258365
   0.1   0.03   1.2949532654687128
   0.1   0.03   4.084857189408198
   0.1   0.03   0.9941802691094617
   0.1   0.03   0.3182623445720778
   0.1   0.03   0.1108012720974197
   0.1   0.03   3.8309454522445447
   0.1   0.03   0.30422885470471267
   0.1   0.03   0.4454982641627626
   0.1   0.03   3.703352434972542
   0.1   0.03   4.038337800432469
   0.1   0.03   5.04635352359648
   0.1   0.03   1.0698914775090145
   0.1   0.03   5.065162612377335
   0.1   0.03   3.27573728440054
   0.1   0.03   0.8634436546941494
   0.1   0.03   4.201927747846996
   0.1   0.03   3.33676012188346
   0.1   0.03   0.00926432329634349
   0.1   0.03   2.0378701417559704
   0.1   0.03   2.7676559396811604
   0.1   0.03   0.9069218123678484
   0.1   0.03   0.6176250690149139
   0.1   0.03   3.1387622812821325
   0.1   0.03   2.479468311146975
   0.1   0.03   4.252848074673812
   0.1   0.03   3.9737148749631777
   0.1   0.03   4.198504693370587
   0.1   0.03   1.3901100709981724
   0.1   0.03   2.344581189008295
   0.1   0.03   4.373885910407304
   0.1   0.03   5.246006820597878
   0.1   0.03   5.508856819071919
   0.1   0.03   5.958101252546758
   0.1   0.03   2.569610405185756
   0.1   0.03   4.702303277200507
   0.1   0.03   1.6871297620734786
   0.1   0.03   4.807565647053593
   0.1   0.03   5.237632446109148
   0.1   0.03   5.372384659631732
   0.1   0.03   5.43466775755525
   0.1   0.03   4.098690127641919
   0.1   0.03   1.2811683689387168
   0.1   0.03   1.1918554329924977
   0.1   0.03   3.1767352751020628
   0.1   0.03   0.6657750228399968
   0.1   0.03   4.284513220860887
   0.1   0.03   0.6053950914543504
   0.1   0.03   3.22973165452277
   0.1   0.03   1.1072626438796949
   0.1   0.03   4.423575150812977
   0.1   0.03   5.457240235849154
   0.1   0.03   2.058882282405161
   0.1   0.03   2.6684324421302557
   0.1   0.03   3.7936183410246094
   0.1   0.03   3.93365761609203
   0.1   0.03   1.5678343254198095
   0.1   0.03   6.017146169242256
   0.1   0.03   3.7981014452644692
   0.1   0.03   0.02427949060064982
   0.1   0.03   3.769326693345062
   0.1   0.03   4.333639006517732
   0.1   0.03   2.9222818052363517
   0.1   0.03   3.260580952656954
   0.1   0.03   3.145500507620986
   0.1   0.03   4.2262503416948105
   0.1   0.03   0.1931982212406024
   0.1   0.03   5.0394621796146515
   0.1   0.03   4.768354377331624
   0.1   0.03   3.369581407926649
   0.1   0.03   4.346163529879855
   0.1   0.03   1.470891943201895
   0.1   0.03   5.248975034080332
   0.1   0.03   5.227460644927362
   0.1   0.03   1.7964966649199536
   0.1   0.03   5.719465899744542
   0.1   0.03   4.260928249343827
   0.1   0.03   2.150839283672164
   0.1   0.03   1.8476730711089895
   0.1   0.03   1.7006876738433163
   0.1   0.03   1.782870713390182
   0.1   0.03   1.4329561334109477
   0.1   0.03   1.7021021370410079
   0.1   0.03   1.142010345547192
   0.1   0.03   1.3014490654961401
   0.1   0.03   1.374997299935893
   0.1   0.03   2.0880042612174186
   0.1   0.03   4.594395824560798
   0.1   0.03   5.547745905696317
   0.1   0.03   5.799505446665047
   0.1   0.03   1.1002187008637307
   0.1   0.03   3.1857871144440493
   0.1   0.03   3.4221630651451576
   0.1   0.03   4.595563676221186
   0.1   0.03   3.4219560001054097
   0.1   0.03   4.2214199227785185
   0.1   0.03   4.593706781005663
   0.1   0.03   4.523763955696839
   0.1   0.03   1.793678713322403
   0.1   0.03   4.493564270687171
   0.1   0.03   5.380008971659478
   0.1   0.03   2.632514033053794
   0.1   0.03   0.6987707981371342
   0.1   0.03   2.3119661595045833
   0.1   0.03   0.5257839284309644
   0.1   0.03   1.9394056871198655
   0.1   0.03   0.07089264569697597
   0.1   0.03   5.018400893957479
   0.1   0.03   5.001638286758685
   0.1   0.03   2.68034866196246
   0.1   0.03   4.881611053443077
   0.1   0.03   5.493678978551153
   0.1   0.03   1.7474712315055956
   0.1   0.03   3.3098908754955314
   0.1   0.03   2.9691685560075505
   0.1   0.03   6.071328437775311
   0.1   0.03   5.296623851095416
   0.1   0.03   5.141537825834193
   0.1   0.03   5.057236606008179
   0.1   0.03   3.1974338501762833
   0.1   0.03   3.279249571998291
   0.1   0.03   2.6929583689207486
   0.1   0.03   1.5685433223482166
   0.1   0.03   1.7401723477565048
   0.1   0.03   3.845146425442234
   0.1   0.03   2.4300227879163634
   0.1   0.03   3.0401726354473837
   0.1   0.03   0.869658111140625
   0.1   0.03   5.209265889567147
   0.1   0.03   0.6414279422662225
   0.1   0.03   0.8898892925076402
   0.1   0.03   5.403169328008731
   0.1   0.03   3.453175958895077
   0.1   0.03   0.16201564696030246
   0.1   0.03   1.0190410323883758
   0.1   0.03   2.4869680456941246
   0.1   0.03   4.02361494915625
   0.1   0.03   2.6774704237699676
   0.1   0.03   0.19673756705548184
   0.1   0.03   6.118571052554926
   0.1   0.03   4.240731725079965
   0.1   0.03   6.173469641586366
   0.1   0.03   0.1927136054916127
   0.1   0.03   1.3025326771530212
   0.1   0.03   5.731804545500548
   0.1   0.03   1.3137834718499741
   0.1   0.03   1.2834298596171112
   0.1   0.03   2.569631321760063
   0.1   0.03   1.7314583935371328
   0.1   0.03   3.4894270651415527
   0.1   0.03   0.7997031764835626
   0.1   0.03   1.6252509140701412
   0.1   0.03   4.459627631689982
   0.1   0.03   2.514574579310821
   0.1   0.03   4.522487234489346
   0.1   0.03   6.2045751347520115
   0.1   0.03   4.516181869193466
   0.1   0.03   0.33946775547326846
   0.1   0.03   1.7981912092278474
   0.1   0.03   1.7558510551146882
   0.1   0.03   3.6993563111602548
   0.1   0.03   1.9804160846971264
   0.1   0.03   4.280363484775503
   0.1   0.03   1.0297214851733811
   0.1   0.03   4.952491970123793
   0.1   0.03   0.5568721154410383
   0.1   0.03   0.024884722018391675
   0.1   0.03   1.7217074915887498
   0.1   0.03   1.8983344306544607
   0.1   0.03   0.4242065735690583
   0.1   0.03   3.164727890261393
   0.1   0.03   6.164363245214956
   0.1   0.03   1.2960161594751107
   0.1   0.03   3.1636850369788747
   0.1   0.03   2.7980648183886236
   0.1   0.03   0.49200041370213604
   0.1   0.03   3.8679169345706144
   0.1   0.03   4.063009959095395
   0.1   0.03   3.3053728628001506
   0.1   0.03   5.562498336219765
   0.1   0.03   1.5838420719143798
   0.1   0.03   3.2845907197222735
   0.1   0.03   0.38594489591476094
   0.1   0.03   5.4743092841858605
   0.1   0.03   1.6849845234909677
   0.1   0.03   2.1036330994945427
   0.1   0.03   3.556670630411641
   0.1   0.03   0.9657558517153213
   0.1   0.03   3.993193562662275
   0.1   0.03   5.802416100359105
   0.1   0.03   3.411887588344341
   0.1   0.03   3.2663026642303086
   0.1   0.03   2.2759432195353533
   0.1   0.03   2.535198048280786
   0.1   0.03   1.6643746108874566
   0.1   0.03   5.89968929780565
