   550
   7
   3.0
   0.1   0.03   4.13087110442602
   0.1   0.03   3.179667556806545
   0.1   0.03   2.2525374278734374
   0.1   0.03   2.876579938758775
   0.1   0.03   0.9946145733395798
   0.1   0.03   4.892364986551628
   0.1   0.03   0.6646063165843397
   0.1   0.03   4.763016738967569
   0.1   0.03   1.4474247390171346
   0.1   0.03   1.6540909445496728
   0.1   0.03   1.8947287390154834
   0.1   0.03   0.5936005672409028
   0.1   0.03   2.2973321925407495
   0.1   0.03   3.6361006352990937
   0.1   0.03   1.9715979122125793
   0.1   0.03   2.42538503136768
   0.1   0.03   0.07063611804722676
   0.1   0.03   3.008950115869856
   0.1   0.03   4.97254973927081
   0.1   0.03   3.715578521894912
   0.1   0.03   0.7071349044726785
   0.1   0.03   4.7266139142142745
   0.1   0.03   5.477047247417833
   0.1   0.03   0.49216023332202563
   0.1   0.03   4.859028592104191
   0.1   0.03   2.9478174944238216
   0.1   0.03   3.2953195268266184
   0.1   0.03   2.718576800097473
   0.1   0.03   4.751727236906814
   0.1   0.03   1.1805719823384815
   0.1   0.03   0.015113640960041882
   0.1   0.03   2.8782635333819684
   0.1   0.03   5.401692530835078
   0.1   0.03   0.9144837391261526
   0.1   0.03   2.804759410382546
   0.1   0.03   5.813754928538294
   0.1   0.03   1.9002119008933622
   0.1   0.03   5.690046853697945
   0.1   0.03   0.34304053417369773
   0.1   0.03   6.060564173129379
   0.1   0.03   0.7723783050326928
   0.1   0.03   2.5899957073916395
   0.1   0.03   5.441379949047565
   0.1   0.03   5.432771946616822
   0.1   0.03   1.620833546140304
   0.1   0.03   5.715137644529012
   0.1   0.03   0.8285082536333999
   0.1   0.03   2.7640414484353424
   0.1   0.03   2.532126104727387
   0.1   0.03   4.556018721750736
   0.1   0.03   2.841312150048064
   0.1   0.03   0.36946250746475645
   0.1   0.03   6.139524158801498
   0.1   0.03   3.053299085057954
   0.1   0.03   2.1425836533098814
   0.1   0.03   5.5808766702491495
   0.1   0.03   3.242255196242736
   0.1   0.03   5.916760746451991
   0.1   0.03   4.075623540397105
   0.1   0.03   5.665390515055873
   0.1   0.03   3.760621242226492
   0.1   0.03   1.250637654394846
   0.1   0.03   2.008814872523431
   0.1   0.03   4.545918620444758
   0.1   0.03   6.134481980681894
   0.1   0.03   5.277898692113199
   0.1   0.03   1.8344371213727069
   0.1   0.03   2.7472339915487898
   0.1   0.03   5.783703147031738
   0.1   0.03   0.5699814085667976
   0.1   0.03   5.992635093647072
   0.1   0.03   0.4574377537493976
   0.1   0.03   5.810619676628809
   0.1   0.03   5.883598454642417
   0.1   0.03   2.940451256351446
   0.1   0.03   3.8062394984178263
   0.1   0.03   5.108021231818335
   0.1   0.03   5.25265553575193
   0.1   0.03   2.788698880959791
   0.1   0.03   5.975461812297409
   0.1   0.03   6.193850794694809
   0.1   0.03   3.0180328766402384
   0.1   0.03   5.6030308151708414
   0.1   0.03   3.856917755071949
   0.1   0.03   0.08058572781699724
   0.1   0.03   5.399394685466453
   0.1   0.03   0.831016532026628
   0.1   0.03   2.348567469360213
   0.1   0.03   0.1615428713409728
   0.1   0.03   4.746821106837312
   0.1   0.03   2.173578243040334
   0.1   0.03   3.889997628740525
   0.1   0.03   2.520090000399834
   0.1   0.03   4.18077090785959
   0.1   0.03   4.710067621370172
   0.1   0.03   4.553613678737655
   0.1   0.03   0.22319226627754596
   0.1   0.03   0.41453401702664994
   0.1   0.03   6.052281796035469
   0.1   0.03   1.0789224589933444
   0.1   0.03   0.6851339928608896
   0.1   0.03   5.578680365370331
   0.1   0.03   6.230609328720468
   0.1   0.03   5.9293951121695345
   0.1   0.03   3.8327621346436316
   0.1   0.03   0.23032069955709367
   0.1   0.03   2.436168590643752
   0.1   0.03   0.6496091064673966
   0.1   0.03   0.32245416918171244
   0.1   0.03   5.094931570363841
   0.1   0.03   3.6828435720077812
   0.1   0.03   2.212593365328253
   0.1   0.03   4.690148655597653
   0.1   0.03   0.6675402398280391
   0.1   0.03   0.6293414789621627
   0.1   0.03   5.0630114390113405
   0.1   0.03   4.607876788833432
   0.1   0.03   2.301035926278056
   0.1   0.03   1.638547060358572
   0.1   0.03   1.145488372299123
   0.1   0.03   5.877670554485027
   0.1   0.03   2.1510444274663203
   0.1   0.03   2.7823268267981085
   0.1   0.03   0.562691749188004
   0.1   0.03   2.708628170519888
   0.1   0.03   5.408613276413975
   0.1   0.03   1.7032349314686428
   0.1   0.03   0.7939125984382555
   0.1   0.03   4.814647946260824
   0.1   0.03   6.0146302378207235
   0.1   0.03   0.807963063511495
   0.1   0.03   0.4094987762350697
   0.1   0.03   0.5673150530455189
   0.1   0.03   5.89380878804628
   0.1   0.03   2.5094071117988066
   0.1   0.03   2.9661377039425525
   0.1   0.03   3.2653390625786702
   0.1   0.03   0.9633762408828176
   0.1   0.03   1.6947273409043941
   0.1   0.03   4.634328667623101
   0.1   0.03   3.4149808960240873
   0.1   0.03   3.3108759558031116
   0.1   0.03   3.673985591845483
   0.1   0.03   4.030471236407235
   0.1   0.03   2.9585196057043968
   0.1   0.03   1.1118673248454132
   0.1   0.03   1.3277765689236085
   0.1   0.03   1.6045169769536118
   0.1   0.03   5.604701816715757
   0.1   0.03   4.921247081405268
   0.1   0.03   3.730657638556563
   0.1   0.03   1.2479193964641913
   0.1   0.03   5.496456864167329
   0.1   0.03   4.461352994813807
   0.1   0.03   4.427972005445794
   0.1   0.03   0.040132570500402205
   0.1   0.03   0.9456863699991949
   0.1   0.03   1.7334303761695093
   0.1   0.03   2.468195890146747
   0.1   0.03   4.041581881035508
   0.1   0.03   5.3858974496827265
   0.1   0.03   6.14347358973866
   0.1   0.03   1.2943868774755165
   0.1   0.03   0.005832233324808454
   0.1   0.03   3.155894661271528
   0.1   0.03   5.8012792997379945
   0.1   0.03   0.8270649283209944
   0.1   0.03   3.4961354952265786
   0.1   0.03   4.293595989038308
   0.1   0.03   1.267045824791728
   0.1   0.03   2.1021577879079913
   0.1   0.03   1.4702874290552872
   0.1   0.03   4.790140429066086
   0.1   0.03   2.721119920306225
   0.1   0.03   5.6437896703276635
   0.1   0.03   5.747999362627534
   0.1   0.03   0.8014870157264985
   0.1   0.03   1.7397985180366118
   0.1   0.03   4.883661834167411
   0.1   0.03   6.082731574042011
   0.1   0.03   5.6333623563094495
   0.1   0.03   1.5646530943873798
   0.1   0.03   4.121062838383333
   0.1   0.03   4.019720634087841
   0.1   0.03   5.755174893436152
   0.1   0.03   5.043145324194879
   0.1   0.03   1.0864702717265775
   0.1   0.03   0.8028987918164082
   0.1   0.03   4.358506950917976
   0.1   0.03   1.6305975469505718
   0.1   0.03   0.13607013428353792
   0.1   0.03   4.383955183759063
   0.1   0.03   2.923325528898342
   0.1   0.03   5.305326237967378
   0.1   0.03   4.79180600557058
   0.1   0.03   1.5560136110859768
   0.1   0.03   5.898894178871695
   0.1   0.03   4.844918207306969
   0.1   0.03   5.00837611405306
   0.1   0.03   2.001726975715544
   0.1   0.03   2.4510056098955992
   0.1   0.03   0.358972217677522
   0.1   0.03   5.283431808058925
   0.1   0.03   4.177433489347256
   0.1   0.03   4.307953494531018
   0.1   0.03   3.148344778086901
   0.1   0.03   2.5832196218459766
   0.1   0.03   0.9291949640623112
   0.1   0.03   3.151996821427213
   0.1   0.03   0.30542131267693823
   0.1   0.03   1.8382927277543883
   0.1   0.03   5.641606817113187
   0.1   0.03   2.980979365290152
   0.1   0.03   3.7275828655531567
   0.1   0.03   4.304643038440514
   0.1   0.03   2.5119431727995485
   0.1   0.03   1.6983530491375112
   0.1   0.03   0.6966181847292248
   0.1   0.03   4.720877396431741
   0.1   0.03   2.530207439082601
   0.1   0.03   3.737461223358961
   0.1   0.03   5.720958116683392
   0.1   0.03   3.6475906549772144
   0.1   0.03   2.0539475668863436
   0.1   0.03   6.123895608818654
   0.1   0.03   4.396743104145033
   0.1   0.03   1.0313946336601516
   0.1   0.03   0.9288094096264099
   0.1   0.03   4.64748513651553
   0.1   0.03   0.6796706091666395
   0.1   0.03   5.273665386389237
   0.1   0.03   3.603239956940309
   0.1   0.03   0.06276456146598305
   0.1   0.03   1.8273255613894714
   0.1   0.03   5.009180152114604
   0.1   0.03   4.397223858444714
   0.1   0.03   4.074212303277774
   0.1   0.03   1.521593307283682
   0.1   0.03   4.253125188252626
   0.1   0.03   1.4352306795070415
   0.1   0.03   0.49368701229460027
   0.1   0.03   3.0827681741726836
   0.1   0.03   6.087462873518712
   0.1   0.03   4.778083582559889
   0.1   0.03   3.692038911246591
   0.1   0.03   5.7543756187652235
   0.1   0.03   5.894802203683213
   0.1   0.03   4.049160842499652
   0.1   0.03   1.4730403804819623
   0.1   0.03   3.3457011653555035
   0.1   0.03   0.2743517114535614
   0.1   0.03   2.179058454533371
   0.1   0.03   4.810849108278464
   0.1   0.03   1.3773451661557894
   0.1   0.03   2.3672349479462764
   0.1   0.03   2.134753780039899
   0.1   0.03   0.03444604049772977
   0.1   0.03   3.3634266462955384
   0.1   0.03   2.9791740246727327
   0.1   0.03   0.3534698466186604
   0.1   0.03   0.19074747151976895
   0.1   0.03   6.061970876022094
   0.1   0.03   6.077473254213777
   0.1   0.03   3.4484247653065636
   0.1   0.03   0.41053043509032155
   0.1   0.03   0.9723930599074893
   0.1   0.03   5.805947302828676
   0.1   0.03   0.6730944603351032
   0.1   0.03   2.801567986909898
   0.1   0.03   6.11774621993314
   0.1   0.03   2.5837702876546067
   0.1   0.03   1.4986037897790592
   0.1   0.03   1.1174355533457843
   0.1   0.03   3.175328125937961
   0.1   0.03   4.769379234372339
   0.1   0.03   0.6081866943281954
   0.1   0.03   3.755806465919328
   0.1   0.03   2.6131487614331244
   0.1   0.03   1.5484379251044145
   0.1   0.03   4.121118195666982
   0.1   0.03   2.429386455763585
   0.1   0.03   3.032303354702241
   0.1   0.03   2.7649195941807325
   0.1   0.03   4.200547374252686
   0.1   0.03   4.541828405857082
   0.1   0.03   2.8842000711720805
   0.1   0.03   1.3831911739879879
   0.1   0.03   4.552156748865947
   0.1   0.03   4.2263782225835556
   0.1   0.03   5.4278781762181865
   0.1   0.03   3.792512245894372
   0.1   0.03   3.3207766288558296
   0.1   0.03   0.07803777828652475
   0.1   0.03   4.579057814416838
   0.1   0.03   5.252552354365752
   0.1   0.03   5.371797969080759
   0.1   0.03   3.46795532917303
   0.1   0.03   5.1348931437715875
   0.1   0.03   5.438130746091528
   0.1   0.03   3.168984976329894
   0.1   0.03   4.30778350041732
   0.1   0.03   2.1083148653768986
   0.1   0.03   1.4770127449940555
   0.1   0.03   6.199956361042651
   0.1   0.03   2.116851398083421
   0.1   0.03   4.378652116610497
   0.1   0.03   3.971154362025905
   0.1   0.03   3.6862121461058583
   0.1   0.03   4.280465864447401
   0.1   0.03   2.959179409097572
   0.1   0.03   5.160819652698498
   0.1   0.03   5.827470677350582
   0.1   0.03   0.2079429080306485
   0.1   0.03   1.5963956864033284
   0.1   0.03   2.8537008365952707
   0.1   0.03   0.9110469773986962
   0.1   0.03   0.41206657544289454
   0.1   0.03   5.203390847353218
   0.1   0.03   1.8294525305151241
   0.1   0.03   1.92081968525598
   0.1   0.03   0.5942478432907543
   0.1   0.03   4.038289043779555
   0.1   0.03   4.462457314663618
   0.1   0.03   4.771701392322366
   0.1   0.03   3.1626001408196918
   0.1   0.03   2.1968641965200866
   0.1   0.03   6.140587610470963
   0.1   0.03   4.425667710070642
   0.1   0.03   3.207015376914768
   0.1   0.03   5.329602497381905
   0.1   0.03   4.093458289124527
   0.1   0.03   2.2595479145906756
   0.1   0.03   2.4520423016886146
   0.1   0.03   0.3584373110429729
   0.1   0.03   4.196981911798481
   0.1   0.03   4.967022288437842
   0.1   0.03   5.936859563671393
   0.1   0.03   2.6314573063316367
   0.1   0.03   0.6078694382210316
   0.1   0.03   3.8460422537086587
   0.1   0.03   3.105311607189825
   0.1   0.03   6.069968450976871
   0.1   0.03   1.9498529745171131
   0.1   0.03   3.1942096767925223
   0.1   0.03   5.680947761658531
   0.1   0.03   3.944592858865036
   0.1   0.03   1.948525039592229
   0.1   0.03   4.69966774306662
   0.1   0.03   1.2761883975624622
   0.1   0.03   2.14268029144139
   0.1   0.03   1.6282638012062982
   0.1   0.03   4.094114091206682
   0.1   0.03   0.9552311966876927
   0.1   0.03   2.804154988185195
   0.1   0.03   5.3277565364721715
   0.1   0.03   1.7064177247798078
   0.1   0.03   4.565526989939519
   0.1   0.03   4.980480732868986
   0.1   0.03   6.160971887764094
   0.1   0.03   2.397884074820719
   0.1   0.03   5.324692733038991
   0.1   0.03   5.998447013863076
   0.1   0.03   2.5728903655025963
   0.1   0.03   1.5230079442935092
   0.1   0.03   5.341165692436155
   0.1   0.03   6.11526271636164
   0.1   0.03   2.331552355252309
   0.1   0.03   3.1930399525551465
   0.1   0.03   0.793970432354314
   0.1   0.03   0.45345377099208206
   0.1   0.03   6.137918557896592
   0.1   0.03   0.4451114466120517
   0.1   0.03   0.5501090623754258
   0.1   0.03   5.483843786088144
   0.1   0.03   0.6421069397084102
   0.1   0.03   3.759995585076312
   0.1   0.03   0.6325522883143093
   0.1   0.03   4.606344800026912
   0.1   0.03   4.896047300870651
   0.1   0.03   0.12510622577912595
   0.1   0.03   2.087908423936153
   0.1   0.03   6.094991596327292
   0.1   0.03   4.086550031171257
   0.1   0.03   1.4528912283390774
   0.1   0.03   3.1220505410442287
   0.1   0.03   5.5867607716887715
   0.1   0.03   5.442855066151016
   0.1   0.03   5.364107759645732
   0.1   0.03   2.2105179023536397
   0.1   0.03   4.668599829956862
   0.1   0.03   5.799933077010418
   0.1   0.03   6.0508294263367555
   0.1   0.03   2.5581572285967624
   0.1   0.03   6.068907578961071
   0.1   0.03   2.051319533019207
   0.1   0.03   2.039333999037092
   0.1   0.03   4.557957714812249
   0.1   0.03   1.833502390361793
   0.1   0.03   4.0237274258291595
   0.1   0.03   5.160478019661169
   0.1   0.03   5.499197725860407
   0.1   0.03   4.104413133168564
   0.1   0.03   2.734109017419212
   0.1   0.03   2.7632410311456543
   0.1   0.03   0.4520655245211538
   0.1   0.03   0.49254381234836636
   0.1   0.03   5.5482271467683635
   0.1   0.03   2.467804371033164
   0.1   0.03   1.8239946224294084
   0.1   0.03   0.993667302697482
   0.1   0.03   1.678289451413427
   0.1   0.03   4.397438598829927
   0.1   0.03   4.179258145100016
   0.1   0.03   0.23343053290218893
   0.1   0.03   2.930399293705078
   0.1   0.03   5.16327474729539
   0.1   0.03   5.095365163652198
   0.1   0.03   1.8772740774148065
   0.1   0.03   3.516693440807344
   0.1   0.03   4.708083786158677
   0.1   0.03   4.929433439155088
   0.1   0.03   3.5178693200089604
   0.1   0.03   0.3209017007170751
   0.1   0.03   1.7984628273991956
   0.1   0.03   1.8362254290084965
   0.1   0.03   0.4327774712930882
   0.1   0.03   5.409065010978344
   0.1   0.03   0.8255791874524923
   0.1   0.03   2.5090148182304377
   0.1   0.03   0.6868155784443404
   0.1   0.03   0.941963856287673
   0.1   0.03   4.818742337544825
   0.1   0.03   2.754439079681815
   0.1   0.03   3.464475187427666
   0.1   0.03   1.5565232423957693
   0.1   0.03   0.5563442361251699
   0.1   0.03   0.20722700869281013
   0.1   0.03   2.921412707711466
   0.1   0.03   2.7755166389936607
   0.1   0.03   1.1096689683815657
   0.1   0.03   0.9658636769088742
   0.1   0.03   1.9484824857641032
   0.1   0.03   0.9454599123519128
   0.1   0.03   3.767006838532901
   0.1   0.03   5.694680069901833
   0.1   0.03   5.374439792224375
   0.1   0.03   0.32626984117000435
   0.1   0.03   1.04065340066138
   0.1   0.03   1.9774015635341269
   0.1   0.03   4.011120836368902
   0.1   0.03   0.4222992159208868
   0.1   0.03   0.5967446823468596
   0.1   0.03   4.439534895845741
   0.1   0.03   3.018928918973873
   0.1   0.03   4.461602154457926
   0.1   0.03   1.0692004102014547
   0.1   0.03   2.7361351765254556
   0.1   0.03   1.8452717534574994
   0.1   0.03   1.2846089569239065
   0.1   0.03   3.408387106613102
   0.1   0.03   3.644219939684096
   0.1   0.03   1.1190270589908267
   0.1   0.03   5.936332681499251
   0.1   0.03   3.265421908311616
   0.1   0.03   5.966541609525093
   0.1   0.03   3.7507355803100846
   0.1   0.03   2.0652128062013992
   0.1   0.03   5.295965425900809
   0.1   0.03   1.2322273165061275
   0.1   0.03   1.49809453674287
   0.1   0.03   4.559980821125712
   0.1   0.03   4.2094740054416935
   0.1   0.03   0.5089388294825128
   0.1   0.03   0.16164488604797758
   0.1   0.03   2.287716830236268
   0.1   0.03   4.581433791849141
   0.1   0.03   6.162291671987393
   0.1   0.03   3.8984887362778298
   0.1   0.03   1.3402508793324082
   0.1   0.03   5.5154374552593275
   0.1   0.03   3.305936093145802
   0.1   0.03   4.2717456642727605
   0.1   0.03   3.2771763560431997
   0.1   0.03   3.8262158252266345
   0.1   0.03   5.440186575522749
   0.1   0.03   0.46642993355100015
   0.1   0.03   3.303715582350631
   0.1   0.03   5.558182447467879
   0.1   0.03   2.643856962597129
   0.1   0.03   1.563080503310083
   0.1   0.03   6.246796483679944
   0.1   0.03   0.26818341158271425
   0.1   0.03   0.9638471589532627
   0.1   0.03   5.797992851194911
   0.1   0.03   4.300881458949108
   0.1   0.03   2.6655884846330173
   0.1   0.03   1.9684611485615686
   0.1   0.03   2.255961326886153
   0.1   0.03   3.169170788011982
   0.1   0.03   5.0150216439733555
   0.1   0.03   2.1472767817766067
   0.1   0.03   3.1902475808041904
   0.1   0.03   0.9213887439954039
   0.1   0.03   3.910177487840088
   0.1   0.03   0.7403433145674045
   0.1   0.03   2.711430073322154
   0.1   0.03   1.493654753792612
   0.1   0.03   4.232027847923121
   0.1   0.03   0.06957366772783412
   0.1   0.03   3.4716342907214526
   0.1   0.03   3.6849351337358014
   0.1   0.03   3.7890878094277562
   0.1   0.03   1.693592335484551
   0.1   0.03   2.680207682963531
   0.1   0.03   5.961748997966119
   0.1   0.03   3.327859564318664
   0.1   0.03   0.7316880520516421
   0.1   0.03   5.949406022810521
   0.1   0.03   5.244304579369239
   0.1   0.03   5.466263309671218
   0.1   0.03   3.4852008077993837
   0.1   0.03   0.6682563999102514
   0.1   0.03   1.7236810555254427
   0.1   0.03   1.402830282633618
   0.1   0.03   1.795575389731375
   0.1   0.03   4.441152396179812
   0.1   0.03   0.8545726343862234
   0.1   0.03   1.7418928907044975
   0.1   0.03   2.1253644991154883
   0.1   0.03   4.357213303442616
   0.1   0.03   3.379729585798784
   0.1   0.03   2.4057495937731996
   0.1   0.03   6.096319385131481
   0.1   0.03   0.7158317067914889
   0.1   0.03   0.8537252271371774
   0.1   0.03   4.130940112732885
   0.1   0.03   1.0168653287052396
   0.1   0.03   0.34096832264363547
   0.1   0.03   3.662771844540271
   0.1   0.03   1.3700951475106873
   0.1   0.03   3.4257809929929817
   0.1   0.03   1.806914864621379
   0.1   0.03   1.603458567888128
   0.1   0.03   2.6582797985380053
   0.1   0.03   5.869786966927399
   0.1   0.03   4.939646998737635
   0.1   0.03   2.624528380870014
   0.1   0.03   5.051620611594634
   0.1   0.03   4.453569518162952
   0.1   0.03   4.363773294412726
