   250
   7
   0.1
   0.1   0.03   5.067476769429781
   0.1   0.03   1.8954535992620287
   0.1   0.03   0.52861631889693
   0.1   0.03   6.195931837620752
   0.1   0.03   4.077792410661456
   0.1   0.03   0.010682718663938369
   0.1   0.03   1.2856112101217754
   0.1   0.03   0.3520826313210766
   0.1   0.03   0.9678397915360966
   0.1   0.03   3.9118501068617926
   0.1   0.03   4.374858563509036
   0.1   0.03   4.308245697497571
   0.1   0.03   3.2975236246093167
   0.1   0.03   2.603455238581628
   0.1   0.03   5.851638523338183
   0.1   0.03   1.5985822957164904
   0.1   0.03   3.5197690502932857
   0.1   0.03   3.385424338511306
   0.1   0.03   2.2906040173593616
   0.1   0.03   3.3431387671861024
   0.1   0.03   0.08747858212315267
   0.1   0.03   1.4396050003163623
   0.1   0.03   5.627603432073607
   0.1   0.03   3.1090394326597455
   0.1   0.03   1.5752054545211835
   0.1   0.03   4.250279127492273
   0.1   0.03   6.0722335153232745
   0.1   0.03   2.820736586844479
   0.1   0.03   1.3368011014945016
   0.1   0.03   5.097046757951486
   0.1   0.03   5.090339953455591
   0.1   0.03   1.113673273293883
   0.1   0.03   5.2596081169878275
   0.1   0.03   5.491626642342823
   0.1   0.03   1.01355258736946
   0.1   0.03   5.914156221734868
   0.1   0.03   6.097299667155254
   0.1   0.03   2.7021699173877187
   0.1   0.03   5.697749959020367
   0.1   0.03   5.161742508860939
   0.1   0.03   3.2512188440174548
   0.1   0.03   1.7027252311408707
   0.1   0.03   3.8595431400702376
   0.1   0.03   0.371585482887195
   0.1   0.03   0.1754519389087217
   0.1   0.03   2.948466898668418
   0.1   0.03   3.818078537603332
   0.1   0.03   4.862162929656316
   0.1   0.03   1.122390346279412
   0.1   0.03   4.415367517597336
   0.1   0.03   1.74813430830457
   0.1   0.03   4.24943287118117
   0.1   0.03   4.015285568869193
   0.1   0.03   5.3473425154477106
   0.1   0.03   3.8643906450210785
   0.1   0.03   1.05477018114796
   0.1   0.03   3.911892759234911
   0.1   0.03   4.903248779330773
   0.1   0.03   3.2679439314176686
   0.1   0.03   3.300799072337014
   0.1   0.03   0.1273350762757509
   0.1   0.03   1.1250194759015755
   0.1   0.03   2.087446886102862
   0.1   0.03   4.440097189510204
   0.1   0.03   2.4466529045930416
   0.1   0.03   1.7902723166714118
   0.1   0.03   0.790954416326622
   0.1   0.03   4.274987225989964
   0.1   0.03   1.429457075939139
   0.1   0.03   2.219287200097462
   0.1   0.03   4.865123408644496
   0.1   0.03   0.5141141073864545
   0.1   0.03   5.652620310149426
   0.1   0.03   4.738340400487751
   0.1   0.03   2.9514465457670487
   0.1   0.03   2.6979682118301427
   0.1   0.03   1.9317030402707664
   0.1   0.03   4.1528585467331345
   0.1   0.03   2.3840524587528
   0.1   0.03   0.6056914168510125
   0.1   0.03   5.585620110388546
   0.1   0.03   2.4582049478640715
   0.1   0.03   2.403598612953828
   0.1   0.03   4.566518729287248
   0.1   0.03   5.157585931200085
   0.1   0.03   3.7591949001953524
   0.1   0.03   2.392335274049687
   0.1   0.03   5.075640761308158
   0.1   0.03   2.244888726214438
   0.1   0.03   4.238263549838817
   0.1   0.03   3.1715550172963014
   0.1   0.03   4.198502377574667
   0.1   0.03   0.5392374151497074
   0.1   0.03   5.811897390956543
   0.1   0.03   4.078300631497921
   0.1   0.03   1.6166861883146753
   0.1   0.03   3.1744838473898724
   0.1   0.03   1.863205354424684
   0.1   0.03   0.998706942337105
   0.1   0.03   4.264940193429672
   0.1   0.03   4.638977296097957
   0.1   0.03   4.445042515247498
   0.1   0.03   1.0461925429639336
   0.1   0.03   3.784000178467416
   0.1   0.03   2.39315435616988
   0.1   0.03   1.9580977216150737
   0.1   0.03   0.16928348992648976
   0.1   0.03   2.237487321890783
   0.1   0.03   2.877272081836539
   0.1   0.03   2.220856055843186
   0.1   0.03   3.39950895534128
   0.1   0.03   4.509838491829366
   0.1   0.03   1.312714234201234
   0.1   0.03   3.904149929303848
   0.1   0.03   1.0497014651763255
   0.1   0.03   1.002627786566928
   0.1   0.03   6.008976252042971
   0.1   0.03   5.608215404521056
   0.1   0.03   1.3984613588482409
   0.1   0.03   3.6699486542560855
   0.1   0.03   3.928875479928935
   0.1   0.03   1.1051163889936466
   0.1   0.03   0.9820674554714236
   0.1   0.03   2.4337254244559947
   0.1   0.03   3.6207586408229155
   0.1   0.03   0.03811428477003557
   0.1   0.03   2.073944933395607
   0.1   0.03   0.1632491489780631
   0.1   0.03   1.820695351442086
   0.1   0.03   3.272687969887158
   0.1   0.03   2.467539458700473
   0.1   0.03   0.8315363484980339
   0.1   0.03   0.6172723560726707
   0.1   0.03   3.5208038571743043
   0.1   0.03   1.574234195597349
   0.1   0.03   3.899895865136997
   0.1   0.03   3.7647050944141833
   0.1   0.03   3.571793068509307
   0.1   0.03   5.298497991573853
   0.1   0.03   0.9977685540281686
   0.1   0.03   3.7919747763504534
   0.1   0.03   4.070407076706455
   0.1   0.03   2.6356384132517836
   0.1   0.03   5.283122906545343
   0.1   0.03   2.9777621205083986
   0.1   0.03   4.533086750118588
   0.1   0.03   4.851566177030491
   0.1   0.03   5.59566117402743
   0.1   0.03   3.0784842485837305
   0.1   0.03   2.4438356937045835
   0.1   0.03   5.926782765163376
   0.1   0.03   4.70386509929498
   0.1   0.03   2.768139878876521
   0.1   0.03   4.582400134472763
   0.1   0.03   1.474764168750673
   0.1   0.03   5.986948036813681
   0.1   0.03   6.215531662211723
   0.1   0.03   6.280509532340213
   0.1   0.03   6.1179316285464544
   0.1   0.03   5.076029128915652
   0.1   0.03   3.0336738956767766
   0.1   0.03   5.687353194367297
   0.1   0.03   2.3401321192822224
   0.1   0.03   6.0221801929424155
   0.1   0.03   4.91698630020793
   0.1   0.03   5.512554492666521
   0.1   0.03   6.248019044069569
   0.1   0.03   3.95797534164382
   0.1   0.03   2.413032171159883
   0.1   0.03   3.6611636981579454
   0.1   0.03   4.9871422370064975
   0.1   0.03   3.018027550848582
   0.1   0.03   3.5366411960098696
   0.1   0.03   4.468246601245835
   0.1   0.03   2.700990941934687
   0.1   0.03   4.527004340243939
   0.1   0.03   3.3519327245355597
   0.1   0.03   5.915892618057311
   0.1   0.03   3.6184975995273017
   0.1   0.03   2.5224256366876325
   0.1   0.03   4.0272016478307995
   0.1   0.03   5.44989066020111
   0.1   0.03   1.4880100973864134
   0.1   0.03   3.412595614039475
   0.1   0.03   2.6337418389734495
   0.1   0.03   3.647639030981906
   0.1   0.03   4.232043695770841
   0.1   0.03   0.5259645955953443
   0.1   0.03   5.926534410565241
   0.1   0.03   3.500937973061783
   0.1   0.03   2.4391674249520006
   0.1   0.03   2.9295260754636967
   0.1   0.03   1.7601684564136653
   0.1   0.03   2.936185392385724
   0.1   0.03   4.8273886706420255
   0.1   0.03   0.29560872312214453
   0.1   0.03   6.276803161835575
   0.1   0.03   3.382462642060414
   0.1   0.03   2.5764714487035243
   0.1   0.03   2.5750208889689383
   0.1   0.03   4.023523274496948
   0.1   0.03   0.9009014791226714
   0.1   0.03   5.310775848231307
   0.1   0.03   0.6307380297462918
   0.1   0.03   4.8024748515938365
   0.1   0.03   2.2348692214247574
   0.1   0.03   2.395649876637036
   0.1   0.03   1.6231043331517931
   0.1   0.03   4.381924721555432
   0.1   0.03   1.970630435951635
   0.1   0.03   0.19521030898605563
   0.1   0.03   0.7264474793291417
   0.1   0.03   2.394417292017804
   0.1   0.03   2.352029094337493
   0.1   0.03   0.3550900932750756
   0.1   0.03   2.2378197903115793
   0.1   0.03   4.952366695933576
   0.1   0.03   1.2500700460875005
   0.1   0.03   3.0114199693318455
   0.1   0.03   5.567988625640392
   0.1   0.03   1.3676616460751578
   0.1   0.03   0.6853096541100816
   0.1   0.03   0.14015432689211585
   0.1   0.03   4.097783746100482
   0.1   0.03   2.542768937919996
   0.1   0.03   1.7660364842482186
   0.1   0.03   2.119580215613474
   0.1   0.03   4.784659144705488
   0.1   0.03   4.964830145239461
   0.1   0.03   3.796729406213059
   0.1   0.03   0.29323636127021513
   0.1   0.03   1.9448902982768062
   0.1   0.03   3.0290738233819656
   0.1   0.03   2.000904957120475
   0.1   0.03   0.5099370664346393
   0.1   0.03   6.276392707488938
   0.1   0.03   2.5816542600433197
   0.1   0.03   5.453928341062969
   0.1   0.03   0.20257205793909858
   0.1   0.03   5.323965267221526
   0.1   0.03   5.856916997966086
   0.1   0.03   4.788649302396587
   0.1   0.03   4.724739521605833
   0.1   0.03   0.15198631489256775
   0.1   0.03   4.160027928123389
   0.1   0.03   3.8605170655129957
   0.1   0.03   1.4649478173766501
   0.1   0.03   0.8200006234600209
   0.1   0.03   4.049159599536027
   0.1   0.03   5.971923198740082
