   700
   7
   3.0
   0.1   0.03   0.5404112378934582
   0.1   0.03   0.8653082534481045
   0.1   0.03   3.0968146921581674
   0.1   0.03   2.7310008519674978
   0.1   0.03   2.3069622223781567
   0.1   0.03   6.037894229625082
   0.1   0.03   1.2069612858981986
   0.1   0.03   0.28124572109763835
   0.1   0.03   0.4366490302290977
   0.1   0.03   3.3187591877838676
   0.1   0.03   0.34751576917591653
   0.1   0.03   5.896461263858976
   0.1   0.03   2.4157147495034033
   0.1   0.03   0.03842420927285708
   0.1   0.03   1.3526326570538374
   0.1   0.03   1.0516300149155682
   0.1   0.03   3.7296060697758753
   0.1   0.03   0.49917555297933147
   0.1   0.03   3.929719865772286
   0.1   0.03   0.6322721267802842
   0.1   0.03   3.5958564800440613
   0.1   0.03   4.449616912742562
   0.1   0.03   1.456771132760756
   0.1   0.03   2.58541146433796
   0.1   0.03   3.390700432599208
   0.1   0.03   2.931470022020623
   0.1   0.03   3.7075498708938466
   0.1   0.03   3.797916224932719
   0.1   0.03   0.06753274743179401
   0.1   0.03   4.298394156655252
   0.1   0.03   5.533485487963593
   0.1   0.03   1.220490386188721
   0.1   0.03   4.542925985849367
   0.1   0.03   3.2922458687007192
   0.1   0.03   5.382118942267858
   0.1   0.03   5.990288775790456
   0.1   0.03   5.665355634777107
   0.1   0.03   0.5034705919798885
   0.1   0.03   0.7253082514398778
   0.1   0.03   3.0326498511987148
   0.1   0.03   3.8060466955684014
   0.1   0.03   3.472004710271102
   0.1   0.03   1.4574502688721915
   0.1   0.03   4.563981655074281
   0.1   0.03   0.338194383002641
   0.1   0.03   3.5721372972120697
   0.1   0.03   4.449862004719813
   0.1   0.03   5.993831943486699
   0.1   0.03   4.8134412765405425
   0.1   0.03   4.757771555014418
   0.1   0.03   2.53517733231278
   0.1   0.03   1.0053067810977099
   0.1   0.03   0.5029563009733948
   0.1   0.03   4.763250056260776
   0.1   0.03   0.5726023486946946
   0.1   0.03   5.0085854158068726
   0.1   0.03   0.6137548014369217
   0.1   0.03   5.928375978499839
   0.1   0.03   0.3536186663358418
   0.1   0.03   1.5618088985424003
   0.1   0.03   2.5385412619962984
   0.1   0.03   1.7099880560323362
   0.1   0.03   1.231378698992432
   0.1   0.03   2.9671709618964623
   0.1   0.03   6.037754706587591
   0.1   0.03   5.359942051420955
   0.1   0.03   5.7345852981188825
   0.1   0.03   5.051151268642897
   0.1   0.03   2.666286844108985
   0.1   0.03   6.270293877895304
   0.1   0.03   1.2704522893045769
   0.1   0.03   6.24141537816636
   0.1   0.03   4.77010419284806
   0.1   0.03   4.809938145533026
   0.1   0.03   4.579182252220789
   0.1   0.03   1.0431626891033636
   0.1   0.03   2.7243090206062295
   0.1   0.03   1.6428167529184918
   0.1   0.03   2.219449644428171
   0.1   0.03   3.4697638699503264
   0.1   0.03   4.162192351455166
   0.1   0.03   1.5525587050842404
   0.1   0.03   3.3502974471043783
   0.1   0.03   3.1796317407916357
   0.1   0.03   0.8785358305034466
   0.1   0.03   5.852535118335488
   0.1   0.03   1.580190869722789
   0.1   0.03   3.446994738040012
   0.1   0.03   2.8354726120524423
   0.1   0.03   1.0913087210658978
   0.1   0.03   4.041444511293153
   0.1   0.03   5.737154312267139
   0.1   0.03   5.583136468606016
   0.1   0.03   4.440356978710399
   0.1   0.03   1.834758043691361
   0.1   0.03   2.159745358698327
   0.1   0.03   4.421191467443357
   0.1   0.03   2.5640451637764645
   0.1   0.03   1.5298370242779367
   0.1   0.03   4.436547405302645
   0.1   0.03   5.859698201698844
   0.1   0.03   0.5670603611614708
   0.1   0.03   0.9111872409292759
   0.1   0.03   1.9072047606865203
   0.1   0.03   5.008068489490597
   0.1   0.03   4.774308021385388
   0.1   0.03   3.5345871190223006
   0.1   0.03   4.16165488326456
   0.1   0.03   2.181298292829648
   0.1   0.03   5.056134799298667
   0.1   0.03   2.812188310803428
   0.1   0.03   5.9551974320978935
   0.1   0.03   2.8208107994114116
   0.1   0.03   0.6721590765144889
   0.1   0.03   5.856679354141807
   0.1   0.03   0.6530187481857488
   0.1   0.03   2.7564895047055904
   0.1   0.03   4.099177080754507
   0.1   0.03   0.7184954036005224
   0.1   0.03   1.7072683974084506
   0.1   0.03   4.824912951174253
   0.1   0.03   5.076768274492915
   0.1   0.03   1.6614306771922713
   0.1   0.03   0.21090900696101822
   0.1   0.03   4.676347104734659
   0.1   0.03   0.4669624467023285
   0.1   0.03   5.829773946476324
   0.1   0.03   3.4958517718737876
   0.1   0.03   0.24080685127309712
   0.1   0.03   4.9241494287452525
   0.1   0.03   4.603974990760188
   0.1   0.03   4.782927775402254
   0.1   0.03   6.09126231140251
   0.1   0.03   5.728620315496265
   0.1   0.03   1.9980549516722061
   0.1   0.03   1.4727196186876566
   0.1   0.03   4.4681132028612085
   0.1   0.03   5.637584241843954
   0.1   0.03   4.337259822686356
   0.1   0.03   4.479530841493562
   0.1   0.03   2.9071843323171143
   0.1   0.03   0.7822190513886624
   0.1   0.03   3.0891795064734646
   0.1   0.03   3.940723511829129
   0.1   0.03   2.0313891710328758
   0.1   0.03   3.213875360905687
   0.1   0.03   0.7075033629206792
   0.1   0.03   2.282054176546594
   0.1   0.03   0.4600359894128523
   0.1   0.03   2.9513789579718908
   0.1   0.03   2.0210383563526984
   0.1   0.03   3.89806165986416
   0.1   0.03   2.0038674287050755
   0.1   0.03   2.2158927561566824
   0.1   0.03   0.6190798511578125
   0.1   0.03   3.0308470975416038
   0.1   0.03   3.082780093172921
   0.1   0.03   2.482213310593927
   0.1   0.03   4.122051434760466
   0.1   0.03   3.7300075250140026
   0.1   0.03   6.2462454782309385
   0.1   0.03   0.37074114226406557
   0.1   0.03   1.351668977203886
   0.1   0.03   0.8828757980288248
   0.1   0.03   2.599084115539491
   0.1   0.03   4.084587698343813
   0.1   0.03   6.015305577427309
   0.1   0.03   1.0759669618178977
   0.1   0.03   0.24446438457528666
   0.1   0.03   0.27375189173178394
   0.1   0.03   4.532862096356256
   0.1   0.03   0.9989587195676493
   0.1   0.03   0.9146922453899012
   0.1   0.03   2.3254454154707758
   0.1   0.03   2.716049449753739
   0.1   0.03   3.833350105179638
   0.1   0.03   2.5029854429925282
   0.1   0.03   3.455147426153533
   0.1   0.03   6.009244535188333
   0.1   0.03   5.977436963372181
   0.1   0.03   2.9174491844824266
   0.1   0.03   3.9960741379897176
   0.1   0.03   0.3868940273231625
   0.1   0.03   5.600462799943997
   0.1   0.03   2.6757554536900376
   0.1   0.03   0.18568999867939193
   0.1   0.03   2.6775541832449874
   0.1   0.03   5.936037097853579
   0.1   0.03   5.432309381716353
   0.1   0.03   4.800877262881004
   0.1   0.03   1.1994888667180512
   0.1   0.03   5.227864682259284
   0.1   0.03   3.46215248763755
   0.1   0.03   1.3843509779270433
   0.1   0.03   2.359640189521297
   0.1   0.03   0.1480999972895572
   0.1   0.03   3.265274854918214
   0.1   0.03   5.215194118945205
   0.1   0.03   3.7204688406339237
   0.1   0.03   4.921991218021673
   0.1   0.03   5.874879606440614
   0.1   0.03   3.4821993843860017
   0.1   0.03   5.526191347985298
   0.1   0.03   4.3119304373061125
   0.1   0.03   3.5250771852188922
   0.1   0.03   1.134063078905748
   0.1   0.03   0.9784042338464903
   0.1   0.03   4.597042534486634
   0.1   0.03   5.252244684799311
   0.1   0.03   4.8621756517764965
   0.1   0.03   4.6432171452623345
   0.1   0.03   5.385998306259037
   0.1   0.03   3.283102746316062
   0.1   0.03   5.885138976219692
   0.1   0.03   3.921584622996601
   0.1   0.03   5.458751987887279
   0.1   0.03   4.126203362021599
   0.1   0.03   5.569655031413224
   0.1   0.03   4.503771789070914
   0.1   0.03   3.42271033251576
   0.1   0.03   0.30019005056187276
   0.1   0.03   4.670141960557417
   0.1   0.03   0.1667413534259651
   0.1   0.03   5.958517879590334
   0.1   0.03   5.646045749462708
   0.1   0.03   5.2409078732379655
   0.1   0.03   5.646346013490541
   0.1   0.03   4.94411087862814
   0.1   0.03   1.305578903302319
   0.1   0.03   1.6806027847374345
   0.1   0.03   4.55383422857965
   0.1   0.03   6.243104525793257
   0.1   0.03   3.0938833323440593
   0.1   0.03   3.2009930299639593
   0.1   0.03   1.346306268551195
   0.1   0.03   3.6196753341623418
   0.1   0.03   0.1672664412831187
   0.1   0.03   1.2620234390998266
   0.1   0.03   1.4512678605689562
   0.1   0.03   1.0968017076083978
   0.1   0.03   1.448446367800389
   0.1   0.03   6.253414453054093
   0.1   0.03   2.538437731364064
   0.1   0.03   4.426704420551769
   0.1   0.03   0.39479248175115084
   0.1   0.03   4.83240361208146
   0.1   0.03   1.3001056990464648
   0.1   0.03   5.775585725342263
   0.1   0.03   1.710346617497517
   0.1   0.03   0.9891848483930854
   0.1   0.03   6.068486033348189
   0.1   0.03   4.531369122043633
   0.1   0.03   0.9066363472686185
   0.1   0.03   0.0177312691863618
   0.1   0.03   1.9168711455659766
   0.1   0.03   3.6239818358562057
   0.1   0.03   5.936464525864898
   0.1   0.03   6.093371442620501
   0.1   0.03   5.45475723891178
   0.1   0.03   2.778880773296908
   0.1   0.03   3.795281469303898
   0.1   0.03   1.719243326749761
   0.1   0.03   4.786873721094863
   0.1   0.03   1.2458397252763158
   0.1   0.03   1.9709501731674357
   0.1   0.03   1.2555433779862855
   0.1   0.03   0.3983737347151497
   0.1   0.03   4.437907617725357
   0.1   0.03   3.862835789871537
   0.1   0.03   5.336125359532408
   0.1   0.03   5.672945260909946
   0.1   0.03   1.5799091544509754
   0.1   0.03   1.5284594929554822
   0.1   0.03   2.1002324888456494
   0.1   0.03   0.5506886049847998
   0.1   0.03   1.9815273323879166
   0.1   0.03   2.952301230403302
   0.1   0.03   2.9646426640737285
   0.1   0.03   6.098969766204365
   0.1   0.03   2.1116072977953073
   0.1   0.03   5.79411376388674
   0.1   0.03   5.4871976771847395
   0.1   0.03   1.767604586693991
   0.1   0.03   2.2223946360501574
   0.1   0.03   5.705787453092798
   0.1   0.03   1.337188471532418
   0.1   0.03   5.873794276701825
   0.1   0.03   1.3594628733349057
   0.1   0.03   0.47013760732697746
   0.1   0.03   2.340975995210998
   0.1   0.03   2.6159328511128415
   0.1   0.03   2.0445953107525403
   0.1   0.03   5.217243011326888
   0.1   0.03   0.6850895288987795
   0.1   0.03   1.2237575505721474
   0.1   0.03   4.62870063583262
   0.1   0.03   2.088519296151282
   0.1   0.03   5.412583860989954
   0.1   0.03   4.804015941319742
   0.1   0.03   5.041017277880594
   0.1   0.03   0.034002587092611704
   0.1   0.03   2.093953499048767
   0.1   0.03   2.1064964522351772
   0.1   0.03   2.7456711698125984
   0.1   0.03   3.050641465150702
   0.1   0.03   3.2479247666423805
   0.1   0.03   5.611490396171728
   0.1   0.03   3.289855029571105
   0.1   0.03   3.8508315951506695
   0.1   0.03   5.67699222244832
   0.1   0.03   2.1680833912463404
   0.1   0.03   5.871779644965755
   0.1   0.03   3.717638307193306
   0.1   0.03   4.535658645191329
   0.1   0.03   4.530231462165446
   0.1   0.03   0.8711179249968626
   0.1   0.03   4.527766562527712
   0.1   0.03   1.1616583952578083
   0.1   0.03   6.0223389049656095
   0.1   0.03   2.438058514805356
   0.1   0.03   1.0035769037539977
   0.1   0.03   5.56927015383881
   0.1   0.03   3.9170196220296845
   0.1   0.03   0.21516445393278086
   0.1   0.03   0.2798436246979599
   0.1   0.03   4.321215677668243
   0.1   0.03   0.1904826902893451
   0.1   0.03   3.8388543012418612
   0.1   0.03   5.556286892882874
   0.1   0.03   4.155391177618777
   0.1   0.03   3.878823843060266
   0.1   0.03   5.892984167950462
   0.1   0.03   3.696565621391952
   0.1   0.03   5.758098632100809
   0.1   0.03   0.6543048513385848
   0.1   0.03   4.085071617641001
   0.1   0.03   4.10182981258378
   0.1   0.03   2.65885426947235
   0.1   0.03   5.748759199564779
   0.1   0.03   1.4977702096000132
   0.1   0.03   0.06753273483750964
   0.1   0.03   1.7096082068146456
   0.1   0.03   3.6707550538921696
   0.1   0.03   5.630661977740344
   0.1   0.03   5.010877533111325
   0.1   0.03   0.9944200110244275
   0.1   0.03   2.3824668357676306
   0.1   0.03   1.3513914626640275
   0.1   0.03   5.141091953703849
   0.1   0.03   1.6571340299435413
   0.1   0.03   1.0754684658895215
   0.1   0.03   0.263065408465386
   0.1   0.03   5.123170797276036
   0.1   0.03   0.7954713966658343
   0.1   0.03   4.190492504456717
   0.1   0.03   3.880010844143304
   0.1   0.03   4.588907026389927
   0.1   0.03   3.3386672726875735
   0.1   0.03   2.9620546853074656
   0.1   0.03   2.8642150091383725
   0.1   0.03   0.18036930422870057
   0.1   0.03   5.861654816831084
   0.1   0.03   0.5965936695091099
   0.1   0.03   1.7995321399907103
   0.1   0.03   5.126305225278445
   0.1   0.03   2.7333923708266794
   0.1   0.03   5.911587274244507
   0.1   0.03   4.941663853178954
   0.1   0.03   5.708760578259279
   0.1   0.03   5.558242068535308
   0.1   0.03   3.2269270862372625
   0.1   0.03   4.760422434529283
   0.1   0.03   1.5524536418342156
   0.1   0.03   1.3437871532804035
   0.1   0.03   3.5971637310469644
   0.1   0.03   5.426705963330437
   0.1   0.03   0.21543084624489559
   0.1   0.03   4.809007483083512
   0.1   0.03   4.546598360318171
   0.1   0.03   0.25632634240701385
   0.1   0.03   4.837217674268623
   0.1   0.03   6.087387183100846
   0.1   0.03   6.212304639629177
   0.1   0.03   1.3470126668716897
   0.1   0.03   5.725185501076624
   0.1   0.03   2.532395152320089
   0.1   0.03   1.3901178187698777
   0.1   0.03   0.08317316223057623
   0.1   0.03   1.492199544460624
   0.1   0.03   6.114795009487412
   0.1   0.03   5.326837196943411
   0.1   0.03   4.764470746212736
   0.1   0.03   0.751929979204522
   0.1   0.03   4.153918684393401
   0.1   0.03   1.9252483217712182
   0.1   0.03   0.763821227140512
   0.1   0.03   5.060775254914029
   0.1   0.03   0.4059045566066953
   0.1   0.03   4.557072773105748
   0.1   0.03   3.1432609614732985
   0.1   0.03   3.2539112301783755
   0.1   0.03   4.602086302303108
   0.1   0.03   5.27556247086829
   0.1   0.03   2.083344594130471
   0.1   0.03   3.9911799904538436
   0.1   0.03   0.7706607891599109
   0.1   0.03   5.530033292712755
   0.1   0.03   1.7954954697152574
   0.1   0.03   2.9585656062796404
   0.1   0.03   5.429645000636383
   0.1   0.03   1.1464927500908444
   0.1   0.03   3.256197186987419
   0.1   0.03   1.2849803607565518
   0.1   0.03   5.5665108345919005
   0.1   0.03   3.555090038775903
   0.1   0.03   5.879192814169393
   0.1   0.03   2.066562487542492
   0.1   0.03   5.609031146698976
   0.1   0.03   0.6713421754921247
   0.1   0.03   4.631429526111326
   0.1   0.03   3.592058646256995
   0.1   0.03   3.8473477633756414
   0.1   0.03   5.004883204623875
   0.1   0.03   2.0560919661818784
   0.1   0.03   3.9420084835328213
   0.1   0.03   1.3694872186990195
   0.1   0.03   4.4503691567742685
   0.1   0.03   0.43063808964945355
   0.1   0.03   1.2064067154261804
   0.1   0.03   2.11451200489124
   0.1   0.03   4.579958876338578
   0.1   0.03   1.4876056871032344
   0.1   0.03   4.594881712209119
   0.1   0.03   0.5981747497055748
   0.1   0.03   3.8224159338773345
   0.1   0.03   6.132788562768806
   0.1   0.03   0.837378897767471
   0.1   0.03   4.579354535246788
   0.1   0.03   0.4324350153515933
   0.1   0.03   0.07289431611070277
   0.1   0.03   5.633444358454322
   0.1   0.03   2.349744472358247
   0.1   0.03   6.165194862410789
   0.1   0.03   2.328031565528297
   0.1   0.03   4.9558446552031965
   0.1   0.03   5.081368654435333
   0.1   0.03   1.0310995282122288
   0.1   0.03   2.4303599787626484
   0.1   0.03   6.103327053062063
   0.1   0.03   0.3937688908897396
   0.1   0.03   1.1929217328950033
   0.1   0.03   5.159065518422532
   0.1   0.03   2.7314838792430995
   0.1   0.03   0.11121359090950327
   0.1   0.03   4.353877157134477
   0.1   0.03   0.08406249484461423
   0.1   0.03   1.315812780377293
   0.1   0.03   2.1852012272634713
   0.1   0.03   0.419080230552695
   0.1   0.03   3.800495871331469
   0.1   0.03   1.4491518675698118
   0.1   0.03   2.542821019797098
   0.1   0.03   0.6794406800577839
   0.1   0.03   3.2324675977791495
   0.1   0.03   5.772275443915226
   0.1   0.03   5.948337644725677
   0.1   0.03   0.7795592631372112
   0.1   0.03   3.3690774115342372
   0.1   0.03   3.199326933455603
   0.1   0.03   5.833644739897336
   0.1   0.03   1.5550545845735622
   0.1   0.03   0.8530641186220961
   0.1   0.03   5.765186325075707
   0.1   0.03   5.799265141920945
   0.1   0.03   1.4423562484160324
   0.1   0.03   4.821477469093596
   0.1   0.03   2.8544608292423663
   0.1   0.03   0.8193592560174445
   0.1   0.03   4.840753407401248
   0.1   0.03   1.9273363728910942
   0.1   0.03   0.1343109628423671
   0.1   0.03   2.154789759143639
   0.1   0.03   3.33890400722082
   0.1   0.03   0.01122004460192024
   0.1   0.03   3.2324326872305256
   0.1   0.03   4.28684720465367
   0.1   0.03   2.0795025788310504
   0.1   0.03   4.265295316768297
   0.1   0.03   0.2009946664866215
   0.1   0.03   2.5298248598687536
   0.1   0.03   4.204285094152338
   0.1   0.03   5.098602372294325
   0.1   0.03   0.9368099390837672
   0.1   0.03   3.5314409632963106
   0.1   0.03   4.0668906722837805
   0.1   0.03   2.873349699308576
   0.1   0.03   5.987487015635863
   0.1   0.03   5.679199878192704
   0.1   0.03   3.4843950590047736
   0.1   0.03   6.281719540834729
   0.1   0.03   4.748564468202711
   0.1   0.03   5.418524574526808
   0.1   0.03   5.5160315746177995
   0.1   0.03   0.5836484450703877
   0.1   0.03   2.5317985240835723
   0.1   0.03   1.3097571798259795
   0.1   0.03   1.622982294834098
   0.1   0.03   1.2636149073141345
   0.1   0.03   5.501428781633861
   0.1   0.03   3.049273949762105
   0.1   0.03   6.062896433715645
   0.1   0.03   4.083377211566233
   0.1   0.03   2.8298214807269817
   0.1   0.03   0.30984614283682793
   0.1   0.03   4.945034482479668
   0.1   0.03   0.9989148554517283
   0.1   0.03   0.15624406318006107
   0.1   0.03   1.4267502287526437
   0.1   0.03   5.366162322098289
   0.1   0.03   2.6196600603847595
   0.1   0.03   2.1444235656419277
   0.1   0.03   5.199969973373969
   0.1   0.03   4.941475691821093
   0.1   0.03   2.347367579497407
   0.1   0.03   4.714448302667898
   0.1   0.03   0.04512763870867005
   0.1   0.03   4.723794094080165
   0.1   0.03   3.624734502017211
   0.1   0.03   5.301731061242321
   0.1   0.03   1.725138355858135
   0.1   0.03   2.8619058317468555
   0.1   0.03   0.38116847300440637
   0.1   0.03   4.74801629032505
   0.1   0.03   1.5416392752755468
   0.1   0.03   5.2170773609647885
   0.1   0.03   0.014939188960074611
   0.1   0.03   1.1390900430249955
   0.1   0.03   3.8147963940871112
   0.1   0.03   1.2964540369072395
   0.1   0.03   3.8496016724300723
   0.1   0.03   1.2390782165384606
   0.1   0.03   4.024281865238127
   0.1   0.03   0.2468011362676028
   0.1   0.03   3.098442888519342
   0.1   0.03   4.884215204817499
   0.1   0.03   3.4946181539814742
   0.1   0.03   5.379146188402217
   0.1   0.03   0.025767827812468905
   0.1   0.03   3.117157106863413
   0.1   0.03   5.374158576947738
   0.1   0.03   5.879383046052204
   0.1   0.03   0.13728741818939938
   0.1   0.03   1.7893117512037449
   0.1   0.03   5.630890404456385
   0.1   0.03   2.4177472581230717
   0.1   0.03   5.226520367796379
   0.1   0.03   1.665136891337747
   0.1   0.03   5.409836178247927
   0.1   0.03   4.345521089656966
   0.1   0.03   5.056198028938462
   0.1   0.03   3.9058678556032898
   0.1   0.03   2.2333678484300545
   0.1   0.03   3.42318218748477
   0.1   0.03   5.8587144307190755
   0.1   0.03   1.2349801641669924
   0.1   0.03   5.938259899862617
   0.1   0.03   4.3303898512840115
   0.1   0.03   1.6534686792895328
   0.1   0.03   6.2000099890824005
   0.1   0.03   0.22387901286794573
   0.1   0.03   5.387755314853888
   0.1   0.03   4.822706928334124
   0.1   0.03   0.0726392852551928
   0.1   0.03   4.004381060619643
   0.1   0.03   2.2917810492396185
   0.1   0.03   1.2134529031573198
   0.1   0.03   0.4870477673636124
   0.1   0.03   4.5204553449349225
   0.1   0.03   4.909159291520178
   0.1   0.03   0.1173568843819939
   0.1   0.03   5.11795667008212
   0.1   0.03   0.35518999617579977
   0.1   0.03   1.3213134765815324
   0.1   0.03   4.451189706747317
   0.1   0.03   6.172693900187997
   0.1   0.03   4.370813446765382
   0.1   0.03   0.5493114787296736
   0.1   0.03   0.5217255244533938
   0.1   0.03   2.853331474016127
   0.1   0.03   2.722344628452648
   0.1   0.03   0.5904120002247331
   0.1   0.03   4.865692099338337
   0.1   0.03   2.9610240451038963
   0.1   0.03   6.156637697376059
   0.1   0.03   4.569265562291
   0.1   0.03   2.587096069422969
   0.1   0.03   4.624468783758781
   0.1   0.03   5.09838379748962
   0.1   0.03   1.9404383115655273
   0.1   0.03   2.503212271622806
   0.1   0.03   4.118412672972135
   0.1   0.03   0.38126416289514675
   0.1   0.03   4.570829171302705
   0.1   0.03   5.540178405270732
   0.1   0.03   3.6839863601389435
   0.1   0.03   1.150532360362166
   0.1   0.03   0.06574778538159401
   0.1   0.03   4.985781620582705
   0.1   0.03   1.5154644314498125
   0.1   0.03   3.4515840409548284
   0.1   0.03   5.641877504582137
   0.1   0.03   4.039082458091737
   0.1   0.03   3.2218987457923127
   0.1   0.03   3.5223084222746213
   0.1   0.03   5.9906476532175095
   0.1   0.03   0.5143051027532216
   0.1   0.03   5.328218012184428
   0.1   0.03   2.2765125057533098
   0.1   0.03   2.42980703130657
   0.1   0.03   0.8254060235567712
   0.1   0.03   6.040830718692344
   0.1   0.03   4.64482560589973
   0.1   0.03   4.315585075814353
   0.1   0.03   2.223622400681393
   0.1   0.03   0.7268262000951079
   0.1   0.03   1.9830967024347612
   0.1   0.03   2.3153420108783886
   0.1   0.03   1.2051698760735174
   0.1   0.03   2.617865806492704
   0.1   0.03   4.746042388442605
   0.1   0.03   3.8892843667701267
   0.1   0.03   0.9439580909756703
   0.1   0.03   3.5922859713933346
   0.1   0.03   1.6310168059041628
   0.1   0.03   2.518212213724103
   0.1   0.03   3.127610479761338
   0.1   0.03   2.1489192938112316
   0.1   0.03   1.839146400886557
   0.1   0.03   3.842343692896265
   0.1   0.03   4.2859919323540865
   0.1   0.03   3.031904112313201
   0.1   0.03   0.8371847679382234
   0.1   0.03   1.4662096700512677
   0.1   0.03   4.484826493938052
   0.1   0.03   1.945875911385271
   0.1   0.03   3.4048788231784886
   0.1   0.03   0.08149220342341465
   0.1   0.03   2.245563694356341
   0.1   0.03   1.0084025965083159
   0.1   0.03   3.5628606618734273
   0.1   0.03   0.6662204204086313
   0.1   0.03   0.5605817620681786
   0.1   0.03   5.7558256325190165
   0.1   0.03   1.6728780248729098
   0.1   0.03   1.834873521696236
   0.1   0.03   2.687722723544739
   0.1   0.03   2.826799084861733
   0.1   0.03   5.736063768110714
   0.1   0.03   5.152103896117666
   0.1   0.03   2.6760405761086545
   0.1   0.03   2.0806002378742567
   0.1   0.03   0.4911805778462017
   0.1   0.03   4.276774407438015
   0.1   0.03   5.180473780290578
   0.1   0.03   2.2895531025373965
   0.1   0.03   5.218330980751339
   0.1   0.03   0.739168364059752
   0.1   0.03   3.836848335421485
   0.1   0.03   3.641167283590238
   0.1   0.03   1.1314403969399045
   0.1   0.03   3.061091629339464
   0.1   0.03   3.1308501591804805
   0.1   0.03   0.6180817381657859
   0.1   0.03   5.0806349594397044
   0.1   0.03   0.9831151659701143
   0.1   0.03   0.9691482807194349
   0.1   0.03   5.658008882317429
   0.1   0.03   0.46148377532248114
   0.1   0.03   6.216736204304188
   0.1   0.03   5.215782908024876
   0.1   0.03   5.561762456507982
   0.1   0.03   1.5736245688139394
   0.1   0.03   0.7015296984743711
   0.1   0.03   2.69054246328632
   0.1   0.03   4.932745913871034
   0.1   0.03   6.222135063806901
   0.1   0.03   0.42896770108219706
   0.1   0.03   5.839170093328668
   0.1   0.03   2.668635520802462
   0.1   0.03   0.013632700673500999
   0.1   0.03   1.2124251904395877
   0.1   0.03   3.3982854153798496
   0.1   0.03   3.375580660034581
   0.1   0.03   0.3178149770560307
   0.1   0.03   6.230639253309022
   0.1   0.03   5.563356538887833
   0.1   0.03   5.360152272968159
   0.1   0.03   2.8457220171888746
   0.1   0.03   3.8381759099867696
   0.1   0.03   0.2755771926625155
