   100
   7
   3.0
   0.1   0.03   0.2761718667487464
   0.1   0.03   5.904864538647609
   0.1   0.03   4.776483209609288
   0.1   0.03   1.0456733431767138
   0.1   0.03   2.15371079695352
   0.1   0.03   3.323595730872353
   0.1   0.03   1.0601377161225303
   0.1   0.03   5.258142769122866
   0.1   0.03   4.178444455035126
   0.1   0.03   4.521674058778285
   0.1   0.03   2.023170154537156
   0.1   0.03   6.115244375222853
   0.1   0.03   0.7989376895022046
   0.1   0.03   3.8038226123788137
   0.1   0.03   1.559720160777305
   0.1   0.03   2.5912049118444176
   0.1   0.03   2.8980499114785334
   0.1   0.03   2.0509913862347644
   0.1   0.03   0.6453828162017181
   0.1   0.03   0.9042098108877253
   0.1   0.03   3.6896620838092344
   0.1   0.03   5.808624612877595
   0.1   0.03   4.057244559464368
   0.1   0.03   5.0768914985703875
   0.1   0.03   0.3198121840076052
   0.1   0.03   0.6731347910644596
   0.1   0.03   2.2491140971037344
   0.1   0.03   5.024956063176455
   0.1   0.03   0.1721310782083129
   0.1   0.03   2.3425331947206005
   0.1   0.03   4.068730554490197
   0.1   0.03   5.6072746772969095
   0.1   0.03   0.279340900566783
   0.1   0.03   0.8057974010065736
   0.1   0.03   0.45955230559705634
   0.1   0.03   0.7178108936149987
   0.1   0.03   1.9779689464688641
   0.1   0.03   0.8929366781473882
   0.1   0.03   4.76044440272185
   0.1   0.03   2.91834889759882
   0.1   0.03   3.6672166034996705
   0.1   0.03   5.794007511410946
   0.1   0.03   1.2598026334948962
   0.1   0.03   5.902953942601245
   0.1   0.03   4.368977260471904
   0.1   0.03   2.3662296138251038
   0.1   0.03   3.1966239563539505
   0.1   0.03   1.5955016261580743
   0.1   0.03   4.159113793921111
   0.1   0.03   2.6857115776315577
   0.1   0.03   4.164395463382082
   0.1   0.03   3.698127761042799
   0.1   0.03   5.512228726218558
   0.1   0.03   0.49685254399220524
   0.1   0.03   5.076677425738481
   0.1   0.03   4.234590160285209
   0.1   0.03   1.6423089591839979
   0.1   0.03   5.118623819308914
   0.1   0.03   4.531432192736959
   0.1   0.03   3.3160512713467027
   0.1   0.03   3.4103383966277745
   0.1   0.03   0.5756691603793351
   0.1   0.03   3.387401966639973
   0.1   0.03   1.2809546081558885
   0.1   0.03   3.714338019875005
   0.1   0.03   0.8705529273505064
   0.1   0.03   3.4897961392172125
   0.1   0.03   6.1714081445131495
   0.1   0.03   4.37992471433095
   0.1   0.03   1.3662567335462699
   0.1   0.03   2.479824957955915
   0.1   0.03   3.338606702165032
   0.1   0.03   6.049917751098328
   0.1   0.03   0.054591508331849954
   0.1   0.03   0.9622783631163052
   0.1   0.03   4.456455289702857
   0.1   0.03   3.2438495276682686
   0.1   0.03   5.029000534218681
   0.1   0.03   1.005063424161151
   0.1   0.03   5.2329963781116176
   0.1   0.03   0.5517109711455028
   0.1   0.03   4.520231633213495
   0.1   0.03   5.384933762216426
   0.1   0.03   2.7850192409547017
   0.1   0.03   3.787768020381536
   0.1   0.03   2.063160915293568
   0.1   0.03   5.794028707975478
   0.1   0.03   5.159413109442437
   0.1   0.03   5.222642378206535
   0.1   0.03   3.335606715834004
   0.1   0.03   1.0459999112786718
   0.1   0.03   4.809956594516408
   0.1   0.03   5.089058836414213
   0.1   0.03   5.511583093454445
   0.1   0.03   5.8233329152334194
   0.1   0.03   2.757940918526809
   0.1   0.03   4.45412113360921
   0.1   0.03   0.2658860452419236
   0.1   0.03   4.034064530584941
   0.1   0.03   2.537738847301131
