   100
   7
   0.1
   0.1   0.03   3.722900508022162
   0.1   0.03   1.822401288309344
   0.1   0.03   2.4757420588895966
   0.1   0.03   2.000253808788929
   0.1   0.03   5.940414632771268
   0.1   0.03   1.9352126818700168
   0.1   0.03   2.0517380638009515
   0.1   0.03   2.3542917168818516
   0.1   0.03   3.92248656373852
   0.1   0.03   4.8881003495239925
   0.1   0.03   2.337477979389365
   0.1   0.03   2.4233101201552256
   0.1   0.03   2.2842751288384675
   0.1   0.03   3.530868769675674
   0.1   0.03   5.294384240784859
   0.1   0.03   4.140074142265521
   0.1   0.03   5.358034208552016
   0.1   0.03   1.1479507038030181
   0.1   0.03   3.6280511854848974
   0.1   0.03   1.7901453570077435
   0.1   0.03   4.119484971843721
   0.1   0.03   0.6862667276380321
   0.1   0.03   5.650289473081616
   0.1   0.03   4.7685019659646075
   0.1   0.03   2.01798493318295
   0.1   0.03   0.04210113037012262
   0.1   0.03   3.079607078455541
   0.1   0.03   0.3738879703290826
   0.1   0.03   3.9036545862785745
   0.1   0.03   4.007756431750461
   0.1   0.03   3.000851319952463
   0.1   0.03   4.407149015089572
   0.1   0.03   4.19454276000899
   0.1   0.03   2.6901648407410788
   0.1   0.03   4.21634963193298
   0.1   0.03   3.5133626105072104
   0.1   0.03   2.407258726509672
   0.1   0.03   1.1855319540201563
   0.1   0.03   5.89121317118702
   0.1   0.03   1.2035068068961647
   0.1   0.03   2.7339465080783567
   0.1   0.03   0.8052875323151297
   0.1   0.03   1.0431301600103313
   0.1   0.03   6.212527026968872
   0.1   0.03   1.699395222491104
   0.1   0.03   0.4999453566008555
   0.1   0.03   0.8218686845383129
   0.1   0.03   4.464977595762023
   0.1   0.03   2.127580782536498
   0.1   0.03   5.133126076804551
   0.1   0.03   5.276464931710758
   0.1   0.03   5.577444034217184
   0.1   0.03   5.872860363862483
   0.1   0.03   2.7940781111859456
   0.1   0.03   3.923086633784772
   0.1   0.03   0.7322344805568956
   0.1   0.03   2.204376837129273
   0.1   0.03   0.6512984232680139
   0.1   0.03   1.983518273677847
   0.1   0.03   3.12169227345507
   0.1   0.03   1.1605762640329622
   0.1   0.03   4.137048479435495
   0.1   0.03   2.123278951468238
   0.1   0.03   2.0666660791661093
   0.1   0.03   4.534493926813008
   0.1   0.03   3.795813569961926
   0.1   0.03   2.8087250360216145
   0.1   0.03   4.524219178800873
   0.1   0.03   1.7635364890179632
   0.1   0.03   1.0264423964718556
   0.1   0.03   0.9002707305065825
   0.1   0.03   5.850522073705619
   0.1   0.03   1.8445451278758498
   0.1   0.03   2.711111708097515
   0.1   0.03   3.1137745491593374
   0.1   0.03   0.8616913080224258
   0.1   0.03   4.237006823140949
   0.1   0.03   2.9649715444514597
   0.1   0.03   1.434555568316335
   0.1   0.03   4.845255234397767
   0.1   0.03   4.5632137402361845
   0.1   0.03   2.914113148751344
   0.1   0.03   2.7858498792136523
   0.1   0.03   4.872788597445743
   0.1   0.03   2.7285925731787586
   0.1   0.03   2.268598566199863
   0.1   0.03   1.7313844768848412
   0.1   0.03   5.611976567669121
   0.1   0.03   3.1072624735284924
   0.1   0.03   0.2096126456596015
   0.1   0.03   0.7124035294850246
   0.1   0.03   3.7543861303112327
   0.1   0.03   5.304282152920331
   0.1   0.03   3.330605694894901
   0.1   0.03   4.751997215946943
   0.1   0.03   2.4023644718460417
   0.1   0.03   4.849781633725334
   0.1   0.03   5.858044948913114
   0.1   0.03   0.15524826709086184
   0.1   0.03   5.719626376362273
