   300
   7
   0.5
   0.1   0.03   4.595388301275165
   0.1   0.03   6.013327536508878
   0.1   0.03   1.4528680660619933
   0.1   0.03   5.403870235834016
   0.1   0.03   1.5165935677977447
   0.1   0.03   1.2709231763509954
   0.1   0.03   5.488461951371964
   0.1   0.03   0.7320993179913076
   0.1   0.03   4.560384855149827
   0.1   0.03   1.5263443996766555
   0.1   0.03   2.599335464041493
   0.1   0.03   6.232211535032769
   0.1   0.03   6.140127811436538
   0.1   0.03   2.309680328302025
   0.1   0.03   0.060391220242945
   0.1   0.03   1.6823520425783118
   0.1   0.03   5.068444565872881
   0.1   0.03   2.5068329116091856
   0.1   0.03   6.0769096789340855
   0.1   0.03   6.220019908993239
   0.1   0.03   0.5935944184458425
   0.1   0.03   2.666566572501818
   0.1   0.03   2.3040236494221635
   0.1   0.03   5.329154615878954
   0.1   0.03   1.266912730564341
   0.1   0.03   0.5625066414492607
   0.1   0.03   2.3932306301799633
   0.1   0.03   4.683698005275709
   0.1   0.03   1.8397489817490271
   0.1   0.03   4.2081997853159105
   0.1   0.03   1.7198975893068222
   0.1   0.03   0.06813022423294865
   0.1   0.03   5.536472016310533
   0.1   0.03   1.92800721959908
   0.1   0.03   4.517214813643147
   0.1   0.03   2.4964867159964776
   0.1   0.03   4.368073872189461
   0.1   0.03   1.585799969944841
   0.1   0.03   1.617940015192484
   0.1   0.03   2.9921529596755
   0.1   0.03   4.957216377812468
   0.1   0.03   4.366371126928571
   0.1   0.03   2.673031617904928
   0.1   0.03   1.8287002666956513
   0.1   0.03   4.206664940655693
   0.1   0.03   4.8034564823871655
   0.1   0.03   2.0494434864680104
   0.1   0.03   1.0398459666740343
   0.1   0.03   0.6252563593095498
   0.1   0.03   3.8055639867332194
   0.1   0.03   1.236182176055161
   0.1   0.03   2.347918797419385
   0.1   0.03   0.928013340287952
   0.1   0.03   6.219858376862563
   0.1   0.03   5.163158259672074
   0.1   0.03   6.131506396834844
   0.1   0.03   0.03909860946574043
   0.1   0.03   5.012835658404321
   0.1   0.03   3.060440147435373
   0.1   0.03   3.1321072266215153
   0.1   0.03   0.4497726705857385
   0.1   0.03   5.301716617656738
   0.1   0.03   3.3474345324310337
   0.1   0.03   1.8529727806722076
   0.1   0.03   4.991845733399284
   0.1   0.03   5.897261223810527
   0.1   0.03   2.9139532921550626
   0.1   0.03   2.2698761710253765
   0.1   0.03   5.303287088627888
   0.1   0.03   4.955974641952503
   0.1   0.03   0.055743535696686705
   0.1   0.03   0.6417157503827359
   0.1   0.03   1.2769447724921748
   0.1   0.03   1.9998523383589404
   0.1   0.03   3.0081216836504368
   0.1   0.03   0.2592616670348833
   0.1   0.03   5.746191551747798
   0.1   0.03   1.6528471471562416
   0.1   0.03   1.6863649528828457
   0.1   0.03   4.74362944582497
   0.1   0.03   2.068307320222145
   0.1   0.03   2.7527532214371724
   0.1   0.03   2.341804941834058
   0.1   0.03   2.3208306692107166
   0.1   0.03   5.515750530176304
   0.1   0.03   5.688897311352955
   0.1   0.03   2.1392321772612406
   0.1   0.03   5.071803686550016
   0.1   0.03   3.6276746118662064
   0.1   0.03   2.3943474875407
   0.1   0.03   1.1188103210148177
   0.1   0.03   3.7453416666066186
   0.1   0.03   4.493058978570465
   0.1   0.03   3.846451551358359
   0.1   0.03   2.09328387205549
   0.1   0.03   2.872905970620485
   0.1   0.03   2.589423185295734
   0.1   0.03   0.7943477080635162
   0.1   0.03   0.2355484323920094
   0.1   0.03   0.515657430395421
   0.1   0.03   0.34910611494254984
   0.1   0.03   4.4711163653413095
   0.1   0.03   6.087495834514363
   0.1   0.03   2.97848733621288
   0.1   0.03   5.732316091851307
   0.1   0.03   1.3677313393081405
   0.1   0.03   2.539287326466677
   0.1   0.03   6.18154625229636
   0.1   0.03   3.6994569689128634
   0.1   0.03   4.967067344895031
   0.1   0.03   4.891421268580879
   0.1   0.03   4.387544098566537
   0.1   0.03   2.417613391325158
   0.1   0.03   2.7917777711206764
   0.1   0.03   5.278672250679208
   0.1   0.03   0.9881387723159619
   0.1   0.03   0.03325153127064158
   0.1   0.03   6.023912337782158
   0.1   0.03   2.4873435696093433
   0.1   0.03   2.931096674874635
   0.1   0.03   3.390642623411173
   0.1   0.03   2.8112575071314327
   0.1   0.03   6.154901845442199
   0.1   0.03   4.723388150460339
   0.1   0.03   0.5981341347298096
   0.1   0.03   3.6809825702129477
   0.1   0.03   4.043680945921088
   0.1   0.03   3.490784610453203
   0.1   0.03   6.169500348074434
   0.1   0.03   2.571694021004986
   0.1   0.03   2.9704527078439864
   0.1   0.03   1.3649599937708154
   0.1   0.03   5.551069226393623
   0.1   0.03   5.003040974766973
   0.1   0.03   2.210600324870994
   0.1   0.03   3.115159928619982
   0.1   0.03   0.14276420379705487
   0.1   0.03   1.4914160259459808
   0.1   0.03   6.142150385788721
   0.1   0.03   4.381273973972829
   0.1   0.03   5.8486903191301955
   0.1   0.03   1.614853203326519
   0.1   0.03   0.6395913452422122
   0.1   0.03   2.195942034082028
   0.1   0.03   0.4051839221190868
   0.1   0.03   5.669839563658633
   0.1   0.03   3.2347725967128134
   0.1   0.03   0.19190183555306944
   0.1   0.03   1.125181632022686
   0.1   0.03   0.2756836691831873
   0.1   0.03   2.102216646466658
   0.1   0.03   1.906323966367792
   0.1   0.03   0.40015332563688566
   0.1   0.03   5.28517729018404
   0.1   0.03   4.737725749726505
   0.1   0.03   5.234966231046005
   0.1   0.03   6.09329772998154
   0.1   0.03   3.900459613993898
   0.1   0.03   3.2513808333707797
   0.1   0.03   4.222885412685364
   0.1   0.03   5.185527835756469
   0.1   0.03   3.669277357755146
   0.1   0.03   0.28524017078672
   0.1   0.03   2.4210820085224825
   0.1   0.03   0.7253716762336053
   0.1   0.03   1.3679608130135974
   0.1   0.03   1.94015146251643
   0.1   0.03   1.007537891145756
   0.1   0.03   0.834068876661794
   0.1   0.03   0.1057121460917107
   0.1   0.03   1.6665121516075052
   0.1   0.03   1.8462602422289371
   0.1   0.03   0.9534408487000449
   0.1   0.03   0.894447840768707
   0.1   0.03   5.734399177369733
   0.1   0.03   3.0285787161959306
   0.1   0.03   6.077118821328845
   0.1   0.03   5.897226729125478
   0.1   0.03   4.967831484077925
   0.1   0.03   0.9680953879666752
   0.1   0.03   0.9418168121730666
   0.1   0.03   5.091858415529842
   0.1   0.03   0.4103988960526282
   0.1   0.03   4.291088692093042
   0.1   0.03   2.012525622117599
   0.1   0.03   5.1734460871746935
   0.1   0.03   1.0692346227685852
   0.1   0.03   4.294654441302253
   0.1   0.03   4.511934157931921
   0.1   0.03   3.3296922842847563
   0.1   0.03   2.162146607020962
   0.1   0.03   4.812382630044576
   0.1   0.03   2.2243486269014614
   0.1   0.03   5.9583963482501865
   0.1   0.03   1.9262031051614055
   0.1   0.03   0.31250079986590884
   0.1   0.03   0.4453613817171698
   0.1   0.03   2.0418278906388556
   0.1   0.03   4.654675914833924
   0.1   0.03   2.920712915770108
   0.1   0.03   5.728291718841822
   0.1   0.03   1.8625519739680245
   0.1   0.03   1.3722420627767213
   0.1   0.03   2.2961979543905238
   0.1   0.03   1.8554376207545593
   0.1   0.03   2.0929765743212756
   0.1   0.03   4.338390292645731
   0.1   0.03   1.6731157468681666
   0.1   0.03   3.984206688195029
   0.1   0.03   5.626927020379508
   0.1   0.03   4.377268952651243
   0.1   0.03   3.601835578207556
   0.1   0.03   1.211824684076743
   0.1   0.03   3.5362829719614384
   0.1   0.03   6.266882933515768
   0.1   0.03   0.1608609190168827
   0.1   0.03   1.1595056506347792
   0.1   0.03   3.1582578163431547
   0.1   0.03   2.656941768965944
   0.1   0.03   1.2108125223789024
   0.1   0.03   2.0491416167938055
   0.1   0.03   0.28384962322447604
   0.1   0.03   2.196107679616803
   0.1   0.03   4.873620330625929
   0.1   0.03   2.114934335756765
   0.1   0.03   4.990756351096368
   0.1   0.03   2.293522186141816
   0.1   0.03   4.0998649647533965
   0.1   0.03   0.9351237868265555
   0.1   0.03   4.180990002116498
   0.1   0.03   2.278152912094484
   0.1   0.03   3.616478504403383
   0.1   0.03   5.836359106137851
   0.1   0.03   2.9727791363326457
   0.1   0.03   3.2545546048274883
   0.1   0.03   1.1327932932023634
   0.1   0.03   2.189652385977211
   0.1   0.03   1.3157289169300042
   0.1   0.03   2.171741767004284
   0.1   0.03   3.1243464421610834
   0.1   0.03   5.90791106655854
   0.1   0.03   5.972296823264248
   0.1   0.03   1.912435068753372
   0.1   0.03   2.970213007039759
   0.1   0.03   4.9035449148531844
   0.1   0.03   2.5764665374276214
   0.1   0.03   1.4402278302183151
   0.1   0.03   0.6112737471194485
   0.1   0.03   1.1926198575655502
   0.1   0.03   3.240213977083647
   0.1   0.03   1.2741515004662833
   0.1   0.03   3.8874855900342458
   0.1   0.03   3.907748936305474
   0.1   0.03   0.18313939621843306
   0.1   0.03   2.183098684747649
   0.1   0.03   6.10718046148792
   0.1   0.03   2.6079179272349857
   0.1   0.03   0.9510919518370115
   0.1   0.03   2.634900660892517
   0.1   0.03   6.271485852964316
   0.1   0.03   3.9320869486070844
   0.1   0.03   1.6295711324797266
   0.1   0.03   0.09920156327196718
   0.1   0.03   1.527468085492201
   0.1   0.03   4.604628826265337
   0.1   0.03   2.5514703621425348
   0.1   0.03   4.205564640914273
   0.1   0.03   0.8102530478122049
   0.1   0.03   3.781195684471137
   0.1   0.03   6.169422793592896
   0.1   0.03   0.6002584730495156
   0.1   0.03   0.4519220125522935
   0.1   0.03   4.626190755822612
   0.1   0.03   6.178711262430435
   0.1   0.03   2.418901099102857
   0.1   0.03   4.3054798614823975
   0.1   0.03   3.173880972438812
   0.1   0.03   4.177247712914881
   0.1   0.03   6.1994417080958515
   0.1   0.03   3.4521765350905222
   0.1   0.03   4.599212111261413
   0.1   0.03   6.019488542625289
   0.1   0.03   5.756469173326893
   0.1   0.03   0.9979925272761624
   0.1   0.03   4.781497777555361
   0.1   0.03   5.888730331234709
   0.1   0.03   4.651981793851989
   0.1   0.03   3.519376460837276
   0.1   0.03   5.475478797258621
   0.1   0.03   4.897400972375268
   0.1   0.03   3.3940682500039734
   0.1   0.03   5.575106919566069
   0.1   0.03   4.4213113178802725
   0.1   0.03   0.7808325850781795
   0.1   0.03   1.4619523981019849
   0.1   0.03   2.935718679214187
   0.1   0.03   1.133139545207242
   0.1   0.03   2.96768287443376
   0.1   0.03   2.1802674487088956
   0.1   0.03   2.643827337118313
