   40
   7
   3.0
   0.1   0.03   5.298611244467599
   0.1   0.03   6.074698439100673
   0.1   0.03   5.955184199042083
   0.1   0.03   3.165330212724712
   0.1   0.03   4.487453123725886
   0.1   0.03   2.2498037944521636
   0.1   0.03   6.04175000233709
   0.1   0.03   1.5667372492479612
   0.1   0.03   1.623334675714759
   0.1   0.03   3.4387242479280506
   0.1   0.03   3.171364630597694
   0.1   0.03   4.290966830463615
   0.1   0.03   0.5585166062262313
   0.1   0.03   3.340379410644993
   0.1   0.03   1.9068945491836116
   0.1   0.03   1.2242736882868133
   0.1   0.03   2.358064479313553
   0.1   0.03   1.3636747729821057
   0.1   0.03   3.778519144415533
   0.1   0.03   5.831503602779391
   0.1   0.03   2.8577925821224994
   0.1   0.03   0.3938649950351537
   0.1   0.03   4.425238334011
   0.1   0.03   4.9766072428637065
   0.1   0.03   1.541386636585834
   0.1   0.03   4.596481134038871
   0.1   0.03   2.8813178633436114
   0.1   0.03   4.566793888545383
   0.1   0.03   0.34936831649784544
   0.1   0.03   2.2175667945833175
   0.1   0.03   5.930827488786287
   0.1   0.03   0.6819206451598661
   0.1   0.03   0.7120290609027771
   0.1   0.03   3.045382517427733
   0.1   0.03   4.495435115432103
   0.1   0.03   0.7493149127810805
   0.1   0.03   4.772940384665026
   0.1   0.03   3.1435717974879736
   0.1   0.03   2.4293446659946722
   0.1   0.03   3.124978709593674
