   700
   7
   1.0
   0.1   0.03   5.587197538144112
   0.1   0.03   0.9759266402647826
   0.1   0.03   0.7340924648563818
   0.1   0.03   4.16971876072271
   0.1   0.03   5.102721892971762
   0.1   0.03   0.9748372397869741
   0.1   0.03   3.0368175376212694
   0.1   0.03   3.321368022971476
   0.1   0.03   1.8280202118701707
   0.1   0.03   1.0612120123966966
   0.1   0.03   3.8773342315392894
   0.1   0.03   3.401623414681068
   0.1   0.03   5.530386704471145
   0.1   0.03   0.12316542152699628
   0.1   0.03   2.6403362619186446
   0.1   0.03   2.0374335713606326
   0.1   0.03   3.8384743447213925
   0.1   0.03   4.767852746612163
   0.1   0.03   6.0099085860697254
   0.1   0.03   5.667837023569579
   0.1   0.03   0.8426581535997401
   0.1   0.03   3.883296797796898
   0.1   0.03   0.5674698993578547
   0.1   0.03   5.427603986419412
   0.1   0.03   0.02954320830016248
   0.1   0.03   2.5313841322839825
   0.1   0.03   2.0006527002631813
   0.1   0.03   5.621065047566678
   0.1   0.03   6.186642412559562
   0.1   0.03   0.2893366609166518
   0.1   0.03   3.3757741619310098
   0.1   0.03   2.12925885158818
   0.1   0.03   4.189587313162464
   0.1   0.03   5.870073175859544
   0.1   0.03   2.6815501918393823
   0.1   0.03   3.1238440244968975
   0.1   0.03   2.6719384488243305
   0.1   0.03   0.34544881638157793
   0.1   0.03   5.347357599748148
   0.1   0.03   2.6967714300073267
   0.1   0.03   4.290952551879172
   0.1   0.03   6.10128322254271
   0.1   0.03   1.1180405486324534
   0.1   0.03   0.8713567854796731
   0.1   0.03   4.73881407318469
   0.1   0.03   0.7783151653484263
   0.1   0.03   4.405136294384856
   0.1   0.03   0.9382003416459102
   0.1   0.03   0.4273830182461894
   0.1   0.03   6.22603756805104
   0.1   0.03   2.5890009434722048
   0.1   0.03   4.060961101442155
   0.1   0.03   2.5502824067635803
   0.1   0.03   1.1205103155201346
   0.1   0.03   1.3458972488902197
   0.1   0.03   3.4807620758674074
   0.1   0.03   5.654024826944257
   0.1   0.03   3.876911226620681
   0.1   0.03   1.8656696406227695
   0.1   0.03   0.9272262164600242
   0.1   0.03   5.823643417703086
   0.1   0.03   4.070801534086244
   0.1   0.03   4.994911659150153
   0.1   0.03   0.35512520360294747
   0.1   0.03   4.4531289386473025
   0.1   0.03   5.857107324900667
   0.1   0.03   0.2946843789056982
   0.1   0.03   5.063030461042856
   0.1   0.03   2.397620786439134
   0.1   0.03   5.046403550091737
   0.1   0.03   4.62578149981258
   0.1   0.03   2.2867771950887437
   0.1   0.03   3.3494309204209918
   0.1   0.03   5.572920573213698
   0.1   0.03   5.964765210159675
   0.1   0.03   3.2570301565268087
   0.1   0.03   4.543583686052265
   0.1   0.03   3.5457549180200005
   0.1   0.03   4.506890097193299
   0.1   0.03   1.7765410180687191
   0.1   0.03   1.8939035549365795
   0.1   0.03   0.7458534559571087
   0.1   0.03   5.789660746197157
   0.1   0.03   6.006981326953656
   0.1   0.03   5.741761182433066
   0.1   0.03   1.3961431535241655
   0.1   0.03   3.3783285107753915
   0.1   0.03   5.649639546332875
   0.1   0.03   2.8318984116074684
   0.1   0.03   4.6977341547743565
   0.1   0.03   0.44173737710589916
   0.1   0.03   3.598520916012569
   0.1   0.03   5.222975057854356
   0.1   0.03   4.796781195689349
   0.1   0.03   4.29588673669472
   0.1   0.03   5.580165769877845
   0.1   0.03   5.913299773795267
   0.1   0.03   6.0729899011103186
   0.1   0.03   6.145832746268418
   0.1   0.03   2.9177389990803926
   0.1   0.03   1.5366167409017961
   0.1   0.03   4.656439665328772
   0.1   0.03   3.6194269525163847
   0.1   0.03   5.996020005009222
   0.1   0.03   0.4881487645288898
   0.1   0.03   3.0790212341665035
   0.1   0.03   4.312009279850424
   0.1   0.03   1.2942235648964042
   0.1   0.03   2.489650287631298
   0.1   0.03   5.543313099669908
   0.1   0.03   3.7415265501504944
   0.1   0.03   4.145507241941442
   0.1   0.03   5.017920459068426
   0.1   0.03   1.135382560747989
   0.1   0.03   3.7690163548412445
   0.1   0.03   0.28628174171870213
   0.1   0.03   6.124441973864501
   0.1   0.03   5.48959402168882
   0.1   0.03   1.4752971315450123
   0.1   0.03   0.8899525018819671
   0.1   0.03   2.141499360776535
   0.1   0.03   2.623344806470431
   0.1   0.03   4.939949013557053
   0.1   0.03   0.528015399510839
   0.1   0.03   3.221790769386828
   0.1   0.03   0.11002516309144725
   0.1   0.03   6.12204812401625
   0.1   0.03   2.976970304551885
   0.1   0.03   2.780003199000789
   0.1   0.03   0.14865834262020866
   0.1   0.03   2.4475768496741117
   0.1   0.03   2.010142829651705
   0.1   0.03   3.1208519771548153
   0.1   0.03   4.383091074624427
   0.1   0.03   4.580180361898807
   0.1   0.03   4.252561551507964
   0.1   0.03   3.0964991998257294
   0.1   0.03   5.150683555018132
   0.1   0.03   0.8447948671380382
   0.1   0.03   4.321317906275539
   0.1   0.03   4.537027217240153
   0.1   0.03   5.332893407434079
   0.1   0.03   6.055794677933731
   0.1   0.03   3.9560457661814517
   0.1   0.03   1.8213174843328113
   0.1   0.03   0.7485946386320356
   0.1   0.03   0.8868920997747227
   0.1   0.03   2.9475038462262204
   0.1   0.03   4.275701350309111
   0.1   0.03   5.464781786228537
   0.1   0.03   5.19658568166633
   0.1   0.03   2.4321114899510983
   0.1   0.03   1.9802291589579133
   0.1   0.03   4.595864806016002
   0.1   0.03   3.2977204978205155
   0.1   0.03   4.430489990537239
   0.1   0.03   0.0804188502926461
   0.1   0.03   4.219340564671038
   0.1   0.03   5.634282090573546
   0.1   0.03   4.1296583779103875
   0.1   0.03   4.3149696834663755
   0.1   0.03   1.8284385258055305
   0.1   0.03   3.1544192516358573
   0.1   0.03   3.07602879161703
   0.1   0.03   1.9735616810722572
   0.1   0.03   5.041169870085011
   0.1   0.03   2.4474652861060986
   0.1   0.03   2.779234808855929
   0.1   0.03   1.2563775238870873
   0.1   0.03   6.134429122457456
   0.1   0.03   6.134819548916558
   0.1   0.03   1.7029457327675381
   0.1   0.03   5.1865320442504625
   0.1   0.03   5.282804899369203
   0.1   0.03   5.839767463479636
   0.1   0.03   0.6098921452046132
   0.1   0.03   0.7307761743464333
   0.1   0.03   5.889157742743757
   0.1   0.03   5.194661392534964
   0.1   0.03   3.415735019559042
   0.1   0.03   5.010945858868113
   0.1   0.03   3.1331388687790134
   0.1   0.03   1.4036870362223437
   0.1   0.03   1.9397399401851019
   0.1   0.03   3.8368678614058185
   0.1   0.03   6.25947936072505
   0.1   0.03   2.325823569432666
   0.1   0.03   3.48491795646194
   0.1   0.03   3.5262463289596484
   0.1   0.03   0.7818387372242022
   0.1   0.03   1.5216544927059146
   0.1   0.03   4.726689486143259
   0.1   0.03   0.23128597026442757
   0.1   0.03   2.7610285877781555
   0.1   0.03   4.537923292543697
   0.1   0.03   5.707049343609004
   0.1   0.03   3.7122442003663867
   0.1   0.03   3.451601086585886
   0.1   0.03   4.734769885482371
   0.1   0.03   2.6703013615659734
   0.1   0.03   2.649447938048982
   0.1   0.03   6.066146205528323
   0.1   0.03   0.174664976513252
   0.1   0.03   1.2224628360657466
   0.1   0.03   0.5922541532113887
   0.1   0.03   2.9345184695954725
   0.1   0.03   1.9228818358913107
   0.1   0.03   5.743261336780919
   0.1   0.03   5.329074258493799
   0.1   0.03   0.6700059492377871
   0.1   0.03   4.928524262287799
   0.1   0.03   0.1360850619068603
   0.1   0.03   5.756036602401529
   0.1   0.03   4.954658268938973
   0.1   0.03   0.06447061824787709
   0.1   0.03   0.6372122651249915
   0.1   0.03   4.00194226209405
   0.1   0.03   4.33659436995018
   0.1   0.03   4.59436479452271
   0.1   0.03   0.5123350326505507
   0.1   0.03   4.952473396266073
   0.1   0.03   4.170126897595604
   0.1   0.03   4.499664706169214
   0.1   0.03   0.37313690141411665
   0.1   0.03   3.061944391382433
   0.1   0.03   0.9763197250990315
   0.1   0.03   0.164500972997931
   0.1   0.03   0.7974017698575567
   0.1   0.03   1.340114540826093
   0.1   0.03   0.6942402458682062
   0.1   0.03   2.721487608038059
   0.1   0.03   0.8884616592306316
   0.1   0.03   6.203353922128351
   0.1   0.03   4.983089352290227
   0.1   0.03   4.296951867662168
   0.1   0.03   6.213362172765456
   0.1   0.03   3.2448186791754936
   0.1   0.03   2.789774939792356
   0.1   0.03   0.5744059858427525
   0.1   0.03   3.275852477535286
   0.1   0.03   0.9603655178970655
   0.1   0.03   1.4082981086056943
   0.1   0.03   3.1222506923883437
   0.1   0.03   0.08894846135108915
   0.1   0.03   5.340067587205469
   0.1   0.03   5.943367820682463
   0.1   0.03   6.230421306112207
   0.1   0.03   4.308876468019776
   0.1   0.03   5.698445490787345
   0.1   0.03   4.291604670763134
   0.1   0.03   5.7391141572778
   0.1   0.03   3.4590223713028965
   0.1   0.03   1.1699608700001756
   0.1   0.03   2.92977766876786
   0.1   0.03   3.3969982904826095
   0.1   0.03   3.9737579657577453
   0.1   0.03   4.134594419709049
   0.1   0.03   5.800269492424624
   0.1   0.03   3.7271830552841374
   0.1   0.03   2.26041473665309
   0.1   0.03   3.673836014806282
   0.1   0.03   5.648299696615497
   0.1   0.03   0.7642220833629885
   0.1   0.03   4.899030831519293
   0.1   0.03   2.4414655326761645
   0.1   0.03   5.089860175726372
   0.1   0.03   3.8678443508762306
   0.1   0.03   0.5446705705780837
   0.1   0.03   1.6767791222366586
   0.1   0.03   4.535748553057895
   0.1   0.03   1.2251454243644795
   0.1   0.03   5.27842839919589
   0.1   0.03   5.738108417996037
   0.1   0.03   5.777023193275183
   0.1   0.03   3.5252366325588826
   0.1   0.03   1.0265073701928242
   0.1   0.03   1.7925696192783083
   0.1   0.03   0.2763409041700051
   0.1   0.03   6.151045586342721
   0.1   0.03   1.0195172729278774
   0.1   0.03   1.367427641564231
   0.1   0.03   4.432716562477715
   0.1   0.03   5.905002301250537
   0.1   0.03   4.884115787894766
   0.1   0.03   5.163503301495507
   0.1   0.03   5.338557436730197
   0.1   0.03   1.928113820691806
   0.1   0.03   1.8550073825030096
   0.1   0.03   0.23212876294370954
   0.1   0.03   0.3582759863794666
   0.1   0.03   4.333147416954589
   0.1   0.03   4.917707793736481
   0.1   0.03   2.5101952617497507
   0.1   0.03   2.4044618959499733
   0.1   0.03   3.196591403737454
   0.1   0.03   4.892615388401503
   0.1   0.03   0.5361649355377626
   0.1   0.03   1.9288140627476602
   0.1   0.03   4.498242110792239
   0.1   0.03   4.292178946574553
   0.1   0.03   3.4202159609915124
   0.1   0.03   5.407377806835782
   0.1   0.03   2.609502249637068
   0.1   0.03   2.5970429582727506
   0.1   0.03   3.7432716593189594
   0.1   0.03   0.07606826199905345
   0.1   0.03   4.374542136581711
   0.1   0.03   0.4127708494261387
   0.1   0.03   4.277880228880052
   0.1   0.03   6.039874683881037
   0.1   0.03   5.224556045953065
   0.1   0.03   3.237468489562462
   0.1   0.03   0.5066783101436926
   0.1   0.03   0.4341240073144269
   0.1   0.03   3.9108571694349794
   0.1   0.03   0.7171222646311772
   0.1   0.03   1.870231323238787
   0.1   0.03   4.855043281361912
   0.1   0.03   0.4879599899992332
   0.1   0.03   5.705627401858723
   0.1   0.03   2.974509605288787
   0.1   0.03   6.180312170982592
   0.1   0.03   5.0434519989318325
   0.1   0.03   0.507814803253431
   0.1   0.03   4.195427720600841
   0.1   0.03   0.9291965364369692
   0.1   0.03   2.799828006430817
   0.1   0.03   4.127252724413512
   0.1   0.03   0.38425968135769495
   0.1   0.03   2.254003993982828
   0.1   0.03   1.8611740214426942
   0.1   0.03   5.316763200172307
   0.1   0.03   4.136906432019309
   0.1   0.03   4.120491512522936
   0.1   0.03   4.195145831313714
   0.1   0.03   5.012657331170481
   0.1   0.03   5.457040255884728
   0.1   0.03   5.773196490058396
   0.1   0.03   0.020910595612598823
   0.1   0.03   5.934411961441074
   0.1   0.03   2.6180138249305123
   0.1   0.03   3.5818703028069776
   0.1   0.03   4.687499330430528
   0.1   0.03   3.5639272405706546
   0.1   0.03   2.5315389339449963
   0.1   0.03   3.995350203970987
   0.1   0.03   5.5513086387977335
   0.1   0.03   4.303048807696254
   0.1   0.03   6.059774044404911
   0.1   0.03   3.6867040221336995
   0.1   0.03   4.6502282315254915
   0.1   0.03   5.55706756929257
   0.1   0.03   5.789094423593262
   0.1   0.03   4.8635959861731815
   0.1   0.03   0.15171168740527646
   0.1   0.03   1.5487889324632313
   0.1   0.03   6.216669908896013
   0.1   0.03   1.3352796291499676
   0.1   0.03   2.2601021911136794
   0.1   0.03   0.5758652647037826
   0.1   0.03   3.952305110631232
   0.1   0.03   5.776809526079945
   0.1   0.03   3.3454715234334813
   0.1   0.03   5.510837547317024
   0.1   0.03   2.3015891205950747
   0.1   0.03   0.09254730250044645
   0.1   0.03   2.9002930398366904
   0.1   0.03   1.2901446024355714
   0.1   0.03   2.950169520662104
   0.1   0.03   1.95211409530106
   0.1   0.03   2.975141179502183
   0.1   0.03   3.60010284552327
   0.1   0.03   1.2181805223908706
   0.1   0.03   1.098715195930579
   0.1   0.03   5.007921587016602
   0.1   0.03   1.1481037606305866
   0.1   0.03   2.622437362859732
   0.1   0.03   0.23953346949290497
   0.1   0.03   2.0535619392183704
   0.1   0.03   5.469658298433531
   0.1   0.03   2.404698083702492
   0.1   0.03   0.22966567730628312
   0.1   0.03   3.8204767460293376
   0.1   0.03   6.016112158115169
   0.1   0.03   2.717240611134674
   0.1   0.03   5.819316530999347
   0.1   0.03   4.29905334797877
   0.1   0.03   3.939751580240551
   0.1   0.03   0.49695049792220386
   0.1   0.03   3.705406929835151
   0.1   0.03   5.780715826080745
   0.1   0.03   1.5604369354174787
   0.1   0.03   3.059980850344788
   0.1   0.03   1.048732176808136
   0.1   0.03   1.0147546767386009
   0.1   0.03   5.783750009548943
   0.1   0.03   2.889653538231132
   0.1   0.03   0.5173501092640466
   0.1   0.03   3.9481566574623956
   0.1   0.03   2.4794996029131235
   0.1   0.03   2.04135805749122
   0.1   0.03   0.12778126757203717
   0.1   0.03   4.693403713882258
   0.1   0.03   2.808870672351036
   0.1   0.03   4.297619236917176
   0.1   0.03   1.2619973071672663
   0.1   0.03   4.56614523188981
   0.1   0.03   4.540424912630341
   0.1   0.03   5.426404649165564
   0.1   0.03   0.930288610905644
   0.1   0.03   0.37045016094839045
   0.1   0.03   0.2805614781046596
   0.1   0.03   0.21907810714650103
   0.1   0.03   3.2120135657814104
   0.1   0.03   1.7255321201180884
   0.1   0.03   1.2364488206812023
   0.1   0.03   2.50852067628928
   0.1   0.03   2.4928235956984057
   0.1   0.03   1.478458778445679
   0.1   0.03   1.3987186131873897
   0.1   0.03   3.3937185922880677
   0.1   0.03   0.6370470447247143
   0.1   0.03   5.9819050377070155
   0.1   0.03   2.2578747029655504
   0.1   0.03   0.15019122661018727
   0.1   0.03   0.6140991906919143
   0.1   0.03   2.685883358207086
   0.1   0.03   5.184345803897545
   0.1   0.03   3.786070877895493
   0.1   0.03   3.877827732199737
   0.1   0.03   1.8762635099633047
   0.1   0.03   5.10643544938325
   0.1   0.03   5.7609348330234935
   0.1   0.03   1.2519987991868164
   0.1   0.03   0.7652031665030327
   0.1   0.03   1.307839644584776
   0.1   0.03   2.6912271297154158
   0.1   0.03   0.8319419115257223
   0.1   0.03   6.189526812969169
   0.1   0.03   4.700608735298381
   0.1   0.03   2.630275314669725
   0.1   0.03   5.01158541386161
   0.1   0.03   4.778800842088598
   0.1   0.03   3.509548331416602
   0.1   0.03   1.8032688537577553
   0.1   0.03   3.425595481432476
   0.1   0.03   4.491390799789818
   0.1   0.03   1.7265173580034225
   0.1   0.03   0.30343729653399837
   0.1   0.03   5.552835357598615
   0.1   0.03   2.4240535784312174
   0.1   0.03   1.4712251989887803
   0.1   0.03   5.586759553615713
   0.1   0.03   2.7740181714637524
   0.1   0.03   3.7873684075527114
   0.1   0.03   3.4757774639321224
   0.1   0.03   5.497219768887853
   0.1   0.03   2.3353397814385537
   0.1   0.03   1.7463511757151085
   0.1   0.03   1.594326240336989
   0.1   0.03   2.6146754493157314
   0.1   0.03   3.8791566163110915
   0.1   0.03   0.8156801362217222
   0.1   0.03   6.1992602962371075
   0.1   0.03   5.668527906042718
   0.1   0.03   4.55527305490922
   0.1   0.03   5.105769869412802
   0.1   0.03   1.9862540521368748
   0.1   0.03   6.204282178348257
   0.1   0.03   4.4080153082024776
   0.1   0.03   0.12527074321494114
   0.1   0.03   6.125202263011039
   0.1   0.03   2.370167549011874
   0.1   0.03   4.700720069985282
   0.1   0.03   0.04859918714833643
   0.1   0.03   6.137048523767932
   0.1   0.03   3.7754009836294866
   0.1   0.03   3.5772867352108273
   0.1   0.03   4.008731794251067
   0.1   0.03   6.179485857804121
   0.1   0.03   1.1524161501923038
   0.1   0.03   2.2532192092012515
   0.1   0.03   3.0402285778840694
   0.1   0.03   5.4106321508363395
   0.1   0.03   5.218315699634858
   0.1   0.03   3.0770065267880016
   0.1   0.03   4.748848418416285
   0.1   0.03   5.866261086359443
   0.1   0.03   4.569754277527693
   0.1   0.03   2.5545405565107675
   0.1   0.03   5.0911433098824315
   0.1   0.03   0.2755902128902983
   0.1   0.03   5.138244711526613
   0.1   0.03   1.2358708799826126
   0.1   0.03   4.92510855300746
   0.1   0.03   1.036992268773582
   0.1   0.03   6.157456136512426
   0.1   0.03   5.393107333158965
   0.1   0.03   2.8873933004236143
   0.1   0.03   6.107553733748855
   0.1   0.03   2.1397385052150932
   0.1   0.03   2.0512126462935347
   0.1   0.03   5.132705837972657
   0.1   0.03   2.9972488674528788
   0.1   0.03   3.663091057284689
   0.1   0.03   5.718453662405866
   0.1   0.03   5.297984797633906
   0.1   0.03   3.5324265676721627
   0.1   0.03   6.256857366227242
   0.1   0.03   5.7287561761049455
   0.1   0.03   0.5683364494925616
   0.1   0.03   0.006765722261129075
   0.1   0.03   1.1232991652724371
   0.1   0.03   5.330163985992548
   0.1   0.03   0.9502232269704635
   0.1   0.03   2.1956026069758297
   0.1   0.03   4.904891510401046
   0.1   0.03   5.496736536867955
   0.1   0.03   4.375139291617151
   0.1   0.03   5.710578584086581
   0.1   0.03   2.362931272279317
   0.1   0.03   4.542611703841112
   0.1   0.03   6.08172369038822
   0.1   0.03   5.138814995875289
   0.1   0.03   3.8134466854256908
   0.1   0.03   4.463396048691163
   0.1   0.03   4.1125934372845485
   0.1   0.03   1.3178290089052536
   0.1   0.03   0.06443450650786971
   0.1   0.03   0.9462742292130768
   0.1   0.03   5.572516567891355
   0.1   0.03   1.8290625477524396
   0.1   0.03   3.3609127312549085
   0.1   0.03   5.025811456978732
   0.1   0.03   4.332209572120627
   0.1   0.03   0.8890474144541214
   0.1   0.03   3.8252783555145236
   0.1   0.03   5.107650319368205
   0.1   0.03   3.7553398263946987
   0.1   0.03   0.07433201703755701
   0.1   0.03   4.778991014499456
   0.1   0.03   0.3070274387801228
   0.1   0.03   1.9345649350030545
   0.1   0.03   5.707804660751287
   0.1   0.03   1.3955595308840578
   0.1   0.03   2.9391825060627355
   0.1   0.03   1.049137624240125
   0.1   0.03   1.817483626597323
   0.1   0.03   4.03667081380344
   0.1   0.03   4.952452579748949
   0.1   0.03   0.1646322159448298
   0.1   0.03   4.84090837916996
   0.1   0.03   0.18613906741569136
   0.1   0.03   3.3865077382690876
   0.1   0.03   3.0581146428512236
   0.1   0.03   5.299649113066824
   0.1   0.03   1.898883113829768
   0.1   0.03   0.8244530711548447
   0.1   0.03   5.310322247216085
   0.1   0.03   4.632929521974378
   0.1   0.03   2.3987439304729072
   0.1   0.03   3.7750699366687734
   0.1   0.03   0.7034773045247288
   0.1   0.03   4.557954807828081
   0.1   0.03   3.677186604023157
   0.1   0.03   1.430510201904138
   0.1   0.03   2.0054481194298166
   0.1   0.03   2.336598081367554
   0.1   0.03   1.1781269219105404
   0.1   0.03   2.038637879436188
   0.1   0.03   6.0390643711816745
   0.1   0.03   2.775474835528816
   0.1   0.03   2.610194541714306
   0.1   0.03   0.6681343470641294
   0.1   0.03   5.140071567491117
   0.1   0.03   2.8637843011439057
   0.1   0.03   5.075758073585286
   0.1   0.03   4.410690442127505
   0.1   0.03   3.7781824455326154
   0.1   0.03   1.0234480976204356
   0.1   0.03   5.214099063098228
   0.1   0.03   0.2971252055456383
   0.1   0.03   5.208657207689953
   0.1   0.03   3.283382150325918
   0.1   0.03   5.437543171195757
   0.1   0.03   3.863172444852362
   0.1   0.03   0.5722177133868401
   0.1   0.03   0.9048123702438386
   0.1   0.03   1.4348149752400081
   0.1   0.03   4.24448227821174
   0.1   0.03   2.4883686215748173
   0.1   0.03   3.210104404101494
   0.1   0.03   3.960787673329782
   0.1   0.03   0.3956971344916337
   0.1   0.03   3.794009732642448
   0.1   0.03   4.6302384612712695
   0.1   0.03   3.915544354945668
   0.1   0.03   1.3649588766816008
   0.1   0.03   0.28500468505825943
   0.1   0.03   0.2680275847844375
   0.1   0.03   5.6081227246147565
   0.1   0.03   3.9021792252111243
   0.1   0.03   1.910812782801636
   0.1   0.03   3.9118274370387462
   0.1   0.03   5.8042101405861555
   0.1   0.03   3.8333484197188925
   0.1   0.03   4.984058368914164
   0.1   0.03   0.49856264712697856
   0.1   0.03   3.0174240587975665
   0.1   0.03   5.894972831296702
   0.1   0.03   1.2529113729056611
   0.1   0.03   0.8959142349699902
   0.1   0.03   3.4057084774005477
   0.1   0.03   2.57026746339089
   0.1   0.03   0.5337677809471995
   0.1   0.03   6.038280020441037
   0.1   0.03   5.250296286077887
   0.1   0.03   2.1851667376471853
   0.1   0.03   5.9087452553059
   0.1   0.03   5.396252039113946
   0.1   0.03   5.36005683470295
   0.1   0.03   4.26689840251983
   0.1   0.03   4.787900174851852
   0.1   0.03   0.5114884759292511
   0.1   0.03   1.9296690220933734
   0.1   0.03   5.675223457452131
   0.1   0.03   4.977392857579041
   0.1   0.03   4.525129292481674
   0.1   0.03   1.8637947509501402
   0.1   0.03   1.9856773457622847
   0.1   0.03   2.547544855204861
   0.1   0.03   4.418739166885077
   0.1   0.03   0.4320782039775171
   0.1   0.03   2.5573141803678348
   0.1   0.03   1.5641205303605372
   0.1   0.03   2.9217342640517296
   0.1   0.03   0.9696800846915795
   0.1   0.03   3.061685464730714
   0.1   0.03   4.101325723723118
   0.1   0.03   4.196261165653893
   0.1   0.03   5.19403117796084
   0.1   0.03   1.5602438044214373
   0.1   0.03   0.09499128973692368
   0.1   0.03   0.8700206684687084
   0.1   0.03   1.8094781395471327
   0.1   0.03   0.8392507092094472
   0.1   0.03   2.112157684605895
   0.1   0.03   0.015095464759387339
   0.1   0.03   4.541397918184297
   0.1   0.03   0.7330209026164374
   0.1   0.03   2.044207043669945
   0.1   0.03   5.363797304914944
   0.1   0.03   2.3501101253062324
   0.1   0.03   4.543736717106486
   0.1   0.03   3.3933291962640566
   0.1   0.03   4.269267882462186
   0.1   0.03   0.6056371801342274
   0.1   0.03   5.7000014429184995
   0.1   0.03   5.189989592686718
   0.1   0.03   1.1015530566502911
   0.1   0.03   2.63414532421122
   0.1   0.03   4.398250612413349
   0.1   0.03   5.811407776232371
   0.1   0.03   0.20231952312119839
   0.1   0.03   0.08094527646078989
   0.1   0.03   2.415479278061439
   0.1   0.03   3.0856034496730707
   0.1   0.03   4.74307648749044
   0.1   0.03   3.7255315845554
   0.1   0.03   1.9932087110556003
   0.1   0.03   5.752561685861517
   0.1   0.03   3.6392053632783337
   0.1   0.03   4.527730008886746
   0.1   0.03   2.6446878791956134
   0.1   0.03   1.852472237530793
   0.1   0.03   0.6050831881110729
   0.1   0.03   4.152251275230863
   0.1   0.03   5.009640730728469
   0.1   0.03   3.7791678459504574
   0.1   0.03   1.653434667366521
   0.1   0.03   2.79949707791767
   0.1   0.03   5.508825583918877
   0.1   0.03   3.8581021397559536
   0.1   0.03   3.6500195256863126
   0.1   0.03   3.4915761735801727
   0.1   0.03   0.06524235869693741
   0.1   0.03   2.807113613399735
   0.1   0.03   2.242647527942566
   0.1   0.03   1.1569601144318453
   0.1   0.03   2.745848993710502
   0.1   0.03   3.6600992153416083
   0.1   0.03   0.8213708740531358
   0.1   0.03   5.464831723378819
   0.1   0.03   0.7043960564136871
   0.1   0.03   0.9881792720517967
   0.1   0.03   3.4000212196599207
   0.1   0.03   2.5402754965843894
   0.1   0.03   6.11312785279972
   0.1   0.03   5.469251053891489
   0.1   0.03   0.8716776033591673
