   550
   7
   0.1
   0.1   0.03   3.471738047090846
   0.1   0.03   4.445906998836898
   0.1   0.03   4.2465496989693685
   0.1   0.03   2.2005157769212755
   0.1   0.03   0.6897128703609766
   0.1   0.03   4.917934563444951
   0.1   0.03   3.4314597579863713
   0.1   0.03   0.9013557993354615
   0.1   0.03   6.0733100393717505
   0.1   0.03   1.784239135873889
   0.1   0.03   1.056442523860778
   0.1   0.03   5.246843835388355
   0.1   0.03   3.981805689053179
   0.1   0.03   0.18318222577893636
   0.1   0.03   2.388856016544965
   0.1   0.03   1.7305705677646268
   0.1   0.03   1.1482645824366584
   0.1   0.03   1.9952008820440732
   0.1   0.03   1.0135984729388279
   0.1   0.03   2.375552366285462
   0.1   0.03   0.8755591098811234
   0.1   0.03   4.161743008240338
   0.1   0.03   3.445409613345398
   0.1   0.03   5.113521972207577
   0.1   0.03   2.3820321847644412
   0.1   0.03   4.353581931207684
   0.1   0.03   4.884394005721845
   0.1   0.03   1.2802290095444118
   0.1   0.03   1.1391019690365345
   0.1   0.03   4.938982545748692
   0.1   0.03   1.952686618605833
   0.1   0.03   4.944638337442413
   0.1   0.03   0.5331256995129238
   0.1   0.03   5.398386507489708
   0.1   0.03   3.009856188980384
   0.1   0.03   0.722562989052857
   0.1   0.03   0.5450008411822616
   0.1   0.03   1.7845559563618383
   0.1   0.03   2.762154756860536
   0.1   0.03   0.34759950254352134
   0.1   0.03   0.15202205492274412
   0.1   0.03   0.4204399771721771
   0.1   0.03   0.2233409851473815
   0.1   0.03   1.7259282402630596
   0.1   0.03   4.339572484915758
   0.1   0.03   1.7613817538053587
   0.1   0.03   5.794144875581021
   0.1   0.03   2.619218778627295
   0.1   0.03   2.1953885232388313
   0.1   0.03   1.4360729846489195
   0.1   0.03   0.14418189847269178
   0.1   0.03   2.4462616913345774
   0.1   0.03   5.210108665156254
   0.1   0.03   6.178511946638243
   0.1   0.03   6.1201893832833
   0.1   0.03   3.3317806283095046
   0.1   0.03   1.9697635189268667
   0.1   0.03   4.618053379814105
   0.1   0.03   4.536947324212025
   0.1   0.03   5.902684983277554
   0.1   0.03   1.6774789814238142
   0.1   0.03   5.467474686444117
   0.1   0.03   5.343510856876534
   0.1   0.03   5.818313900675967
   0.1   0.03   4.294555581357425
   0.1   0.03   5.088561308203878
   0.1   0.03   3.3153325838875904
   0.1   0.03   2.206079256352699
   0.1   0.03   6.182301417313519
   0.1   0.03   2.6324601178502474
   0.1   0.03   1.217310573438541
   0.1   0.03   3.924590679977218
   0.1   0.03   2.7963527827157812
   0.1   0.03   1.470155457964925
   0.1   0.03   1.4555476397150033
   0.1   0.03   1.5919533858970665
   0.1   0.03   6.270032703317624
   0.1   0.03   5.314109031698405
   0.1   0.03   5.692704949506306
   0.1   0.03   0.8275535105336143
   0.1   0.03   3.7642227901218015
   0.1   0.03   3.276523392217397
   0.1   0.03   4.991150002619288
   0.1   0.03   1.355997597498939
   0.1   0.03   0.9307636407904136
   0.1   0.03   3.475683210034209
   0.1   0.03   4.928883455332731
   0.1   0.03   5.211035464887401
   0.1   0.03   0.637294368920198
   0.1   0.03   5.5301141744828435
   0.1   0.03   2.9294064747390967
   0.1   0.03   3.8393665455307935
   0.1   0.03   3.242442365991882
   0.1   0.03   1.5566745974593375
   0.1   0.03   2.5635249542770744
   0.1   0.03   0.20910247969687856
   0.1   0.03   1.5454462756380292
   0.1   0.03   3.3787049954824036
   0.1   0.03   2.349618983671305
   0.1   0.03   3.119604893799887
   0.1   0.03   2.5680080193130044
   0.1   0.03   5.863705175025333
   0.1   0.03   0.08578257370462636
   0.1   0.03   1.4786652258688655
   0.1   0.03   0.2664312000608919
   0.1   0.03   1.6732230312874738
   0.1   0.03   5.868640949525784
   0.1   0.03   4.147183388218017
   0.1   0.03   0.5082399953777273
   0.1   0.03   1.4862552476587763
   0.1   0.03   2.2028020830329487
   0.1   0.03   1.8913521526937636
   0.1   0.03   2.44504105317637
   0.1   0.03   1.172686491196661
   0.1   0.03   4.4419830376851275
   0.1   0.03   1.4083350634314027
   0.1   0.03   3.9050616612809863
   0.1   0.03   4.861037787266924
   0.1   0.03   4.714640564309234
   0.1   0.03   4.029292947097443
   0.1   0.03   0.5792312456634109
   0.1   0.03   1.1615893707139118
   0.1   0.03   3.4910362038831972
   0.1   0.03   2.8453107231766084
   0.1   0.03   4.27409959062441
   0.1   0.03   3.2194791207192033
   0.1   0.03   5.664658253253617
   0.1   0.03   3.9482494454662675
   0.1   0.03   0.1940331823610004
   0.1   0.03   3.287184134109108
   0.1   0.03   1.386766879460269
   0.1   0.03   4.123593778093939
   0.1   0.03   6.032021498096828
   0.1   0.03   2.130606819760586
   0.1   0.03   0.42184659437298244
   0.1   0.03   4.870628953330123
   0.1   0.03   0.1329513739916232
   0.1   0.03   2.994913556631298
   0.1   0.03   4.253860971663884
   0.1   0.03   2.1187847831393074
   0.1   0.03   4.092153299357968
   0.1   0.03   1.7985844940363482
   0.1   0.03   4.603755560560807
   0.1   0.03   2.8116348013193178
   0.1   0.03   1.1133395261837893
   0.1   0.03   0.4933353333823517
   0.1   0.03   5.550448972675382
   0.1   0.03   6.119772788701005
   0.1   0.03   1.468233627241814
   0.1   0.03   0.8050787476802664
   0.1   0.03   5.806223377528673
   0.1   0.03   0.8099406579918087
   0.1   0.03   5.165713127475867
   0.1   0.03   1.9188269956518285
   0.1   0.03   4.962608878486607
   0.1   0.03   0.5324186664935556
   0.1   0.03   2.017323405550449
   0.1   0.03   1.893739665013865
   0.1   0.03   4.287500869388307
   0.1   0.03   3.1909197502477595
   0.1   0.03   1.5636755735197265
   0.1   0.03   1.790710479120427
   0.1   0.03   4.493560027692195
   0.1   0.03   2.934335630974365
   0.1   0.03   2.98828556717828
   0.1   0.03   2.2480521370533264
   0.1   0.03   2.7322673369674364
   0.1   0.03   5.69311124932745
   0.1   0.03   5.536973619830273
   0.1   0.03   2.250085859350882
   0.1   0.03   2.879667437320199
   0.1   0.03   4.760578340599972
   0.1   0.03   1.0466673127407922
   0.1   0.03   2.5500971442151603
   0.1   0.03   1.570574348810173
   0.1   0.03   5.142588205903583
   0.1   0.03   4.002690584586134
   0.1   0.03   0.48275266582043064
   0.1   0.03   4.752987068592228
   0.1   0.03   4.444274287042577
   0.1   0.03   1.8848810410268944
   0.1   0.03   1.5635209244786945
   0.1   0.03   1.3488828785317069
   0.1   0.03   3.66520278262143
   0.1   0.03   3.4123902525408374
   0.1   0.03   2.961100803063374
   0.1   0.03   5.99221066658261
   0.1   0.03   5.115011299435522
   0.1   0.03   6.247812365728871
   0.1   0.03   1.103470700518055
   0.1   0.03   2.654784021771947
   0.1   0.03   2.847038583089037
   0.1   0.03   5.675886346935264
   0.1   0.03   1.046943688609152
   0.1   0.03   6.239259562088614
   0.1   0.03   1.325043675446114
   0.1   0.03   3.3234543952215696
   0.1   0.03   3.844757460809973
   0.1   0.03   1.9509771495358232
   0.1   0.03   3.6737530843275716
   0.1   0.03   3.586894871356056
   0.1   0.03   1.1476922510363412
   0.1   0.03   0.5986092892463108
   0.1   0.03   5.976917123520945
   0.1   0.03   4.018960338174017
   0.1   0.03   0.5566737224183145
   0.1   0.03   2.094429098525853
   0.1   0.03   4.517544836985183
   0.1   0.03   0.7820224938061155
   0.1   0.03   3.127139820509225
   0.1   0.03   4.6381868267269954
   0.1   0.03   0.5509034163326209
   0.1   0.03   3.7000390975661688
   0.1   0.03   1.4723552282910937
   0.1   0.03   1.3387686444465465
   0.1   0.03   3.5776514626360365
   0.1   0.03   0.003495569186898234
   0.1   0.03   4.455293333981751
   0.1   0.03   5.018659323106883
   0.1   0.03   1.1775137427398013
   0.1   0.03   4.303463654342837
   0.1   0.03   4.708556048853498
   0.1   0.03   1.5869895107225258
   0.1   0.03   1.1847061873780633
   0.1   0.03   5.537787609566057
   0.1   0.03   2.3383357759656014
   0.1   0.03   6.10888799532425
   0.1   0.03   1.13136915136851
   0.1   0.03   1.1085768474765965
   0.1   0.03   3.5676194492097313
   0.1   0.03   2.8341070801047135
   0.1   0.03   5.233265117126866
   0.1   0.03   5.591695892449642
   0.1   0.03   5.339711096503058
   0.1   0.03   5.224104378649417
   0.1   0.03   4.282845414188255
   0.1   0.03   4.387303512145246
   0.1   0.03   4.177328131253244
   0.1   0.03   2.5756954058264325
   0.1   0.03   0.595314038398472
   0.1   0.03   2.4691774770713883
   0.1   0.03   4.742266500898086
   0.1   0.03   0.871134878720851
   0.1   0.03   1.1899578913618187
   0.1   0.03   4.360149653762042
   0.1   0.03   1.3623749221370653
   0.1   0.03   1.6794684579510928
   0.1   0.03   2.0179973330295056
   0.1   0.03   2.9034169777686816
   0.1   0.03   1.9854471999995085
   0.1   0.03   1.7257178576767007
   0.1   0.03   4.9775313240185355
   0.1   0.03   3.084768564200081
   0.1   0.03   0.4420680887084631
   0.1   0.03   0.9383107182300321
   0.1   0.03   3.703520029037601
   0.1   0.03   1.8499184389312362
   0.1   0.03   1.5867706951725313
   0.1   0.03   5.6377532748521935
   0.1   0.03   1.8277113386049753
   0.1   0.03   5.996614520123191
   0.1   0.03   4.573677390343801
   0.1   0.03   5.50988802531806
   0.1   0.03   4.764726321970345
   0.1   0.03   0.9003922237067101
   0.1   0.03   6.191318217789274
   0.1   0.03   1.212531837704334
   0.1   0.03   5.485496571270936
   0.1   0.03   5.622075002685452
   0.1   0.03   1.9289605473352465
   0.1   0.03   5.753278128233996
   0.1   0.03   2.2941252524402698
   0.1   0.03   3.517042447285406
   0.1   0.03   1.6982868775594988
   0.1   0.03   2.104486354379856
   0.1   0.03   4.629900644837256
   0.1   0.03   4.121643087492491
   0.1   0.03   1.1285731150982272
   0.1   0.03   5.074827007753616
   0.1   0.03   2.4345638169952206
   0.1   0.03   6.255878274900699
   0.1   0.03   3.66585534988277
   0.1   0.03   0.0671045525717094
   0.1   0.03   1.9391999781185194
   0.1   0.03   3.510963141556624
   0.1   0.03   1.567049203740035
   0.1   0.03   3.6034113630042124
   0.1   0.03   0.8795807228297295
   0.1   0.03   0.43528307319675347
   0.1   0.03   5.288557134107967
   0.1   0.03   0.8335832263637807
   0.1   0.03   5.957509705687697
   0.1   0.03   0.7925339366900158
   0.1   0.03   0.46013062933781496
   0.1   0.03   5.165718656383091
   0.1   0.03   5.182790621696212
   0.1   0.03   0.27687409448565403
   0.1   0.03   1.8209686448481897
   0.1   0.03   0.5975301701087188
   0.1   0.03   1.8035467573362312
   0.1   0.03   1.6689026054043605
   0.1   0.03   1.7869458887288736
   0.1   0.03   3.5056173053984363
   0.1   0.03   3.1804393740586354
   0.1   0.03   2.0191442282231664
   0.1   0.03   3.9985370603620978
   0.1   0.03   1.1948492059873577
   0.1   0.03   3.731456561290513
   0.1   0.03   5.247133353051582
   0.1   0.03   0.1535217261171755
   0.1   0.03   5.79344834718345
   0.1   0.03   3.3135577709830235
   0.1   0.03   6.26984494995258
   0.1   0.03   4.842649880742638
   0.1   0.03   0.29592909106415693
   0.1   0.03   5.097854489482023
   0.1   0.03   1.6797184686490723
   0.1   0.03   2.139496778191874
   0.1   0.03   2.245422624396499
   0.1   0.03   4.029964133266892
   0.1   0.03   4.956010237910266
   0.1   0.03   4.037920320538999
   0.1   0.03   1.3021981379289373
   0.1   0.03   1.0015910863387891
   0.1   0.03   1.1251586987738298
   0.1   0.03   4.7474485596654095
   0.1   0.03   5.872400309576963
   0.1   0.03   2.344577934377736
   0.1   0.03   5.447320777910238
   0.1   0.03   0.8617162669804678
   0.1   0.03   1.2473121777728526
   0.1   0.03   2.822947380376318
   0.1   0.03   0.8848997463577658
   0.1   0.03   2.941479130094362
   0.1   0.03   5.2047900145761465
   0.1   0.03   2.4108551971551893
   0.1   0.03   2.636484642629242
   0.1   0.03   0.16364768055642226
   0.1   0.03   4.538632085673688
   0.1   0.03   3.1588773926943756
   0.1   0.03   0.20603755528455858
   0.1   0.03   5.584731075283288
   0.1   0.03   1.1367363998353943
   0.1   0.03   5.376508217838
   0.1   0.03   6.10985450023888
   0.1   0.03   2.0652986679786682
   0.1   0.03   5.131294901295819
   0.1   0.03   2.0181572745963843
   0.1   0.03   4.163996506386315
   0.1   0.03   2.957181610914417
   0.1   0.03   5.293850425762938
   0.1   0.03   1.0665783980942174
   0.1   0.03   4.917623234877752
   0.1   0.03   4.169956913039113
   0.1   0.03   0.6784973305281818
   0.1   0.03   5.649165903481864
   0.1   0.03   3.5924831131150934
   0.1   0.03   0.25186965661037153
   0.1   0.03   4.563241316550035
   0.1   0.03   2.4572877315576234
   0.1   0.03   5.351150652257029
   0.1   0.03   2.6605906655386184
   0.1   0.03   3.241443908700522
   0.1   0.03   5.191600251980216
   0.1   0.03   1.2802161266937937
   0.1   0.03   0.540643972067376
   0.1   0.03   4.809554193739829
   0.1   0.03   2.112069765222845
   0.1   0.03   2.2456164034856685
   0.1   0.03   5.367860505622275
   0.1   0.03   0.14683718647323096
   0.1   0.03   0.4628908066965715
   0.1   0.03   5.428288556047842
   0.1   0.03   4.483695480270709
   0.1   0.03   4.477731628162199
   0.1   0.03   1.4989436360669597
   0.1   0.03   3.507588204766047
   0.1   0.03   2.3457136936316534
   0.1   0.03   2.362957277025459
   0.1   0.03   3.813988335891812
   0.1   0.03   0.8974061668800363
   0.1   0.03   1.3801515855232007
   0.1   0.03   1.6814244045779767
   0.1   0.03   1.7854132877692648
   0.1   0.03   2.9432185051994986
   0.1   0.03   4.425720256399215
   0.1   0.03   5.176909281641945
   0.1   0.03   4.542285495102918
   0.1   0.03   4.592820547850602
   0.1   0.03   3.1260307985080655
   0.1   0.03   1.7166996625631363
   0.1   0.03   3.357498601634552
   0.1   0.03   5.378695459216955
   0.1   0.03   4.181510121149962
   0.1   0.03   1.6856785390996312
   0.1   0.03   1.5839415941720945
   0.1   0.03   5.029495156176922
   0.1   0.03   4.570648100692472
   0.1   0.03   6.07785714126671
   0.1   0.03   0.04845032676607244
   0.1   0.03   2.290256303319489
   0.1   0.03   4.331991744025248
   0.1   0.03   2.6888716217099797
   0.1   0.03   0.15037175919249074
   0.1   0.03   2.381065821204925
   0.1   0.03   0.37758696399918507
   0.1   0.03   3.3220764749058684
   0.1   0.03   5.898978753158608
   0.1   0.03   5.076979166124717
   0.1   0.03   2.572229001786539
   0.1   0.03   5.575445425940653
   0.1   0.03   1.4913522390272356
   0.1   0.03   2.462207965331858
   0.1   0.03   1.5715877059242844
   0.1   0.03   2.5499683233062216
   0.1   0.03   3.045176360048186
   0.1   0.03   5.91932823129638
   0.1   0.03   5.604026744229793
   0.1   0.03   0.8807854017526404
   0.1   0.03   3.97161700123196
   0.1   0.03   1.8771914684148912
   0.1   0.03   2.8066875436107743
   0.1   0.03   1.0434506315531882
   0.1   0.03   2.494003145127484
   0.1   0.03   1.6310027732351353
   0.1   0.03   2.1958068811094393
   0.1   0.03   6.230327834412741
   0.1   0.03   3.802692729930068
   0.1   0.03   3.138203073550787
   0.1   0.03   3.7581879687094553
   0.1   0.03   5.36784209205016
   0.1   0.03   2.709958468834754
   0.1   0.03   3.8541389257998846
   0.1   0.03   2.6013422031080617
   0.1   0.03   5.859376108651439
   0.1   0.03   4.192069456514926
   0.1   0.03   5.880027544267746
   0.1   0.03   1.1162636977006086
   0.1   0.03   0.6211854926778687
   0.1   0.03   3.215288602143939
   0.1   0.03   4.501005702146893
   0.1   0.03   1.9103009783143177
   0.1   0.03   2.1952007923436
   0.1   0.03   5.5434896846983275
   0.1   0.03   3.5498917104740655
   0.1   0.03   1.1767144106821037
   0.1   0.03   2.8456560582327772
   0.1   0.03   5.782207266822873
   0.1   0.03   5.146209423792597
   0.1   0.03   2.934503733746979
   0.1   0.03   4.283999435263222
   0.1   0.03   1.1784190834641883
   0.1   0.03   3.9556940670903873
   0.1   0.03   4.064195672028005
   0.1   0.03   4.461065681474338
   0.1   0.03   0.19825522373657045
   0.1   0.03   0.7327316904291403
   0.1   0.03   3.3267322116184435
   0.1   0.03   5.610762289559677
   0.1   0.03   4.619553958483958
   0.1   0.03   5.662049226690759
   0.1   0.03   0.15864699524215373
   0.1   0.03   1.142394151439614
   0.1   0.03   2.271758570428598
   0.1   0.03   4.304667082043918
   0.1   0.03   3.996178800253872
   0.1   0.03   5.430887819579019
   0.1   0.03   4.101130855078917
   0.1   0.03   2.0244474822148133
   0.1   0.03   2.016888550739993
   0.1   0.03   1.107544995392223
   0.1   0.03   5.97002849502387
   0.1   0.03   6.271578425275326
   0.1   0.03   3.2076352090971496
   0.1   0.03   3.6394773002992133
   0.1   0.03   5.43537793534059
   0.1   0.03   4.541218590708462
   0.1   0.03   4.705248683455095
   0.1   0.03   1.0337337629001084
   0.1   0.03   2.1802635605433767
   0.1   0.03   2.0412255725895365
   0.1   0.03   5.1541743840912595
   0.1   0.03   1.3060063716101595
   0.1   0.03   5.492797950147545
   0.1   0.03   3.375558837921082
   0.1   0.03   1.5077498562521143
   0.1   0.03   2.35630283079488
   0.1   0.03   4.525614308619693
   0.1   0.03   3.5167330246313107
   0.1   0.03   4.248833698622999
   0.1   0.03   2.8737462792374457
   0.1   0.03   4.018547852610505
   0.1   0.03   4.382166664651576
   0.1   0.03   1.3327937144457527
   0.1   0.03   5.04448136223425
   0.1   0.03   5.390105438046848
   0.1   0.03   1.79054259352885
   0.1   0.03   2.199385192025734
   0.1   0.03   5.027744691415577
   0.1   0.03   5.998346578992326
   0.1   0.03   0.8004851687715874
   0.1   0.03   1.9952717436838014
   0.1   0.03   5.483993618065715
   0.1   0.03   0.505215004419428
   0.1   0.03   0.7347401848034671
   0.1   0.03   3.403738137828326
   0.1   0.03   2.788258152037486
   0.1   0.03   6.057249124773648
   0.1   0.03   3.2411321382813147
   0.1   0.03   0.7855319852737606
   0.1   0.03   1.5344804940458237
   0.1   0.03   2.1102123532505135
   0.1   0.03   3.9970987676305882
   0.1   0.03   4.889356855544849
   0.1   0.03   0.9750349210921957
   0.1   0.03   4.494090469127474
   0.1   0.03   1.8354820528912397
   0.1   0.03   5.926902918230605
   0.1   0.03   3.1173042083789504
   0.1   0.03   6.251457115050235
   0.1   0.03   2.845796936125621
   0.1   0.03   4.874053094082523
   0.1   0.03   1.9090861647174693
   0.1   0.03   5.594231995725203
   0.1   0.03   6.166125773610394
   0.1   0.03   1.5279053791162533
   0.1   0.03   4.2778092899345275
   0.1   0.03   0.7371746578831826
   0.1   0.03   1.3101953913679456
   0.1   0.03   5.330832761483146
   0.1   0.03   4.621229508628495
   0.1   0.03   0.6995252359982053
   0.1   0.03   2.29065602396283
   0.1   0.03   2.418452806510025
   0.1   0.03   6.183799226819685
   0.1   0.03   1.3040541728637864
   0.1   0.03   3.538516180126922
   0.1   0.03   4.359821931820144
   0.1   0.03   2.142006419265315
   0.1   0.03   2.9170538124131773
   0.1   0.03   0.7508370942866158
   0.1   0.03   3.821313574978083
   0.1   0.03   6.163596165037744
   0.1   0.03   4.591852152848638
   0.1   0.03   2.9614016865682484
   0.1   0.03   0.8738418482535685
   0.1   0.03   2.7174809168653877
   0.1   0.03   0.8570834140700668
   0.1   0.03   5.4548286779007285
   0.1   0.03   3.088840716995626
