   300
   7
   2.0
   0.1   0.03   3.8592209180033255
   0.1   0.03   4.8497505277027875
   0.1   0.03   3.2481901562954216
   0.1   0.03   0.04601116874751908
   0.1   0.03   4.934730290157605
   0.1   0.03   1.919330153525464
   0.1   0.03   0.7833366267358576
   0.1   0.03   1.46936041891634
   0.1   0.03   5.277156032730558
   0.1   0.03   0.39245030610848647
   0.1   0.03   4.508825831931126
   0.1   0.03   4.784925000475225
   0.1   0.03   1.2439741682681704
   0.1   0.03   2.2823244249186443
   0.1   0.03   0.22383524133541394
   0.1   0.03   4.469763458827258
   0.1   0.03   1.0413890143717395
   0.1   0.03   5.343520542455611
   0.1   0.03   6.071261047490164
   0.1   0.03   1.747634368978963
   0.1   0.03   4.305792716592173
   0.1   0.03   1.227191799958739
   0.1   0.03   4.883886284120661
   0.1   0.03   4.308244317234736
   0.1   0.03   5.916424201780919
   0.1   0.03   2.616182982600864
   0.1   0.03   0.6477692978984748
   0.1   0.03   1.2772543648049601
   0.1   0.03   3.962676829343114
   0.1   0.03   2.4125595778304763
   0.1   0.03   0.6748999053960125
   0.1   0.03   5.670902615547183
   0.1   0.03   4.312925300602818
   0.1   0.03   5.4428379591104195
   0.1   0.03   5.519541352280466
   0.1   0.03   5.542342157702363
   0.1   0.03   4.960363221796386
   0.1   0.03   0.22646961950420114
   0.1   0.03   4.886642560418723
   0.1   0.03   0.10342762078483037
   0.1   0.03   0.21975553203725576
   0.1   0.03   4.412896816025707
   0.1   0.03   1.0051745950638344
   0.1   0.03   5.630919944343713
   0.1   0.03   4.554405899069855
   0.1   0.03   4.124762364344024
   0.1   0.03   3.829103046247956
   0.1   0.03   3.249590437811784
   0.1   0.03   2.307303880544687
   0.1   0.03   2.7026230684960018
   0.1   0.03   3.744980882086382
   0.1   0.03   2.8326908485881606
   0.1   0.03   3.867774809728704
   0.1   0.03   2.831663109372751
   0.1   0.03   1.5441542751756814
   0.1   0.03   4.272787379154951
   0.1   0.03   0.3826117459712337
   0.1   0.03   0.309698194061669
   0.1   0.03   4.648689933481418
   0.1   0.03   0.1378674250090415
   0.1   0.03   3.151245768462525
   0.1   0.03   0.17765344037442055
   0.1   0.03   4.467764512602887
   0.1   0.03   0.4691240052712724
   0.1   0.03   3.5139793039704768
   0.1   0.03   3.3043304579116994
   0.1   0.03   5.57974265187006
   0.1   0.03   5.799607531661989
   0.1   0.03   1.7841728774923586
   0.1   0.03   4.593099073864205
   0.1   0.03   0.972164523070842
   0.1   0.03   2.624801360811819
   0.1   0.03   4.368409938459092
   0.1   0.03   3.732626328799079
   0.1   0.03   0.8626792427657274
   0.1   0.03   4.4132585073344615
   0.1   0.03   0.2912958835878345
   0.1   0.03   0.36016172449887807
   0.1   0.03   2.5713577892707726
   0.1   0.03   5.055511474791484
   0.1   0.03   6.053021192745876
   0.1   0.03   3.042448595879562
   0.1   0.03   2.5983345279600525
   0.1   0.03   3.332847195395671
   0.1   0.03   3.2220281680931673
   0.1   0.03   5.694542836111162
   0.1   0.03   1.5158579984720337
   0.1   0.03   3.8009416221972425
   0.1   0.03   4.278113595925196
   0.1   0.03   2.6763334319900873
   0.1   0.03   2.997233213293884
   0.1   0.03   6.205459695971771
   0.1   0.03   4.459912057784122
   0.1   0.03   3.8569525113404484
   0.1   0.03   2.6662262768278793
   0.1   0.03   3.505019631610881
   0.1   0.03   1.442763005486027
   0.1   0.03   0.14416949842289867
   0.1   0.03   0.9902318988379256
   0.1   0.03   5.735987039964857
   0.1   0.03   0.9325782217628268
   0.1   0.03   0.02070849061904416
   0.1   0.03   0.07925820868371249
   0.1   0.03   5.348812548208272
   0.1   0.03   5.150892781831411
   0.1   0.03   5.326399929283871
   0.1   0.03   2.0347637203955
   0.1   0.03   1.4009183986849472
   0.1   0.03   0.581932527450207
   0.1   0.03   5.803318740565802
   0.1   0.03   2.789316746359208
   0.1   0.03   1.389711132420778
   0.1   0.03   2.9356859968514204
   0.1   0.03   5.364707555288474
   0.1   0.03   2.136804742476797
   0.1   0.03   5.418360302139677
   0.1   0.03   4.59146031878955
   0.1   0.03   6.268115934963224
   0.1   0.03   2.2098086395767838
   0.1   0.03   2.231334455097901
   0.1   0.03   0.78877898605974
   0.1   0.03   2.846685442258392
   0.1   0.03   0.09540270459213297
   0.1   0.03   1.852259029896959
   0.1   0.03   1.9870035989939285
   0.1   0.03   3.471917402343784
   0.1   0.03   1.345265583678556
   0.1   0.03   0.8556716601063444
   0.1   0.03   1.0331692466955857
   0.1   0.03   2.2343793507337137
   0.1   0.03   1.8659945815505823
   0.1   0.03   1.228785387236377
   0.1   0.03   3.731791212491533
   0.1   0.03   6.010807252532275
   0.1   0.03   1.3806198544468766
   0.1   0.03   3.214451927840311
   0.1   0.03   3.994685729137336
   0.1   0.03   3.2697585133914417
   0.1   0.03   1.3590967460355943
   0.1   0.03   1.604819613178618
   0.1   0.03   0.49403584403353173
   0.1   0.03   5.232942937027083
   0.1   0.03   6.147873478369511
   0.1   0.03   0.13692962015373655
   0.1   0.03   0.11714161857373108
   0.1   0.03   5.112298776278783
   0.1   0.03   5.243149187871304
   0.1   0.03   1.6080877717513506
   0.1   0.03   0.013178646148551085
   0.1   0.03   5.490818867762945
   0.1   0.03   6.010199006286034
   0.1   0.03   1.7262925767616455
   0.1   0.03   2.4184974817103626
   0.1   0.03   1.401919518395102
   0.1   0.03   1.245097476168231
   0.1   0.03   5.194186872463049
   0.1   0.03   6.251945286565095
   0.1   0.03   1.4470337409636413
   0.1   0.03   4.80526307789913
   0.1   0.03   5.660291120154657
   0.1   0.03   1.1101553351348996
   0.1   0.03   4.559978006439148
   0.1   0.03   3.4909388483202903
   0.1   0.03   3.4188234743024917
   0.1   0.03   5.154107413122154
   0.1   0.03   4.363515299463404
   0.1   0.03   4.263918466504656
   0.1   0.03   4.860333266952292
   0.1   0.03   0.2324518110257366
   0.1   0.03   0.9817440592818042
   0.1   0.03   2.1231849390364395
   0.1   0.03   1.7758027058711503
   0.1   0.03   4.549081808935611
   0.1   0.03   0.9634690192073235
   0.1   0.03   0.12128087352437965
   0.1   0.03   3.334012453019296
   0.1   0.03   2.4205096282270593
   0.1   0.03   4.238359770018036
   0.1   0.03   4.144543346606042
   0.1   0.03   6.142462500108671
   0.1   0.03   1.3861059489866958
   0.1   0.03   0.20308185819157706
   0.1   0.03   1.725707627651414
   0.1   0.03   4.283646807972813
   0.1   0.03   4.264143891665332
   0.1   0.03   4.269148046853643
   0.1   0.03   2.149547433642943
   0.1   0.03   1.3255677438613143
   0.1   0.03   2.378941800768049
   0.1   0.03   4.4183561112386105
   0.1   0.03   0.5573950588100421
   0.1   0.03   5.259241309589579
   0.1   0.03   3.464462646980907
   0.1   0.03   1.673424091636454
   0.1   0.03   4.486363555082896
   0.1   0.03   1.7537734792695137
   0.1   0.03   5.801364412053374
   0.1   0.03   0.49384423110216075
   0.1   0.03   3.134669410643282
   0.1   0.03   5.2891553673273375
   0.1   0.03   1.7110464145026505
   0.1   0.03   3.622490338352807
   0.1   0.03   4.351206751730545
   0.1   0.03   4.106146050137986
   0.1   0.03   4.540939577318831
   0.1   0.03   5.438997912161917
   0.1   0.03   0.3126135592773187
   0.1   0.03   5.3598138801649275
   0.1   0.03   1.3407522118882529
   0.1   0.03   3.996556598044936
   0.1   0.03   5.649633034410435
   0.1   0.03   6.2458549901642355
   0.1   0.03   2.974353969091585
   0.1   0.03   1.2667104107816534
   0.1   0.03   4.160067061451188
   0.1   0.03   4.036149370529908
   0.1   0.03   1.6931725090705918
   0.1   0.03   3.3380492000635598
   0.1   0.03   5.118286795439103
   0.1   0.03   0.7883410263738618
   0.1   0.03   4.099238137484393
   0.1   0.03   4.046474733948236
   0.1   0.03   2.4284939268329797
   0.1   0.03   4.151634629234683
   0.1   0.03   2.6485763774858633
   0.1   0.03   0.11986275167284786
   0.1   0.03   1.4174819963194636
   0.1   0.03   4.000513413200052
   0.1   0.03   0.32645395911583297
   0.1   0.03   4.637363987661353
   0.1   0.03   2.6394593384508105
   0.1   0.03   4.08525832692062
   0.1   0.03   5.55539902619392
   0.1   0.03   5.778425605518897
   0.1   0.03   2.9448272158869533
   0.1   0.03   0.08595113111714216
   0.1   0.03   2.9076039806205825
   0.1   0.03   3.9821072393621537
   0.1   0.03   0.09624593316370665
   0.1   0.03   5.262265686306197
   0.1   0.03   3.325141237808514
   0.1   0.03   5.585356053797461
   0.1   0.03   1.407714469011025
   0.1   0.03   2.9243268785494156
   0.1   0.03   2.030061596285553
   0.1   0.03   2.989580722685931
   0.1   0.03   1.0056492250494315
   0.1   0.03   6.2544271536452145
   0.1   0.03   3.308823425250994
   0.1   0.03   2.630578942686905
   0.1   0.03   5.426996165910795
   0.1   0.03   5.364288839072128
   0.1   0.03   2.5100248617680854
   0.1   0.03   3.3825789242897777
   0.1   0.03   0.9889254661504411
   0.1   0.03   5.691874568397264
   0.1   0.03   2.476223244838418
   0.1   0.03   1.0172384477674272
   0.1   0.03   3.820297814091492
   0.1   0.03   2.430055088849537
   0.1   0.03   5.124744355116844
   0.1   0.03   2.060296577186735
   0.1   0.03   3.0440413022877033
   0.1   0.03   0.07023389308155084
   0.1   0.03   5.635930494739111
   0.1   0.03   5.851012681156286
   0.1   0.03   6.244365803546852
   0.1   0.03   6.195807863938139
   0.1   0.03   6.257795216018142
   0.1   0.03   0.7948669576630089
   0.1   0.03   3.5125366607091526
   0.1   0.03   1.8066882007475313
   0.1   0.03   3.0758567510512753
   0.1   0.03   6.079908325402442
   0.1   0.03   2.570564509873126
   0.1   0.03   3.0686974186758236
   0.1   0.03   2.1374720041240343
   0.1   0.03   4.386612873190271
   0.1   0.03   1.8388117104498942
   0.1   0.03   3.9384353974367237
   0.1   0.03   1.5038267327014048
   0.1   0.03   2.0591831740866837
   0.1   0.03   4.380883779047331
   0.1   0.03   0.5708030830901701
   0.1   0.03   4.368734573882939
   0.1   0.03   0.8230168470699888
   0.1   0.03   3.5158553736797393
   0.1   0.03   1.640178036968831
   0.1   0.03   2.6767378848072663
   0.1   0.03   3.056762740549372
   0.1   0.03   0.5337946125875173
   0.1   0.03   4.405120481505872
   0.1   0.03   5.914888138463413
   0.1   0.03   0.2386281539418628
   0.1   0.03   6.031782891011828
   0.1   0.03   0.09570418473808896
   0.1   0.03   1.6067686095489118
   0.1   0.03   3.166728244563117
   0.1   0.03   5.895278086997321
   0.1   0.03   0.6392916281594032
