   300
   25
   0.1
   0.1   0.03   5.392951242197066
   0.1   0.03   2.7312292173422663
   0.1   0.03   0.023959131952201892
   0.1   0.03   6.136622124037804
   0.1   0.03   4.600105751967655
   0.1   0.03   1.8129745927783312
   0.1   0.03   2.692265425174314
   0.1   0.03   4.228409388235554
   0.1   0.03   5.116417914053078
   0.1   0.03   4.516908566216438
   0.1   0.03   4.5260220787153065
   0.1   0.03   1.3211635749141335
   0.1   0.03   1.3254502410713862
   0.1   0.03   3.5054823672149316
   0.1   0.03   0.28300040287014466
   0.1   0.03   5.4179722473505345
   0.1   0.03   0.39704574835774775
   0.1   0.03   0.9562366613859725
   0.1   0.03   3.759391509367044
   0.1   0.03   3.725309565249265
   0.1   0.03   6.220891940775639
   0.1   0.03   0.03154589392687523
   0.1   0.03   1.2768751261152531
   0.1   0.03   5.532495708796472
   0.1   0.03   0.06192723236474352
   0.1   0.03   6.248872247357757
   0.1   0.03   1.180833323902838
   0.1   0.03   2.954448931114219
   0.1   0.03   2.1809363480941784
   0.1   0.03   5.082376819394903
   0.1   0.03   5.298304539979172
   0.1   0.03   3.213650326475745
   0.1   0.03   2.8201499919558737
   0.1   0.03   5.145858575901531
   0.1   0.03   0.40178448524644905
   0.1   0.03   0.8474970290404853
   0.1   0.03   3.005527567235619
   0.1   0.03   2.9516986581076328
   0.1   0.03   3.8684316283689366
   0.1   0.03   5.633774092862025
   0.1   0.03   3.3524191246027244
   0.1   0.03   2.590349709159774
   0.1   0.03   5.258729582323184
   0.1   0.03   4.2538182544691825
   0.1   0.03   5.3111939400602495
   0.1   0.03   0.137093138397388
   0.1   0.03   3.0482235344051936
   0.1   0.03   3.5033537763650915
   0.1   0.03   1.5764031588158345
   0.1   0.03   4.096421285650373
   0.1   0.03   5.443067607920572
   0.1   0.03   5.7902576253760705
   0.1   0.03   1.9460046418712107
   0.1   0.03   6.022730005664963
   0.1   0.03   2.2008970486136152
   0.1   0.03   3.28409928181721
   0.1   0.03   3.3313745119732854
   0.1   0.03   5.626672170139725
   0.1   0.03   5.441773521277255
   0.1   0.03   3.457357293903069
   0.1   0.03   1.955006190032759
   0.1   0.03   3.3400322812828542
   0.1   0.03   6.259936204275853
   0.1   0.03   4.909269191945297
   0.1   0.03   2.2965133539038476
   0.1   0.03   4.185086997195442
   0.1   0.03   5.314516850520832
   0.1   0.03   4.750479602468505
   0.1   0.03   3.713609406208359
   0.1   0.03   2.0895512998054713
   0.1   0.03   5.946498348968113
   0.1   0.03   3.3792562510641475
   0.1   0.03   3.6430753294670697
   0.1   0.03   4.2133105675351645
   0.1   0.03   0.4833200061049049
   0.1   0.03   0.17146377893148324
   0.1   0.03   1.3640832078222989
   0.1   0.03   2.00115586112937
   0.1   0.03   0.18087929298897118
   0.1   0.03   6.20664669159637
   0.1   0.03   0.6949756609472334
   0.1   0.03   2.7324683053240064
   0.1   0.03   0.16660312698774618
   0.1   0.03   5.714578896263436
   0.1   0.03   5.730142290662742
   0.1   0.03   4.339697704730381
   0.1   0.03   4.556613034808336
   0.1   0.03   3.7070919572861754
   0.1   0.03   5.938696499519403
   0.1   0.03   0.5753147212889897
   0.1   0.03   2.8284030317782505
   0.1   0.03   5.294361522990324
   0.1   0.03   5.906745192770165
   0.1   0.03   1.805815257897239
   0.1   0.03   3.882946749321839
   0.1   0.03   0.34913729401732346
   0.1   0.03   0.5331778552752839
   0.1   0.03   0.6596962168751284
   0.1   0.03   0.5312413671674842
   0.1   0.03   2.644841271645785
   0.1   0.03   0.35494550333032004
   0.1   0.03   2.516038512019719
   0.1   0.03   3.1509754998931543
   0.1   0.03   3.3186399078470683
   0.1   0.03   1.0499721258049044
   0.1   0.03   6.09059168702446
   0.1   0.03   3.970505058218385
   0.1   0.03   4.23296644282432
   0.1   0.03   1.7077638975202463
   0.1   0.03   1.1038908552858164
   0.1   0.03   6.123877766959579
   0.1   0.03   4.254289239146982
   0.1   0.03   3.9217662483198694
   0.1   0.03   1.0328635380757074
   0.1   0.03   6.140775578146794
   0.1   0.03   1.3440636073474936
   0.1   0.03   2.7452533664048056
   0.1   0.03   0.05004215816114715
   0.1   0.03   3.6499053620582678
   0.1   0.03   4.247904559471438
   0.1   0.03   3.1879555179745473
   0.1   0.03   5.681801586473248
   0.1   0.03   5.217267300879649
   0.1   0.03   2.218405023211875
   0.1   0.03   5.665064699218041
   0.1   0.03   3.707986198573781
   0.1   0.03   5.102093409987046
   0.1   0.03   1.8270914016061643
   0.1   0.03   2.2366031586016106
   0.1   0.03   2.919623880010025
   0.1   0.03   1.4612189408738656
   0.1   0.03   3.3259387690690185
   0.1   0.03   4.717309751107417
   0.1   0.03   3.3102961529609853
   0.1   0.03   3.4061878389623543
   0.1   0.03   3.438712284042604
   0.1   0.03   4.64475754435795
   0.1   0.03   0.7726136505591331
   0.1   0.03   3.9093983350255623
   0.1   0.03   4.065329525225006
   0.1   0.03   2.3388817743741366
   0.1   0.03   4.227228773321401
   0.1   0.03   4.450131646521725
   0.1   0.03   4.425085765050644
   0.1   0.03   2.2058358072632744
   0.1   0.03   6.265908286210539
   0.1   0.03   2.4972668675916667
   0.1   0.03   1.0982552027038877
   0.1   0.03   2.2631074702893277
   0.1   0.03   3.806988147599728
   0.1   0.03   1.9118297479576076
   0.1   0.03   3.1529625497591636
   0.1   0.03   4.936305726013079
   0.1   0.03   2.0030227885016543
   0.1   0.03   1.0662258496279045
   0.1   0.03   0.6316610174029912
   0.1   0.03   0.049626484816898034
   0.1   0.03   5.626940210623158
   0.1   0.03   0.02419618809166369
   0.1   0.03   5.711970599372959
   0.1   0.03   2.3450751316661016
   0.1   0.03   5.8016113285617745
   0.1   0.03   0.9310447262788536
   0.1   0.03   0.5668790565129835
   0.1   0.03   5.616561878775353
   0.1   0.03   0.47623621408395755
   0.1   0.03   6.154912279861095
   0.1   0.03   5.3027608303632405
   0.1   0.03   4.430379932519367
   0.1   0.03   6.261247323642143
   0.1   0.03   2.1835588389152463
   0.1   0.03   2.8194657095879867
   0.1   0.03   1.980949253387148
   0.1   0.03   3.0407288359370988
   0.1   0.03   4.613710296193341
   0.1   0.03   3.6872902413782995
   0.1   0.03   4.563686678920652
   0.1   0.03   2.2495803197585604
   0.1   0.03   3.5149260506672837
   0.1   0.03   4.587069408606016
   0.1   0.03   3.594785314087937
   0.1   0.03   2.3540094627300725
   0.1   0.03   0.06902121669907606
   0.1   0.03   5.414396089068948
   0.1   0.03   3.300628754861167
   0.1   0.03   5.156096154997577
   0.1   0.03   1.759080725960079
   0.1   0.03   0.5948496482059458
   0.1   0.03   2.2437370091901596
   0.1   0.03   6.091635640869538
   0.1   0.03   0.6151339443479144
   0.1   0.03   5.069210253330484
   0.1   0.03   1.2519313354243307
   0.1   0.03   2.5635742749576473
   0.1   0.03   0.21401120415099179
   0.1   0.03   4.786018697432613
   0.1   0.03   4.736575539859694
   0.1   0.03   2.2148593984421967
   0.1   0.03   0.5973685047466188
   0.1   0.03   1.9321254029393629
   0.1   0.03   2.6649757275334993
   0.1   0.03   2.9386587823889547
   0.1   0.03   4.952349793292231
   0.1   0.03   0.9649131564806863
   0.1   0.03   3.7594522848539538
   0.1   0.03   2.332961931578682
   0.1   0.03   6.0240085099713365
   0.1   0.03   2.6055989218909184
   0.1   0.03   3.8224041925270784
   0.1   0.03   6.05359917320546
   0.1   0.03   2.469936330447737
   0.1   0.03   3.647765572823613
   0.1   0.03   1.30007821284802
   0.1   0.03   5.998466050191
   0.1   0.03   2.4512680535189313
   0.1   0.03   5.153804472738333
   0.1   0.03   4.766820265171244
   0.1   0.03   3.0326110301143188
   0.1   0.03   1.55640541405431
   0.1   0.03   3.5400944377059456
   0.1   0.03   4.55574114862296
   0.1   0.03   3.180447737644224
   0.1   0.03   5.559411656320248
   0.1   0.03   3.8532325139030954
   0.1   0.03   2.7500261915733892
   0.1   0.03   4.67295447765784
   0.1   0.03   3.931156421078105
   0.1   0.03   0.8870355189046008
   0.1   0.03   3.774478888099507
   0.1   0.03   1.7850670862409301
   0.1   0.03   3.2001168338643384
   0.1   0.03   4.957657134107476
   0.1   0.03   2.7742569914006427
   0.1   0.03   4.013843634196308
   0.1   0.03   2.236721227246907
   0.1   0.03   4.788089529746319
   0.1   0.03   5.88138316296501
   0.1   0.03   5.8313909497177905
   0.1   0.03   1.3898255195651033
   0.1   0.03   1.4693820219537685
   0.1   0.03   0.4822605345971859
   0.1   0.03   0.6085823978471174
   0.1   0.03   5.021373362417596
   0.1   0.03   3.802269058513845
   0.1   0.03   4.534053325001685
   0.1   0.03   3.4082584667579208
   0.1   0.03   5.0203253451640055
   0.1   0.03   0.9927433578800906
   0.1   0.03   1.0380185651543476
   0.1   0.03   1.8978191202659305
   0.1   0.03   1.949024008318556
   0.1   0.03   2.7050168350609765
   0.1   0.03   1.299879294344752
   0.1   0.03   6.259189745473845
   0.1   0.03   4.389637648573021
   0.1   0.03   1.254706165156543
   0.1   0.03   0.980622634977579
   0.1   0.03   0.33401591227633415
   0.1   0.03   3.9567367478514828
   0.1   0.03   1.9175769804784286
   0.1   0.03   5.723062492438759
   0.1   0.03   2.200751827147854
   0.1   0.03   2.527973212178964
   0.1   0.03   4.226937334213223
   0.1   0.03   6.117878917881361
   0.1   0.03   1.8762507023800457
   0.1   0.03   5.624458641204652
   0.1   0.03   5.045414526195752
   0.1   0.03   0.16875471091174252
   0.1   0.03   3.5930500858837937
   0.1   0.03   0.483794869969019
   0.1   0.03   4.27489855385997
   0.1   0.03   3.01737636114528
   0.1   0.03   0.8328895214903032
   0.1   0.03   1.3357057140378499
   0.1   0.03   3.302994897845533
   0.1   0.03   1.4157477589403167
   0.1   0.03   5.94387260873332
   0.1   0.03   3.819081634739892
   0.1   0.03   0.4276384755959615
   0.1   0.03   4.285483493350722
   0.1   0.03   4.945583123830657
   0.1   0.03   6.166360201682984
   0.1   0.03   0.27037077734724807
   0.1   0.03   0.6815706547881033
   0.1   0.03   5.307633574220057
   0.1   0.03   2.036351128396631
   0.1   0.03   2.75134395932095
   0.1   0.03   0.36900683944713214
   0.1   0.03   2.5505303762697036
   0.1   0.03   2.59360970366431
   0.1   0.03   3.7677394165950697
   0.1   0.03   5.157613268740413
   0.1   0.03   4.799572620608266
   0.1   0.03   6.177685367453838
   0.1   0.03   4.380514650862631
   0.1   0.03   4.043420067804423
   0.1   0.03   3.9847962679019715
   0.1   0.03   5.864817437787302
   0.1   0.03   1.169527216532659
