   100
   7
   1.0
   0.1   0.03   1.7417998380239892
   0.1   0.03   4.471191251703242
   0.1   0.03   2.320690774476242
   0.1   0.03   1.430725548447696
   0.1   0.03   5.874106223441993
   0.1   0.03   5.42805319977939
   0.1   0.03   2.3483453954621214
   0.1   0.03   5.319862355634043
   0.1   0.03   4.016561647810784
   0.1   0.03   0.051902342880520064
   0.1   0.03   1.122792110649551
   0.1   0.03   1.1008272785060056
   0.1   0.03   0.7953875460458831
   0.1   0.03   4.355313763926742
   0.1   0.03   3.59916974912585
   0.1   0.03   4.031577340814143
   0.1   0.03   3.0038826730286248
   0.1   0.03   3.3970198002854874
   0.1   0.03   0.6778720568265632
   0.1   0.03   2.4456922075442002
   0.1   0.03   2.9614414981271917
   0.1   0.03   4.3734723405806015
   0.1   0.03   6.048853171251363
   0.1   0.03   2.5091515034831104
   0.1   0.03   1.6475513205526982
   0.1   0.03   4.724282798687995
   0.1   0.03   0.7459988744905539
   0.1   0.03   0.1916005792865247
   0.1   0.03   1.5249072893092714
   0.1   0.03   2.357374944861086
   0.1   0.03   3.299918973205742
   0.1   0.03   5.450252098762487
   0.1   0.03   4.9025084223880215
   0.1   0.03   4.428991152545046
   0.1   0.03   1.9345821730042672
   0.1   0.03   4.722409099987989
   0.1   0.03   4.313811754533854
   0.1   0.03   5.99330107780511
   0.1   0.03   1.4622867620966995
   0.1   0.03   5.488408825596795
   0.1   0.03   4.307368717468017
   0.1   0.03   3.4521453875259827
   0.1   0.03   3.605119285050485
   0.1   0.03   5.325473042242321
   0.1   0.03   5.374028167646718
   0.1   0.03   3.62723430677102
   0.1   0.03   1.6038194114596436
   0.1   0.03   4.781018448629406
   0.1   0.03   0.02327236309656456
   0.1   0.03   1.60419564287855
   0.1   0.03   4.007663250779476
   0.1   0.03   1.8258839134202927
   0.1   0.03   1.2804354429074727
   0.1   0.03   4.127468673681405
   0.1   0.03   3.7812942650929924
   0.1   0.03   0.7363313416527149
   0.1   0.03   1.6550980124179746
   0.1   0.03   5.8324372406772005
   0.1   0.03   4.042006285013597
   0.1   0.03   0.17560852422973586
   0.1   0.03   4.601392602648145
   0.1   0.03   5.021724455795362
   0.1   0.03   3.420263385394204
   0.1   0.03   1.8774067421263514
   0.1   0.03   1.0073471465502652
   0.1   0.03   1.725405399773994
   0.1   0.03   5.04899328185689
   0.1   0.03   1.0818087114668749
   0.1   0.03   4.471938803239249
   0.1   0.03   0.06715759450195645
   0.1   0.03   2.6485407539551047
   0.1   0.03   3.181748247979551
   0.1   0.03   5.745584558898489
   0.1   0.03   0.19805350439311636
   0.1   0.03   5.172548373646372
   0.1   0.03   6.0462251772973366
   0.1   0.03   1.731116035287163
   0.1   0.03   0.7523658572364823
   0.1   0.03   4.210186756457444
   0.1   0.03   2.602570222714319
   0.1   0.03   4.59363189248225
   0.1   0.03   2.6953212994234947
   0.1   0.03   0.4037944731438374
   0.1   0.03   3.926457241655818
   0.1   0.03   2.6053764901000487
   0.1   0.03   3.818995308340211
   0.1   0.03   1.1399547206358407
   0.1   0.03   3.8183685503864866
   0.1   0.03   0.16129010197551188
   0.1   0.03   6.282657302468439
   0.1   0.03   4.272626917114394
   0.1   0.03   3.231729228759403
   0.1   0.03   1.0041032389461826
   0.1   0.03   1.8241626608862123
   0.1   0.03   2.081697454537682
   0.1   0.03   2.093746304398375
   0.1   0.03   2.023934677953132
   0.1   0.03   1.9168437908953389
   0.1   0.03   1.1919338583929127
   0.1   0.03   1.0073424260365103
