   300
   7
   1.0
   0.1   0.03   1.9342046828460988
   0.1   0.03   3.885785878863517
   0.1   0.03   3.600834548284213
   0.1   0.03   0.8633597731681285
   0.1   0.03   2.7173251964421663
   0.1   0.03   0.41247383671408033
   0.1   0.03   1.799590445442116
   0.1   0.03   4.093215084977472
   0.1   0.03   4.440424778620279
   0.1   0.03   5.247023063968941
   0.1   0.03   1.571644995716071
   0.1   0.03   5.423926456070974
   0.1   0.03   2.0823354279713566
   0.1   0.03   5.7819398637899635
   0.1   0.03   5.083716623743106
   0.1   0.03   1.6700104597105423
   0.1   0.03   3.6811014074439266
   0.1   0.03   3.1820567026327535
   0.1   0.03   0.07992073767482957
   0.1   0.03   0.9925973954150509
   0.1   0.03   1.959516279979934
   0.1   0.03   2.7592823883239697
   0.1   0.03   0.14483696430102272
   0.1   0.03   3.634421869980953
   0.1   0.03   4.006206444867592
   0.1   0.03   5.223046780698808
   0.1   0.03   5.946078721876293
   0.1   0.03   5.400183640315739
   0.1   0.03   0.646659859062421
   0.1   0.03   1.7986593564039066
   0.1   0.03   1.461242076593692
   0.1   0.03   4.6041663100219115
   0.1   0.03   2.6062063504387565
   0.1   0.03   4.952603835255189
   0.1   0.03   4.289788109459526
   0.1   0.03   2.809721492851009
   0.1   0.03   0.22431307976377654
   0.1   0.03   0.2631484797575961
   0.1   0.03   2.550851099370815
   0.1   0.03   3.411287982933052
   0.1   0.03   4.317741122659712
   0.1   0.03   5.861917439231398
   0.1   0.03   4.874004213308913
   0.1   0.03   4.826270491590779
   0.1   0.03   4.003887298169105
   0.1   0.03   5.174765940115573
   0.1   0.03   3.451308833390015
   0.1   0.03   0.7536639712565025
   0.1   0.03   2.088455454679392
   0.1   0.03   3.7534385171843403
   0.1   0.03   5.247803344729429
   0.1   0.03   0.9196429477694099
   0.1   0.03   3.356401626472472
   0.1   0.03   4.556572167088166
   0.1   0.03   3.2640545715041465
   0.1   0.03   2.852427617018445
   0.1   0.03   3.923367375959706
   0.1   0.03   0.8528609279969352
   0.1   0.03   0.597780036925807
   0.1   0.03   5.2351999564909315
   0.1   0.03   0.9721199861743914
   0.1   0.03   2.157712141661554
   0.1   0.03   3.6345227761423753
   0.1   0.03   3.35639397037235
   0.1   0.03   0.21038818630931452
   0.1   0.03   0.7022422636537943
   0.1   0.03   2.142568472976119
   0.1   0.03   0.03159953349775999
   0.1   0.03   6.0748006251111795
   0.1   0.03   5.72836736961145
   0.1   0.03   1.4963962533760804
   0.1   0.03   5.269962223069105
   0.1   0.03   5.654449350400655
   0.1   0.03   3.591934422858188
   0.1   0.03   2.3430995434948563
   0.1   0.03   4.811779860073907
   0.1   0.03   1.5169271817843728
   0.1   0.03   5.095653118303254
   0.1   0.03   1.244108752476497
   0.1   0.03   1.7385017065011201
   0.1   0.03   3.744408600168157
   0.1   0.03   5.010238411107335
   0.1   0.03   2.701189535903554
   0.1   0.03   5.412618076174944
   0.1   0.03   3.6336080352059343
   0.1   0.03   2.9950323701476855
   0.1   0.03   2.6703695799737655
   0.1   0.03   5.742031797695286
   0.1   0.03   0.23881871564560456
   0.1   0.03   1.1604925773897639
   0.1   0.03   1.578374078149872
   0.1   0.03   0.39388218886453563
   0.1   0.03   4.294803781996584
   0.1   0.03   6.102981710319643
   0.1   0.03   4.257684696573281
   0.1   0.03   0.4073129304753722
   0.1   0.03   4.169954815712699
   0.1   0.03   0.8829131362891474
   0.1   0.03   4.400504342256274
   0.1   0.03   2.664471248996885
   0.1   0.03   0.8565723025850803
   0.1   0.03   4.667961365708187
   0.1   0.03   0.1517941971063408
   0.1   0.03   3.661715640550959
   0.1   0.03   1.4805149199687495
   0.1   0.03   0.9070080202797215
   0.1   0.03   0.8039089811994979
   0.1   0.03   5.500744866127618
   0.1   0.03   0.8403629109554666
   0.1   0.03   2.12346515355241
   0.1   0.03   0.9812259112247173
   0.1   0.03   2.700056986624806
   0.1   0.03   0.5445773800473257
   0.1   0.03   2.311700421076971
   0.1   0.03   5.646160006964953
   0.1   0.03   5.363942295805818
   0.1   0.03   2.8375262387599065
   0.1   0.03   0.5580884581552644
   0.1   0.03   3.4438067774933114
   0.1   0.03   5.3948462468620795
   0.1   0.03   4.2005249130629885
   0.1   0.03   3.127831634084044
   0.1   0.03   4.764686501838792
   0.1   0.03   5.84848691767519
   0.1   0.03   0.6892980389115398
   0.1   0.03   0.2847971064734076
   0.1   0.03   4.797777968923336
   0.1   0.03   4.961834618934872
   0.1   0.03   3.2554806522381634
   0.1   0.03   4.119477736492863
   0.1   0.03   6.078833390459697
   0.1   0.03   4.061992240049145
   0.1   0.03   3.014644334744392
   0.1   0.03   4.207337610100227
   0.1   0.03   2.8863207971511886
   0.1   0.03   1.3387514288004692
   0.1   0.03   0.027005832861006194
   0.1   0.03   3.519452664906201
   0.1   0.03   2.361088711244187
   0.1   0.03   0.00769413441080328
   0.1   0.03   5.180483645532414
   0.1   0.03   0.40297079334313124
   0.1   0.03   5.5765057660043835
   0.1   0.03   4.3944224802103715
   0.1   0.03   2.9435651112963788
   0.1   0.03   2.047469189157612
   0.1   0.03   5.432373756508429
   0.1   0.03   1.9957897274728247
   0.1   0.03   3.1760457416713783
   0.1   0.03   4.725652905266394
   0.1   0.03   5.949436427196668
   0.1   0.03   2.2049262658143407
   0.1   0.03   3.9111017419771947
   0.1   0.03   3.4111092920458264
   0.1   0.03   5.231007404398715
   0.1   0.03   2.6809612266617107
   0.1   0.03   2.193846162331567
   0.1   0.03   1.760365829296436
   0.1   0.03   0.5296756603603028
   0.1   0.03   4.867950842228178
   0.1   0.03   1.9893414915262715
   0.1   0.03   3.3437398372573544
   0.1   0.03   4.085461753384913
   0.1   0.03   2.4251256243675194
   0.1   0.03   5.706479457129508
   0.1   0.03   1.0212038904212586
   0.1   0.03   3.7491323934868737
   0.1   0.03   5.720337350695181
   0.1   0.03   0.2621669447192405
   0.1   0.03   5.786601410181598
   0.1   0.03   1.6316703151455714
   0.1   0.03   1.1756111519416057
   0.1   0.03   3.8151529735159992
   0.1   0.03   5.883211427670748
   0.1   0.03   0.8450134519580013
   0.1   0.03   4.987492222011078
   0.1   0.03   4.8881604407361845
   0.1   0.03   5.862131524186151
   0.1   0.03   2.165188179266175
   0.1   0.03   1.0002826606160045
   0.1   0.03   0.06624277345853542
   0.1   0.03   2.1848402971645347
   0.1   0.03   2.873724891538706
   0.1   0.03   3.703100755809001
   0.1   0.03   0.33954817496716894
   0.1   0.03   0.236897388223926
   0.1   0.03   4.69196588216919
   0.1   0.03   0.16007763985354742
   0.1   0.03   4.4056056575571905
   0.1   0.03   5.893651071676965
   0.1   0.03   4.6686593559353184
   0.1   0.03   2.9720787561224675
   0.1   0.03   2.0722753459584844
   0.1   0.03   5.361903410059906
   0.1   0.03   0.3441495390933443
   0.1   0.03   5.152511454659725
   0.1   0.03   3.192592235874613
   0.1   0.03   3.4535709678450854
   0.1   0.03   6.282162237408615
   0.1   0.03   1.2382002585042442
   0.1   0.03   0.4142171622030266
   0.1   0.03   2.8169822623181084
   0.1   0.03   3.39811305845819
   0.1   0.03   0.7659095306452175
   0.1   0.03   0.4479093621350994
   0.1   0.03   3.2771104787178125
   0.1   0.03   2.412166302236284
   0.1   0.03   2.6381858508603835
   0.1   0.03   0.5868154506803518
   0.1   0.03   2.7337391524028045
   0.1   0.03   5.472649909989334
   0.1   0.03   1.9672958784389858
   0.1   0.03   6.168791595877855
   0.1   0.03   3.726516596502829
   0.1   0.03   2.9644203072633095
   0.1   0.03   0.829357379437402
   0.1   0.03   0.9214794237178175
   0.1   0.03   3.1520905376756465
   0.1   0.03   1.6666456752908434
   0.1   0.03   5.141584583721194
   0.1   0.03   6.195368420678876
   0.1   0.03   4.941082190003093
   0.1   0.03   4.958763179695371
   0.1   0.03   4.7797193553490525
   0.1   0.03   4.23029517658006
   0.1   0.03   1.7273467543740881
   0.1   0.03   0.20530616340754054
   0.1   0.03   3.345705950914385
   0.1   0.03   6.231580589296189
   0.1   0.03   4.943070483091001
   0.1   0.03   0.9215141632454945
   0.1   0.03   4.934125676480275
   0.1   0.03   1.781757870138166
   0.1   0.03   4.147291518619488
   0.1   0.03   4.133038250945461
   0.1   0.03   5.617428025378042
   0.1   0.03   5.4337521459424085
   0.1   0.03   3.706915928048245
   0.1   0.03   3.6626971471744607
   0.1   0.03   5.935653287815036
   0.1   0.03   2.8499205829219427
   0.1   0.03   0.32224078488207586
   0.1   0.03   5.427354826245922
   0.1   0.03   1.949428228484363
   0.1   0.03   1.5949478188404547
   0.1   0.03   2.7480517688077843
   0.1   0.03   6.075754212924953
   0.1   0.03   2.3246924922034427
   0.1   0.03   2.1637841234999033
   0.1   0.03   0.3623872813834713
   0.1   0.03   2.0630519597923316
   0.1   0.03   5.605525311915465
   0.1   0.03   5.860337742616848
   0.1   0.03   1.9248776213713483
   0.1   0.03   3.513322503944673
   0.1   0.03   1.4037270999264166
   0.1   0.03   5.349213136178749
   0.1   0.03   4.016043427629419
   0.1   0.03   6.144397383818717
   0.1   0.03   4.4338847538783135
   0.1   0.03   2.4972856141865645
   0.1   0.03   3.0013641158456785
   0.1   0.03   0.5183236518297082
   0.1   0.03   4.247832897240649
   0.1   0.03   1.5486067200005398
   0.1   0.03   5.007864994974272
   0.1   0.03   0.2275024964451939
   0.1   0.03   6.261183897685015
   0.1   0.03   4.442981512872322
   0.1   0.03   5.955845736129667
   0.1   0.03   0.6586389605998116
   0.1   0.03   1.9249791760031818
   0.1   0.03   0.16902115584429409
   0.1   0.03   1.3400413661476889
   0.1   0.03   1.587772540543632
   0.1   0.03   0.5977697943965982
   0.1   0.03   5.064849651956212
   0.1   0.03   4.44190507777134
   0.1   0.03   4.917178133781011
   0.1   0.03   1.5787171727927294
   0.1   0.03   5.236005714524059
   0.1   0.03   3.039791176801618
   0.1   0.03   6.200634759188628
   0.1   0.03   6.029834139616939
   0.1   0.03   5.130885472513987
   0.1   0.03   0.9444216115039045
   0.1   0.03   1.6776515249716193
   0.1   0.03   4.348857693734237
   0.1   0.03   3.4631454398503223
   0.1   0.03   5.27455789900623
   0.1   0.03   0.46477760110291333
   0.1   0.03   3.537490018700048
   0.1   0.03   0.24815619388312307
   0.1   0.03   0.9127953262633078
   0.1   0.03   2.032187906568846
   0.1   0.03   3.189796931283629
   0.1   0.03   6.018984158274095
   0.1   0.03   3.1412436900752603
   0.1   0.03   4.073252693743031
   0.1   0.03   3.654589926240999
