   550
   7
   1.0
   0.1   0.03   2.0788833388506487
   0.1   0.03   3.3214902799196326
   0.1   0.03   4.69410045603923
   0.1   0.03   1.7113744795912893
   0.1   0.03   4.55513120777574
   0.1   0.03   3.875390999221968
   0.1   0.03   3.458060120274887
   0.1   0.03   5.576393339087516
   0.1   0.03   6.028466479286915
   0.1   0.03   1.8014565382553296
   0.1   0.03   3.6107005252799005
   0.1   0.03   0.04110001721541379
   0.1   0.03   5.101902038589496
   0.1   0.03   2.8353866142658153
   0.1   0.03   4.661745673465439
   0.1   0.03   3.2884914450802043
   0.1   0.03   2.157060263763582
   0.1   0.03   5.601004759081607
   0.1   0.03   2.015259841813563
   0.1   0.03   3.0987974068644792
   0.1   0.03   0.13486877387145543
   0.1   0.03   0.46737437732489345
   0.1   0.03   2.272038988793484
   0.1   0.03   1.8698338259818508
   0.1   0.03   1.2475703761655117
   0.1   0.03   1.5506904820012022
   0.1   0.03   2.6440491514438307
   0.1   0.03   0.05507978464194115
   0.1   0.03   3.7256372970551537
   0.1   0.03   2.0894763417278592
   0.1   0.03   1.4439652602967126
   0.1   0.03   1.2135845229908913
   0.1   0.03   2.414790222759844
   0.1   0.03   5.308944658444822
   0.1   0.03   5.891687907541025
   0.1   0.03   4.5040072823957775
   0.1   0.03   4.800269315328767
   0.1   0.03   1.4785445071474796
   0.1   0.03   1.9150540164040215
   0.1   0.03   2.935646655410446
   0.1   0.03   1.8831802678189504
   0.1   0.03   5.297191605170203
   0.1   0.03   4.762483272140024
   0.1   0.03   1.8175431035366703
   0.1   0.03   1.7096060820234715
   0.1   0.03   5.571091395590352
   0.1   0.03   3.338852393970623
   0.1   0.03   5.339472857517691
   0.1   0.03   1.372332324644211
   0.1   0.03   4.653653410501121
   0.1   0.03   1.328564680696736
   0.1   0.03   3.7041747741917233
   0.1   0.03   1.7638546808273619
   0.1   0.03   0.5082486079524599
   0.1   0.03   5.532141788768568
   0.1   0.03   2.513802099474865
   0.1   0.03   3.744640469093023
   0.1   0.03   2.187259802505356
   0.1   0.03   4.467699180972924
   0.1   0.03   1.0803330022899955
   0.1   0.03   5.587284794767547
   0.1   0.03   2.384458595747385
   0.1   0.03   1.8932552176827946
   0.1   0.03   5.652026945926393
   0.1   0.03   3.990054012479934
   0.1   0.03   6.211283729181814
   0.1   0.03   1.6403996685692104
   0.1   0.03   3.7747095007832447
   0.1   0.03   4.002863574122356
   0.1   0.03   4.621585850783156
   0.1   0.03   3.518802606423489
   0.1   0.03   5.721722902557775
   0.1   0.03   4.04313958707581
   0.1   0.03   0.7779380464140251
   0.1   0.03   5.850883777613036
   0.1   0.03   5.2979976499133
   0.1   0.03   4.161083170415793
   0.1   0.03   6.168858227142806
   0.1   0.03   1.1700126518058749
   0.1   0.03   5.528783081646546
   0.1   0.03   6.100251780595249
   0.1   0.03   5.317444818821859
   0.1   0.03   4.0470813042322185
   0.1   0.03   1.5078973578438137
   0.1   0.03   2.6670685306294986
   0.1   0.03   4.706954741355685
   0.1   0.03   0.005371435892465247
   0.1   0.03   5.747173503009341
   0.1   0.03   3.507261739820423
   0.1   0.03   5.83114204739351
   0.1   0.03   5.493622570086786
   0.1   0.03   5.074463643682449
   0.1   0.03   0.9600351881947452
   0.1   0.03   3.9681680055949826
   0.1   0.03   5.956434946223065
   0.1   0.03   0.7021223055178258
   0.1   0.03   2.4254601280703145
   0.1   0.03   2.3146966634258717
   0.1   0.03   0.6650415398133092
   0.1   0.03   5.504861528702107
   0.1   0.03   2.690331300679731
   0.1   0.03   4.173957273737635
   0.1   0.03   1.2741194390068133
   0.1   0.03   3.566239153452271
   0.1   0.03   2.239896013105331
   0.1   0.03   3.9680642286290118
   0.1   0.03   0.9187917023991319
   0.1   0.03   1.9865712149830235
   0.1   0.03   3.5251354411869285
   0.1   0.03   2.7106731312082566
   0.1   0.03   4.892241722919011
   0.1   0.03   2.8183395381804166
   0.1   0.03   2.4752869319703357
   0.1   0.03   0.0983722535616048
   0.1   0.03   4.052829358296675
   0.1   0.03   5.401031634831768
   0.1   0.03   4.234228866370691
   0.1   0.03   2.319103269431014
   0.1   0.03   0.6666096235650286
   0.1   0.03   4.712955253245674
   0.1   0.03   5.024467938128406
   0.1   0.03   5.307739899262312
   0.1   0.03   2.600284917413193
   0.1   0.03   1.678284071559629
   0.1   0.03   4.079838984757039
   0.1   0.03   0.5115452179712091
   0.1   0.03   1.9240290152243986
   0.1   0.03   3.920044061185046
   0.1   0.03   0.9146974609358118
   0.1   0.03   2.66869190828407
   0.1   0.03   2.488092540016886
   0.1   0.03   2.1808639487744217
   0.1   0.03   2.2203812650205044
   0.1   0.03   4.615944951343739
   0.1   0.03   0.8220081627560102
   0.1   0.03   2.5253605938596904
   0.1   0.03   1.5229733793265534
   0.1   0.03   6.001291756036972
   0.1   0.03   2.407686634220957
   0.1   0.03   0.49990930331891303
   0.1   0.03   4.992799727859544
   0.1   0.03   5.320104104490864
   0.1   0.03   4.980081486106607
   0.1   0.03   4.374004977264709
   0.1   0.03   6.076307734089452
   0.1   0.03   5.264390280106173
   0.1   0.03   5.197193344616604
   0.1   0.03   2.1924396123849093
   0.1   0.03   0.8098878634334157
   0.1   0.03   0.23938231752456363
   0.1   0.03   0.9897202103405909
   0.1   0.03   1.2750510794020773
   0.1   0.03   6.188816151551691
   0.1   0.03   0.4671531489698019
   0.1   0.03   2.1584483807745856
   0.1   0.03   0.24984406006496812
   0.1   0.03   4.209847358771538
   0.1   0.03   3.5224916421671932
   0.1   0.03   0.13986113307874634
   0.1   0.03   0.5718857197731898
   0.1   0.03   4.09457125414876
   0.1   0.03   4.352191189285226
   0.1   0.03   4.749860990695181
   0.1   0.03   3.136276755682167
   0.1   0.03   1.9891681948838638
   0.1   0.03   4.213511060997853
   0.1   0.03   2.8234281782339536
   0.1   0.03   0.6404185656329037
   0.1   0.03   3.9564097620236294
   0.1   0.03   2.4865631332722566
   0.1   0.03   4.888195618294058
   0.1   0.03   3.894960461281415
   0.1   0.03   0.34546027421407494
   0.1   0.03   1.0218681888205492
   0.1   0.03   2.404361446806352
   0.1   0.03   4.660496537253547
   0.1   0.03   0.03352932211240644
   0.1   0.03   5.4809807292158474
   0.1   0.03   4.273736541322615
   0.1   0.03   0.30268716849076116
   0.1   0.03   2.8197259397327974
   0.1   0.03   3.9617875621786376
   0.1   0.03   0.09900930786402351
   0.1   0.03   1.2138331290713666
   0.1   0.03   5.911066743477338
   0.1   0.03   2.902704007051483
   0.1   0.03   3.396684849139554
   0.1   0.03   1.694408149944315
   0.1   0.03   1.7257754103037077
   0.1   0.03   1.707650652653741
   0.1   0.03   3.9965446920858207
   0.1   0.03   5.195378326726259
   0.1   0.03   0.9196417186134939
   0.1   0.03   0.7263459309555516
   0.1   0.03   5.816252299262043
   0.1   0.03   3.6329031687338507
   0.1   0.03   4.493429405466713
   0.1   0.03   1.8966635250459833
   0.1   0.03   5.763411157335719
   0.1   0.03   2.7684368032351228
   0.1   0.03   4.452465025999143
   0.1   0.03   5.295150512264846
   0.1   0.03   0.6269305253299371
   0.1   0.03   1.133905903135456
   0.1   0.03   4.825610870441746
   0.1   0.03   1.8536057579310252
   0.1   0.03   5.54582910705928
   0.1   0.03   3.80620421391365
   0.1   0.03   0.36995690618454485
   0.1   0.03   0.5484789953392163
   0.1   0.03   0.6945508171419987
   0.1   0.03   5.91371092542163
   0.1   0.03   4.918974108904105
   0.1   0.03   0.11064915446713172
   0.1   0.03   0.07555480860342963
   0.1   0.03   4.709325478820289
   0.1   0.03   0.7392907123671012
   0.1   0.03   4.5411459859929035
   0.1   0.03   2.1872400755400787
   0.1   0.03   3.281154859950441
   0.1   0.03   1.7897661219915286
   0.1   0.03   3.586393667072863
   0.1   0.03   1.3513269894174773
   0.1   0.03   5.351882066648791
   0.1   0.03   5.656326576795185
   0.1   0.03   3.8245209228353447
   0.1   0.03   2.6741469425380404
   0.1   0.03   5.7781511285483065
   0.1   0.03   3.113861764197877
   0.1   0.03   5.708622572005194
   0.1   0.03   4.042788605681934
   0.1   0.03   5.567527297313269
   0.1   0.03   0.742496364682503
   0.1   0.03   5.653077957381292
   0.1   0.03   3.007306983293515
   0.1   0.03   4.102184791041646
   0.1   0.03   1.3306338254321468
   0.1   0.03   0.3006700487175021
   0.1   0.03   3.5468361123425356
   0.1   0.03   2.4060642638579655
   0.1   0.03   3.5331075847732687
   0.1   0.03   3.444714789452442
   0.1   0.03   1.454219829282227
   0.1   0.03   0.6892814734627676
   0.1   0.03   5.977116545529873
   0.1   0.03   3.374308346208656
   0.1   0.03   4.834332544664694
   0.1   0.03   4.678369021289745
   0.1   0.03   1.898327075677961
   0.1   0.03   4.3523375527073975
   0.1   0.03   2.6858802163839988
   0.1   0.03   5.030673559223722
   0.1   0.03   3.311863954490275
   0.1   0.03   6.27737888827586
   0.1   0.03   1.4950256377661868
   0.1   0.03   1.1969552261642642
   0.1   0.03   6.200020161702962
   0.1   0.03   5.481221357528161
   0.1   0.03   2.963946257460152
   0.1   0.03   3.31408023713013
   0.1   0.03   2.885221822492102
   0.1   0.03   5.126670962268291
   0.1   0.03   0.207087138586942
   0.1   0.03   2.9026389917722355
   0.1   0.03   4.91862934779912
   0.1   0.03   1.6361927580560855
   0.1   0.03   2.4061204377459258
   0.1   0.03   4.5159052802595765
   0.1   0.03   5.557896219301273
   0.1   0.03   1.6999374778650742
   0.1   0.03   4.065672790505254
   0.1   0.03   4.178412954585854
   0.1   0.03   4.612565950914017
   0.1   0.03   2.239336650008547
   0.1   0.03   2.531834440368232
   0.1   0.03   2.747671282789443
   0.1   0.03   5.500646773822161
   0.1   0.03   4.478624240733259
   0.1   0.03   1.7225832497758804
   0.1   0.03   5.532138249528341
   0.1   0.03   3.6345565808432356
   0.1   0.03   5.2137858761977425
   0.1   0.03   5.4097925559831435
   0.1   0.03   5.10688501572659
   0.1   0.03   2.0486564363723914
   0.1   0.03   3.5550189886545587
   0.1   0.03   4.576723602606943
   0.1   0.03   2.6394217949574537
   0.1   0.03   1.9276035410958468
   0.1   0.03   2.8636684481066115
   0.1   0.03   0.8838014281409223
   0.1   0.03   5.676356329463677
   0.1   0.03   5.138110080121093
   0.1   0.03   1.5024692648939446
   0.1   0.03   6.17984902473559
   0.1   0.03   5.3884725091423205
   0.1   0.03   6.280743891698802
   0.1   0.03   2.103292611920325
   0.1   0.03   5.322328679244598
   0.1   0.03   1.5150916043027594
   0.1   0.03   0.773750868096348
   0.1   0.03   1.6657466376891734
   0.1   0.03   3.486662066331954
   0.1   0.03   1.3430828029747657
   0.1   0.03   4.561965527925415
   0.1   0.03   5.2603431081975005
   0.1   0.03   3.2797335494016275
   0.1   0.03   3.541413758221446
   0.1   0.03   1.6266205810134158
   0.1   0.03   1.4126876660937548
   0.1   0.03   1.237642138061391
   0.1   0.03   5.805343203837289
   0.1   0.03   3.396951976849795
   0.1   0.03   6.062800120211716
   0.1   0.03   3.169469292864002
   0.1   0.03   3.0629453809675327
   0.1   0.03   1.5558970369015124
   0.1   0.03   1.7599291410791251
   0.1   0.03   4.015187406438967
   0.1   0.03   2.938493813792988
   0.1   0.03   5.421638867932489
   0.1   0.03   0.44143147777600733
   0.1   0.03   4.930122965847525
   0.1   0.03   0.7921490426325142
   0.1   0.03   6.277921746011526
   0.1   0.03   2.3740544243730377
   0.1   0.03   2.084451461670719
   0.1   0.03   4.9545243977995606
   0.1   0.03   4.869293273579556
   0.1   0.03   0.7841217795932177
   0.1   0.03   5.961591031194876
   0.1   0.03   5.694985158055706
   0.1   0.03   6.100224714966499
   0.1   0.03   2.785745017121336
   0.1   0.03   2.6833454721632415
   0.1   0.03   5.552590441695467
   0.1   0.03   0.14221082104076313
   0.1   0.03   6.149999337538131
   0.1   0.03   3.5334840406081756
   0.1   0.03   0.5556374092321604
   0.1   0.03   3.2533770188291853
   0.1   0.03   0.8094029900455518
   0.1   0.03   2.9173430193978027
   0.1   0.03   1.205782754088101
   0.1   0.03   4.739370025252704
   0.1   0.03   1.9026284530674713
   0.1   0.03   3.7041275005969605
   0.1   0.03   4.657946056792896
   0.1   0.03   0.5791827857826958
   0.1   0.03   5.864245987660619
   0.1   0.03   3.047451267693825
   0.1   0.03   4.137173185559486
   0.1   0.03   1.783062930765387
   0.1   0.03   0.9604844618593346
   0.1   0.03   4.377031782104917
   0.1   0.03   1.1302357583693998
   0.1   0.03   4.417780748079096
   0.1   0.03   4.782265280385267
   0.1   0.03   3.450873453429529
   0.1   0.03   3.8127799585426843
   0.1   0.03   2.5866243118177747
   0.1   0.03   2.203646421618893
   0.1   0.03   3.373902536188446
   0.1   0.03   0.725845155342536
   0.1   0.03   1.859242442672112
   0.1   0.03   1.471605536998627
   0.1   0.03   5.502909961686382
   0.1   0.03   4.995897898687868
   0.1   0.03   0.5682369479594628
   0.1   0.03   0.7570345772702171
   0.1   0.03   2.2926570824868255
   0.1   0.03   0.16127011514155493
   0.1   0.03   6.042942039549755
   0.1   0.03   2.0473118617174286
   0.1   0.03   0.5003292036474668
   0.1   0.03   1.8010657828685983
   0.1   0.03   2.9440834717189084
   0.1   0.03   4.2289450821770895
   0.1   0.03   3.6224436367777364
   0.1   0.03   3.111668215528144
   0.1   0.03   0.8649844455332631
   0.1   0.03   0.8245570897750045
   0.1   0.03   1.432272177468306
   0.1   0.03   0.084152124497634
   0.1   0.03   3.7624568492839963
   0.1   0.03   4.271244935297178
   0.1   0.03   0.1584609945710403
   0.1   0.03   3.3573060036387794
   0.1   0.03   1.2990823517888914
   0.1   0.03   5.290704823834861
   0.1   0.03   4.329551771268725
   0.1   0.03   1.0139060201286123
   0.1   0.03   2.1722778929049875
   0.1   0.03   5.1948294162279645
   0.1   0.03   1.312467072976468
   0.1   0.03   0.7913253380177038
   0.1   0.03   1.0009072842784112
   0.1   0.03   1.5132809451532734
   0.1   0.03   6.255041395835857
   0.1   0.03   4.75437959468009
   0.1   0.03   1.7442679075823795
   0.1   0.03   5.599633939786258
   0.1   0.03   4.255586552373717
   0.1   0.03   3.1894837253452515
   0.1   0.03   1.4101561416923871
   0.1   0.03   1.772768476008594
   0.1   0.03   1.2235319312133934
   0.1   0.03   0.5106456996332813
   0.1   0.03   3.6320365590577337
   0.1   0.03   0.19528309489830026
   0.1   0.03   1.6131958707808904
   0.1   0.03   5.912430726951046
   0.1   0.03   3.976102794203095
   0.1   0.03   3.6206653881444604
   0.1   0.03   2.573936405356816
   0.1   0.03   5.008807293140464
   0.1   0.03   1.647961242619163
   0.1   0.03   1.4442235022893812
   0.1   0.03   5.905126423694599
   0.1   0.03   6.1137318385722805
   0.1   0.03   5.782834563213029
   0.1   0.03   5.293313870415328
   0.1   0.03   3.6574431941934367
   0.1   0.03   5.706980451087069
   0.1   0.03   1.4659004477798685
   0.1   0.03   0.5485713926457936
   0.1   0.03   3.3801822654787754
   0.1   0.03   2.783497000458877
   0.1   0.03   2.7220582839060596
   0.1   0.03   4.071313426612278
   0.1   0.03   3.904314015958974
   0.1   0.03   5.89673205735271
   0.1   0.03   6.052169472726975
   0.1   0.03   2.501004661018183
   0.1   0.03   2.7921819271021255
   0.1   0.03   4.643306092238132
   0.1   0.03   5.93215447468742
   0.1   0.03   6.2760962144866514
   0.1   0.03   2.7081477226583615
   0.1   0.03   6.000504376851145
   0.1   0.03   5.244783268467071
   0.1   0.03   1.3138551412992767
   0.1   0.03   0.6603328963698045
   0.1   0.03   0.3638822063114063
   0.1   0.03   3.394735202102856
   0.1   0.03   3.7678134539934063
   0.1   0.03   3.367306527573361
   0.1   0.03   1.9855812961205987
   0.1   0.03   2.6885827973774035
   0.1   0.03   1.872396646543252
   0.1   0.03   0.2868119184052945
   0.1   0.03   4.227391493352308
   0.1   0.03   1.2126825411842501
   0.1   0.03   5.326370001882833
   0.1   0.03   1.7789556275222218
   0.1   0.03   1.7045364069409097
   0.1   0.03   1.8073232353618005
   0.1   0.03   1.6503754931410883
   0.1   0.03   3.4637358093220945
   0.1   0.03   2.90052068704319
   0.1   0.03   4.204291297792594
   0.1   0.03   5.523124747657142
   0.1   0.03   5.267006682718224
   0.1   0.03   4.994235439109573
   0.1   0.03   6.011485091938402
   0.1   0.03   4.176258133036432
   0.1   0.03   2.1866504904625916
   0.1   0.03   1.263213918878307
   0.1   0.03   4.3640481506009285
   0.1   0.03   1.4562442352440996
   0.1   0.03   2.832339082557319
   0.1   0.03   1.750408937453559
   0.1   0.03   1.946779892308561
   0.1   0.03   5.762578132772713
   0.1   0.03   5.5456525701808195
   0.1   0.03   2.3839975632461865
   0.1   0.03   3.3290801619591908
   0.1   0.03   5.930670877814631
   0.1   0.03   4.46322119494766
   0.1   0.03   6.066495772531364
   0.1   0.03   2.9732589005280827
   0.1   0.03   5.395707658973282
   0.1   0.03   0.30597111940374105
   0.1   0.03   3.347846306730312
   0.1   0.03   2.313323472911789
   0.1   0.03   0.951283419291702
   0.1   0.03   4.820861721474062
   0.1   0.03   1.5829961982479062
   0.1   0.03   5.441066519286052
   0.1   0.03   1.289583769226718
   0.1   0.03   2.87123797289684
   0.1   0.03   2.2487439999729526
   0.1   0.03   1.3564055439427505
   0.1   0.03   3.1632899297998813
   0.1   0.03   4.645974142850116
   0.1   0.03   1.48999809663112
   0.1   0.03   0.9261957072944403
   0.1   0.03   2.0095681994525374
   0.1   0.03   3.7519021752519777
   0.1   0.03   0.6635224249864571
   0.1   0.03   1.0395522217387023
   0.1   0.03   6.037648844530498
   0.1   0.03   4.891545403730977
   0.1   0.03   0.9397438447902288
   0.1   0.03   0.6648435415492098
   0.1   0.03   6.245191160228319
   0.1   0.03   3.0727220087645297
   0.1   0.03   0.06072114697703055
   0.1   0.03   1.39162632619398
   0.1   0.03   4.9930777568264135
   0.1   0.03   3.2551347678235407
   0.1   0.03   3.32075535028506
   0.1   0.03   4.863014368347917
   0.1   0.03   1.1291052379475697
   0.1   0.03   4.2152345900154256
   0.1   0.03   4.735387385221952
   0.1   0.03   0.562383581340883
   0.1   0.03   5.340930000642824
   0.1   0.03   5.505266768597775
   0.1   0.03   1.8229377174918318
   0.1   0.03   1.9252699486151406
   0.1   0.03   5.437634363231212
   0.1   0.03   3.907910624298509
   0.1   0.03   1.449225704704304
   0.1   0.03   3.694017022712804
   0.1   0.03   2.4746053077987438
   0.1   0.03   2.7354257401890703
   0.1   0.03   0.35581052816809855
   0.1   0.03   2.5359052144260903
   0.1   0.03   3.3667197270304654
   0.1   0.03   6.081123148791673
   0.1   0.03   0.6236445463685516
   0.1   0.03   3.727372565743917
   0.1   0.03   0.6941848877409794
   0.1   0.03   5.480034955529532
   0.1   0.03   2.373176113194991
   0.1   0.03   1.9992946921932875
   0.1   0.03   5.705353758891884
   0.1   0.03   0.41026114505763345
   0.1   0.03   5.592555621121526
   0.1   0.03   4.264164055796088
   0.1   0.03   0.39769721834956495
   0.1   0.03   1.002924383651887
   0.1   0.03   4.5424825436378
   0.1   0.03   4.577989581324018
   0.1   0.03   5.5604907509471175
   0.1   0.03   5.120750927207658
   0.1   0.03   4.187249226863023
   0.1   0.03   5.380869405126027
   0.1   0.03   4.321742329758197
