   40
   7
   1.0
   0.1   0.03   6.159998954671384
   0.1   0.03   3.6158358704092097
   0.1   0.03   1.842387221665243
   0.1   0.03   2.7201367175638986
   0.1   0.03   4.8419656928508
   0.1   0.03   2.734895742893457
   0.1   0.03   4.252628425792536
   0.1   0.03   4.137702625657278
   0.1   0.03   6.124644111512948
   0.1   0.03   6.188922869966452
   0.1   0.03   4.944262846078682
   0.1   0.03   2.3169169690772984
   0.1   0.03   4.939148338723339
   0.1   0.03   1.3514062783529845
   0.1   0.03   2.30691774229243
   0.1   0.03   2.9566356679029746
   0.1   0.03   3.7821968640824477
   0.1   0.03   1.3416959499730332
   0.1   0.03   1.4840744031924726
   0.1   0.03   4.773014723799907
   0.1   0.03   6.20321543643199
   0.1   0.03   2.649055976235698
   0.1   0.03   5.060250293993218
   0.1   0.03   3.7447900952495137
   0.1   0.03   3.0706149667976095
   0.1   0.03   1.2031664039987036
   0.1   0.03   3.367473697331667
   0.1   0.03   0.645453467648863
   0.1   0.03   3.6362582928516596
   0.1   0.03   2.5315655989364285
   0.1   0.03   2.418683689576602
   0.1   0.03   4.692688121523387
   0.1   0.03   4.674662056043843
   0.1   0.03   3.816728152409411
   0.1   0.03   3.388913544594624
   0.1   0.03   0.08616660713236406
   0.1   0.03   4.706093449882613
   0.1   0.03   2.591540036739435
   0.1   0.03   4.847237734090579
   0.1   0.03   4.837451398304309
