   250
   7
   3.0
   0.1   0.03   4.684676033018475
   0.1   0.03   0.8896091804674352
   0.1   0.03   0.4107442712869085
   0.1   0.03   5.591710425719039
   0.1   0.03   1.8890370713937554
   0.1   0.03   6.189407307117896
   0.1   0.03   1.9849805017122018
   0.1   0.03   1.8093011294252817
   0.1   0.03   1.9423962892198394
   0.1   0.03   4.37805075529418
   0.1   0.03   0.6363480939212321
   0.1   0.03   5.619297431619233
   0.1   0.03   4.340649360573731
   0.1   0.03   5.913295872203974
   0.1   0.03   0.5686526250164907
   0.1   0.03   4.515960597204218
   0.1   0.03   4.293578327750182
   0.1   0.03   3.75966176159961
   0.1   0.03   1.594376387873511
   0.1   0.03   2.865532558264789
   0.1   0.03   3.8016324292327868
   0.1   0.03   4.057867807721148
   0.1   0.03   2.6914811988545817
   0.1   0.03   4.9291794357095124
   0.1   0.03   1.6293583097575628
   0.1   0.03   0.6063363224120553
   0.1   0.03   5.5814055627293895
   0.1   0.03   4.102733331647247
   0.1   0.03   1.1372480177262618
   0.1   0.03   3.4481673090904232
   0.1   0.03   4.008736422232564
   0.1   0.03   6.055642681477174
   0.1   0.03   1.0143100926312192
   0.1   0.03   0.7106379054196938
   0.1   0.03   5.670230481002112
   0.1   0.03   2.5692711802335184
   0.1   0.03   0.03142216934964366
   0.1   0.03   1.4074933542940125
   0.1   0.03   5.138044462795132
   0.1   0.03   3.781665713411376
   0.1   0.03   1.6830920124336821
   0.1   0.03   0.7624158945016856
   0.1   0.03   4.020855444090419
   0.1   0.03   0.3926370240000414
   0.1   0.03   5.082265833642024
   0.1   0.03   3.700715351866102
   0.1   0.03   5.5557321346437885
   0.1   0.03   0.36408223093105474
   0.1   0.03   2.1528981628942727
   0.1   0.03   5.512138170580465
   0.1   0.03   4.292137031554293
   0.1   0.03   4.907606712844488
   0.1   0.03   5.196308175875621
   0.1   0.03   3.788531173943919
   0.1   0.03   1.9420987264170153
   0.1   0.03   5.376620115845816
   0.1   0.03   2.7588953591846654
   0.1   0.03   5.152351233422573
   0.1   0.03   1.5442173576770066
   0.1   0.03   4.391833761547861
   0.1   0.03   0.621797490982692
   0.1   0.03   2.422735835234367
   0.1   0.03   2.584782649183928
   0.1   0.03   5.286754674174681
   0.1   0.03   6.189731984666571
   0.1   0.03   1.2991015909533754
   0.1   0.03   0.8758697455714427
   0.1   0.03   5.7102241677035135
   0.1   0.03   1.5853338264323003
   0.1   0.03   5.953287453854316
   0.1   0.03   1.9051467660207255
   0.1   0.03   3.7893421020379368
   0.1   0.03   1.321447969013608
   0.1   0.03   1.879951471996493
   0.1   0.03   3.363892752793759
   0.1   0.03   4.301936234104406
   0.1   0.03   3.4651151142570527
   0.1   0.03   6.120609641683104
   0.1   0.03   5.256666178499407
   0.1   0.03   4.1162799366330125
   0.1   0.03   5.183503737036586
   0.1   0.03   1.0537921650119717
   0.1   0.03   6.256637488977705
   0.1   0.03   3.558879137425985
   0.1   0.03   1.5535427272478095
   0.1   0.03   2.226029373479559
   0.1   0.03   0.9363513577766885
   0.1   0.03   0.8909789427643261
   0.1   0.03   0.7004023302003305
   0.1   0.03   5.840756654457278
   0.1   0.03   3.1126950400072424
   0.1   0.03   1.1534434834900547
   0.1   0.03   3.2185796260040727
   0.1   0.03   2.4803447400973977
   0.1   0.03   4.115711785229118
   0.1   0.03   0.40174721245765244
   0.1   0.03   5.263848856321687
   0.1   0.03   3.0653238484522816
   0.1   0.03   2.562494448358736
   0.1   0.03   5.957260841452266
   0.1   0.03   3.1272336738667557
   0.1   0.03   5.733159952884017
   0.1   0.03   3.658846094602195
   0.1   0.03   1.7743866833277058
   0.1   0.03   4.10636141986459
   0.1   0.03   0.5475424674130625
   0.1   0.03   4.259947370829274
   0.1   0.03   6.250321006404518
   0.1   0.03   1.862673665877154
   0.1   0.03   4.055540837020917
   0.1   0.03   2.50760768665663
   0.1   0.03   5.041992797516508
   0.1   0.03   5.522428838186207
   0.1   0.03   1.5879518642386852
   0.1   0.03   4.108967080910889
   0.1   0.03   6.269316331772031
   0.1   0.03   5.324017843188398
   0.1   0.03   4.237035012353835
   0.1   0.03   4.592585205186096
   0.1   0.03   0.5834069714540088
   0.1   0.03   5.315204360363149
   0.1   0.03   5.840423114981571
   0.1   0.03   1.8895157689270083
   0.1   0.03   4.670653621990968
   0.1   0.03   0.4172974683989147
   0.1   0.03   4.99705126067318
   0.1   0.03   3.8613577319970034
   0.1   0.03   2.7867188679609955
   0.1   0.03   1.275899749140065
   0.1   0.03   5.5742368279714585
   0.1   0.03   4.828190671618618
   0.1   0.03   3.682668342337554
   0.1   0.03   4.64786463907756
   0.1   0.03   0.22827654068120393
   0.1   0.03   1.1703624246455542
   0.1   0.03   3.8694509117467613
   0.1   0.03   5.295096944071671
   0.1   0.03   4.446179732208894
   0.1   0.03   3.379597089101009
   0.1   0.03   1.0622991464738825
   0.1   0.03   6.051962149328352
   0.1   0.03   4.762381307795136
   0.1   0.03   0.9592776818868997
   0.1   0.03   1.8180125985557176
   0.1   0.03   2.2759898442364928
   0.1   0.03   5.792824968626843
   0.1   0.03   3.8697060090494912
   0.1   0.03   0.22368044820632788
   0.1   0.03   1.0334692780289894
   0.1   0.03   0.18809916358747344
   0.1   0.03   4.0294793060067144
   0.1   0.03   0.3692010732462365
   0.1   0.03   1.3691083108948132
   0.1   0.03   0.7053721562141323
   0.1   0.03   3.161255803462676
   0.1   0.03   0.07869007549884324
   0.1   0.03   6.233802714878098
   0.1   0.03   1.41545233688096
   0.1   0.03   1.752549777365008
   0.1   0.03   6.191039210983469
   0.1   0.03   6.176425825949469
   0.1   0.03   0.2865845583230418
   0.1   0.03   5.700360156145149
   0.1   0.03   3.098503463534577
   0.1   0.03   3.815163358288351
   0.1   0.03   0.14453909481160068
   0.1   0.03   3.738360301563759
   0.1   0.03   6.0087310558488385
   0.1   0.03   2.320511838773865
   0.1   0.03   0.9805282775190516
   0.1   0.03   2.6619009225592514
   0.1   0.03   6.277781597348809
   0.1   0.03   1.0195996672342724
   0.1   0.03   1.6406199604282286
   0.1   0.03   0.6161485974254218
   0.1   0.03   2.240095672162664
   0.1   0.03   5.796523569028491
   0.1   0.03   5.914469625148958
   0.1   0.03   4.128088574576893
   0.1   0.03   4.085769055673347
   0.1   0.03   3.162850486903344
   0.1   0.03   2.080103682643952
   0.1   0.03   3.913855008650027
   0.1   0.03   5.06326318669025
   0.1   0.03   3.4673230705915112
   0.1   0.03   0.5684115417794662
   0.1   0.03   3.1770679461172144
   0.1   0.03   2.64344513862648
   0.1   0.03   2.3856214564475184
   0.1   0.03   0.34705704730674064
   0.1   0.03   4.998880284959289
   0.1   0.03   6.073915829505041
   0.1   0.03   1.9071095694626885
   0.1   0.03   2.570033825053902
   0.1   0.03   3.656652543357923
   0.1   0.03   1.9543772838338105
   0.1   0.03   4.3743387110413705
   0.1   0.03   1.5005831466746644
   0.1   0.03   4.490302439868471
   0.1   0.03   4.2424541204382145
   0.1   0.03   0.2458910640319552
   0.1   0.03   5.390700999173641
   0.1   0.03   6.228029292909241
   0.1   0.03   5.11867684807024
   0.1   0.03   3.7368794492040394
   0.1   0.03   2.1201331763851496
   0.1   0.03   1.2296098138784781
   0.1   0.03   5.655814985266631
   0.1   0.03   5.830810458179252
   0.1   0.03   1.7137482611241739
   0.1   0.03   5.914703601136344
   0.1   0.03   1.9329303239608355
   0.1   0.03   2.501955748624663
   0.1   0.03   5.855284127135196
   0.1   0.03   1.1137993449102008
   0.1   0.03   1.7808739293273015
   0.1   0.03   5.746024957989613
   0.1   0.03   3.64008230133668
   0.1   0.03   5.697265681778321
   0.1   0.03   1.5134700389804774
   0.1   0.03   4.418799168003113
   0.1   0.03   5.979973031336109
   0.1   0.03   0.8513412616909909
   0.1   0.03   1.6721990616911133
   0.1   0.03   3.5823753395800306
   0.1   0.03   3.5996726861705377
   0.1   0.03   1.9998772149806614
   0.1   0.03   1.6555931025735346
   0.1   0.03   0.9860058507072493
   0.1   0.03   5.2688672558735155
   0.1   0.03   3.803268935807797
   0.1   0.03   0.33897659066298796
   0.1   0.03   6.224208672552746
   0.1   0.03   3.6206775945963567
   0.1   0.03   0.016135576250278668
   0.1   0.03   4.123616847152697
   0.1   0.03   4.408304421721636
   0.1   0.03   0.5710844299210279
   0.1   0.03   0.9787448009132883
   0.1   0.03   5.8177643108804
   0.1   0.03   4.0711465515202905
   0.1   0.03   3.417706404786994
   0.1   0.03   5.2954350055856585
   0.1   0.03   4.425081731609965
   0.1   0.03   2.038435343680019
   0.1   0.03   5.540534012087982
   0.1   0.03   2.621696221068845
   0.1   0.03   4.024300189627774
   0.1   0.03   2.249759163482989
   0.1   0.03   2.694329971082384
