   300
   7
   0.1
   0.1   0.03   1.4739635677407874
   0.1   0.03   0.2821708353875125
   0.1   0.03   0.8761751214163973
   0.1   0.03   6.1546582841185815
   0.1   0.03   4.493737189443849
   0.1   0.03   4.369162014640228
   0.1   0.03   5.697191908082022
   0.1   0.03   3.5673667105404214
   0.1   0.03   0.30649023199486636
   0.1   0.03   0.7604444791903502
   0.1   0.03   3.2043457265176865
   0.1   0.03   3.9192765979747572
   0.1   0.03   1.8015144407550234
   0.1   0.03   1.7551495245108542
   0.1   0.03   0.09226281059712105
   0.1   0.03   1.7244369241528443
   0.1   0.03   0.07177843093229366
   0.1   0.03   4.6810800561359365
   0.1   0.03   0.5201677095217453
   0.1   0.03   6.048181849991665
   0.1   0.03   2.0445236735535395
   0.1   0.03   3.6859530448253315
   0.1   0.03   4.0287865670617
   0.1   0.03   5.297526959398238
   0.1   0.03   1.3132109816194062
   0.1   0.03   4.617054822250131
   0.1   0.03   3.1042241978064595
   0.1   0.03   2.7919639579585347
   0.1   0.03   1.4848019470866167
   0.1   0.03   3.899834202341385
   0.1   0.03   1.0034102275343646
   0.1   0.03   1.4509907812756728
   0.1   0.03   1.63664222411376
   0.1   0.03   4.275880863103581
   0.1   0.03   3.3839267555166077
   0.1   0.03   2.2029389668837864
   0.1   0.03   6.022399290117451
   0.1   0.03   0.2941859589184846
   0.1   0.03   3.137900950995428
   0.1   0.03   5.646635997340828
   0.1   0.03   0.3748796630902391
   0.1   0.03   2.3541517898760898
   0.1   0.03   0.6859553359376436
   0.1   0.03   3.0920083493127892
   0.1   0.03   4.228601569432822
   0.1   0.03   1.8214297795180363
   0.1   0.03   0.16156249928991656
   0.1   0.03   5.084683312975454
   0.1   0.03   2.361307602415355
   0.1   0.03   2.4287285765155304
   0.1   0.03   3.2846326822072682
   0.1   0.03   0.13967363645032516
   0.1   0.03   3.952303261832235
   0.1   0.03   0.3200292935098102
   0.1   0.03   4.54241826572883
   0.1   0.03   4.555201290162066
   0.1   0.03   4.0493071827594145
   0.1   0.03   4.043238717422054
   0.1   0.03   5.512754832306803
   0.1   0.03   0.2745231914043438
   0.1   0.03   0.28265584274134437
   0.1   0.03   4.596361091835715
   0.1   0.03   5.965115418368251
   0.1   0.03   0.6606925874292552
   0.1   0.03   3.333599492681995
   0.1   0.03   0.8343965843709782
   0.1   0.03   2.104054423877213
   0.1   0.03   5.870562963724076
   0.1   0.03   1.8325175348962208
   0.1   0.03   3.166125627807875
   0.1   0.03   1.7826779157372952
   0.1   0.03   0.9678248749054831
   0.1   0.03   0.602202005877237
   0.1   0.03   0.547079158990768
   0.1   0.03   2.9762991248739468
   0.1   0.03   3.5669726211458497
   0.1   0.03   5.116976505140968
   0.1   0.03   0.09492684221723748
   0.1   0.03   1.4630682265890476
   0.1   0.03   5.1551732545076465
   0.1   0.03   4.100790055998545
   0.1   0.03   1.6764783930991558
   0.1   0.03   0.6684573714944284
   0.1   0.03   5.36784205994002
   0.1   0.03   3.150768241170777
   0.1   0.03   6.054667169799041
   0.1   0.03   5.1532731390914375
   0.1   0.03   5.024707007809609
   0.1   0.03   3.9965623993741657
   0.1   0.03   1.2765250254867688
   0.1   0.03   1.2957884112992621
   0.1   0.03   1.7546888564745495
   0.1   0.03   2.8618639796836898
   0.1   0.03   0.23008892088432129
   0.1   0.03   2.0367281629391045
   0.1   0.03   5.2668858247914985
   0.1   0.03   0.4800329073977787
   0.1   0.03   3.230423501111603
   0.1   0.03   5.262845214177368
   0.1   0.03   2.274613220559506
   0.1   0.03   2.356562272514356
   0.1   0.03   5.944296555754309
   0.1   0.03   4.314761284354196
   0.1   0.03   5.608173757822781
   0.1   0.03   3.1679581500058487
   0.1   0.03   4.13312173034458
   0.1   0.03   1.4743562748947516
   0.1   0.03   1.3457388334293177
   0.1   0.03   0.0227374580211059
   0.1   0.03   3.4694757001443826
   0.1   0.03   2.2666420142545842
   0.1   0.03   5.921094552937469
   0.1   0.03   2.322819813886714
   0.1   0.03   4.6213703163863915
   0.1   0.03   2.6556430174565917
   0.1   0.03   3.9020939281152756
   0.1   0.03   2.214536787618442
   0.1   0.03   1.9624250953530415
   0.1   0.03   3.873773595760028
   0.1   0.03   3.199970250995702
   0.1   0.03   1.939669583620314
   0.1   0.03   1.3100479582087912
   0.1   0.03   0.16857399531955314
   0.1   0.03   2.0266560592782503
   0.1   0.03   4.11580916465742
   0.1   0.03   3.4158942154642475
   0.1   0.03   3.621909018820023
   0.1   0.03   1.1417645079783
   0.1   0.03   5.260012413310633
   0.1   0.03   4.0288135523360165
   0.1   0.03   1.0231959062177043
   0.1   0.03   2.6371941859248866
   0.1   0.03   1.6317457444915102
   0.1   0.03   1.4945612564534843
   0.1   0.03   3.126223696519383
   0.1   0.03   4.37676213772873
   0.1   0.03   1.922828558253108
   0.1   0.03   5.243427958951509
   0.1   0.03   3.479895398098337
   0.1   0.03   0.5152254316282409
   0.1   0.03   5.764419094710495
   0.1   0.03   2.615650621673876
   0.1   0.03   0.449758309132308
   0.1   0.03   2.3805442287745646
   0.1   0.03   1.2504538311023434
   0.1   0.03   6.04606866770722
   0.1   0.03   1.6855975158694874
   0.1   0.03   6.167498808646211
   0.1   0.03   1.0827757435469354
   0.1   0.03   1.6563156476420937
   0.1   0.03   4.78661627673275
   0.1   0.03   6.2181795865024325
   0.1   0.03   0.65819213592198
   0.1   0.03   3.6078276808281826
   0.1   0.03   4.544156886386852
   0.1   0.03   0.8191718398140615
   0.1   0.03   5.09673542404897
   0.1   0.03   3.320342841763177
   0.1   0.03   2.8052098083102655
   0.1   0.03   1.7804179935068878
   0.1   0.03   5.9420082960382326
   0.1   0.03   3.637014863225733
   0.1   0.03   5.326406388774306
   0.1   0.03   0.28472644003924896
   0.1   0.03   3.641539095162916
   0.1   0.03   5.838342120940298
   0.1   0.03   5.579568475922924
   0.1   0.03   5.18492313401927
   0.1   0.03   1.8579573562390244
   0.1   0.03   3.577160778051923
   0.1   0.03   3.4589464199936244
   0.1   0.03   2.6264173086708493
   0.1   0.03   3.905003268979629
   0.1   0.03   3.4764585883793733
   0.1   0.03   5.014631579232471
   0.1   0.03   5.462513726918245
   0.1   0.03   5.455658132185794
   0.1   0.03   0.6635615645441282
   0.1   0.03   5.572362337815663
   0.1   0.03   4.487889273425767
   0.1   0.03   2.1949691001878917
   0.1   0.03   3.067585694198458
   0.1   0.03   3.251060294057118
   0.1   0.03   2.192596713620825
   0.1   0.03   3.190096845644853
   0.1   0.03   5.129780610921608
   0.1   0.03   3.57539669935311
   0.1   0.03   2.384429197927582
   0.1   0.03   4.40704718160655
   0.1   0.03   1.0843746417378213
   0.1   0.03   3.645747964743357
   0.1   0.03   1.7475819259980907
   0.1   0.03   1.6634400838615038
   0.1   0.03   2.7272074993676942
   0.1   0.03   4.490617800199946
   0.1   0.03   3.6162624837530313
   0.1   0.03   6.245690735069395
   0.1   0.03   1.2910215789184571
   0.1   0.03   4.29145277608525
   0.1   0.03   0.7396760978449979
   0.1   0.03   2.4459206483862954
   0.1   0.03   0.7871272696642324
   0.1   0.03   6.1455511763922175
   0.1   0.03   3.927063479881882
   0.1   0.03   5.185248717891967
   0.1   0.03   3.785160938472842
   0.1   0.03   5.193843765140329
   0.1   0.03   5.683814875208851
   0.1   0.03   2.0221785602168727
   0.1   0.03   4.599027702281192
   0.1   0.03   2.87959891854317
   0.1   0.03   3.6979813663870775
   0.1   0.03   4.631110717984679
   0.1   0.03   4.626145667985268
   0.1   0.03   4.095939572739085
   0.1   0.03   1.2312038638714462
   0.1   0.03   0.09971425289434123
   0.1   0.03   4.9275258802114585
   0.1   0.03   0.1837096301265006
   0.1   0.03   4.091385825216949
   0.1   0.03   3.727776898748097
   0.1   0.03   2.8344871749900338
   0.1   0.03   1.4930094643804939
   0.1   0.03   0.8102243816894292
   0.1   0.03   1.086908833422709
   0.1   0.03   2.5124195675953143
   0.1   0.03   6.194198177547457
   0.1   0.03   1.5275592815735484
   0.1   0.03   5.530595009925821
   0.1   0.03   0.5516591658235589
   0.1   0.03   5.5358765262701874
   0.1   0.03   0.9229921663745382
   0.1   0.03   1.4020478546344306
   0.1   0.03   2.7193908351585256
   0.1   0.03   0.9488284648258781
   0.1   0.03   0.44835875596601243
   0.1   0.03   2.4304805490383665
   0.1   0.03   2.569818738983941
   0.1   0.03   3.958620217156556
   0.1   0.03   1.2086576056454812
   0.1   0.03   0.8278765769218321
   0.1   0.03   3.0442763617602386
   0.1   0.03   5.264594052786567
   0.1   0.03   3.0608095258462655
   0.1   0.03   6.10587982784646
   0.1   0.03   4.162239458681772
   0.1   0.03   3.6843601679099742
   0.1   0.03   2.6279215241026477
   0.1   0.03   2.298790825490781
   0.1   0.03   4.027802839396979
   0.1   0.03   1.9594934521105347
   0.1   0.03   5.439434640544955
   0.1   0.03   2.351476671803283
   0.1   0.03   1.6983440729642496
   0.1   0.03   1.5725602324633297
   0.1   0.03   4.508186384417385
   0.1   0.03   3.7776708739806897
   0.1   0.03   0.310254453478286
   0.1   0.03   4.065330529887489
   0.1   0.03   5.804171402807632
   0.1   0.03   1.7304588114460406
   0.1   0.03   5.5493553734220695
   0.1   0.03   2.6694990267157324
   0.1   0.03   3.910004874372015
   0.1   0.03   0.016538554714645513
   0.1   0.03   4.374123419986008
   0.1   0.03   0.7626869263065836
   0.1   0.03   0.9456042645697357
   0.1   0.03   0.42640023226192464
   0.1   0.03   4.945448826454386
   0.1   0.03   2.8324201805898612
   0.1   0.03   2.3462808309250685
   0.1   0.03   0.9996375395734141
   0.1   0.03   0.013947745644417338
   0.1   0.03   3.4284674334020373
   0.1   0.03   4.888698243124368
   0.1   0.03   0.2504270136637038
   0.1   0.03   5.662095493215945
   0.1   0.03   4.965118876438061
   0.1   0.03   1.323736038149524
   0.1   0.03   0.04011511076579392
   0.1   0.03   0.6034990442468481
   0.1   0.03   1.0669801210207432
   0.1   0.03   6.076501372168173
   0.1   0.03   5.852278010964106
   0.1   0.03   5.3734787661387635
   0.1   0.03   1.4434417755105589
   0.1   0.03   1.162877917589952
   0.1   0.03   2.001462980765633
   0.1   0.03   5.526971266820298
   0.1   0.03   0.3910636220427949
   0.1   0.03   0.8375609988388157
   0.1   0.03   0.43607773316166926
   0.1   0.03   5.559522944675366
   0.1   0.03   1.3932344451298602
   0.1   0.03   0.2739421538459393
   0.1   0.03   3.7741909372072935
   0.1   0.03   1.569995879088917
   0.1   0.03   0.664927343742199
   0.1   0.03   3.7105549132630067
