   40
   7
   0.1
   0.1   0.03   6.125691858879463
   0.1   0.03   3.247191487201326
   0.1   0.03   0.6696090106726101
   0.1   0.03   4.738935822722613
   0.1   0.03   2.6794263606696207
   0.1   0.03   1.1424461621831663
   0.1   0.03   3.1758321786078962
   0.1   0.03   4.0279484162484245
   0.1   0.03   2.6802981318478807
   0.1   0.03   4.777045283740632
   0.1   0.03   2.5958398543951495
   0.1   0.03   1.9814480349836776
   0.1   0.03   1.5488191267076092
   0.1   0.03   2.512175678203262
   0.1   0.03   2.5857753211432835
   0.1   0.03   5.196401421417779
   0.1   0.03   0.9729584379245158
   0.1   0.03   5.037326179642081
   0.1   0.03   1.0647819911746517
   0.1   0.03   1.3060301074904719
   0.1   0.03   2.6058982764285386
   0.1   0.03   5.18032971008942
   0.1   0.03   0.8984112721841654
   0.1   0.03   3.1680020010979844
   0.1   0.03   5.034433966933907
   0.1   0.03   2.039574922734603
   0.1   0.03   2.4522056637536496
   0.1   0.03   0.5153830525868857
   0.1   0.03   4.022812679455314
   0.1   0.03   1.6826056262065838
   0.1   0.03   0.43170845108188094
   0.1   0.03   0.07106801144229861
   0.1   0.03   2.816999400247082
   0.1   0.03   5.965243475380816
   0.1   0.03   1.7371538618808695
   0.1   0.03   4.92170658201897
   0.1   0.03   3.8594026119423
   0.1   0.03   3.1422629223679133
   0.1   0.03   4.883603845342448
   0.1   0.03   0.5759102638219481
