   300
   5
   0.1
   0.1   0.03   1.0304985717756192
   0.1   0.03   3.03387187395462
   0.1   0.03   0.24025326230549823
   0.1   0.03   1.5513883235363821
   0.1   0.03   3.9459932203626433
   0.1   0.03   5.350087107506464
   0.1   0.03   1.9286274754418138
   0.1   0.03   5.465063958271571
   0.1   0.03   5.494684500132516
   0.1   0.03   5.752139626887909
   0.1   0.03   4.85217946495613
   0.1   0.03   1.618935917635572
   0.1   0.03   5.975005508287752
   0.1   0.03   4.226922852708529
   0.1   0.03   1.5690015253087821
   0.1   0.03   3.1568888787719223
   0.1   0.03   4.755392817229247
   0.1   0.03   3.1362687892654804
   0.1   0.03   2.8183557273244904
   0.1   0.03   5.524803792257941
   0.1   0.03   4.913263965920456
   0.1   0.03   5.9595378415954805
   0.1   0.03   2.0809546690443317
   0.1   0.03   2.2034489642613853
   0.1   0.03   5.4503366633955075
   0.1   0.03   0.5287236971876669
   0.1   0.03   0.03290404716907514
   0.1   0.03   5.296044449547853
   0.1   0.03   0.41264369583717503
   0.1   0.03   2.6530316498569997
   0.1   0.03   4.306731703019593
   0.1   0.03   0.4673981086454274
   0.1   0.03   5.378733967022513
   0.1   0.03   0.22022795081095406
   0.1   0.03   0.5314605147935689
   0.1   0.03   2.8297216129607565
   0.1   0.03   4.305755626040483
   0.1   0.03   3.86373698222334
   0.1   0.03   2.7944938684567924
   0.1   0.03   3.4834257562780984
   0.1   0.03   0.27748126942002566
   0.1   0.03   2.079900925596286
   0.1   0.03   1.9113861538538242
   0.1   0.03   0.41651046133315306
   0.1   0.03   0.4225583420221755
   0.1   0.03   0.7821655828923764
   0.1   0.03   0.06367397672403612
   0.1   0.03   3.228688148101816
   0.1   0.03   5.9528602043355425
   0.1   0.03   4.290088463901648
   0.1   0.03   5.868207105889272
   0.1   0.03   0.7999058435571198
   0.1   0.03   1.8488817481881012
   0.1   0.03   4.458520117703552
   0.1   0.03   2.030364866493647
   0.1   0.03   1.2931625979356103
   0.1   0.03   5.86422746643709
   0.1   0.03   1.6578872347618505
   0.1   0.03   4.602921383051974
   0.1   0.03   5.210959111890059
   0.1   0.03   3.411377770909463
   0.1   0.03   5.5317263914562975
   0.1   0.03   0.11506910807070551
   0.1   0.03   2.8433909615678057
   0.1   0.03   6.003909373217038
   0.1   0.03   5.678900671259228
   0.1   0.03   5.956567308018237
   0.1   0.03   5.672445869311475
   0.1   0.03   5.7353309988714996
   0.1   0.03   6.086624804719285
   0.1   0.03   3.6746059173400814
   0.1   0.03   3.591654419204513
   0.1   0.03   3.4971965800107654
   0.1   0.03   5.285408837755906
   0.1   0.03   4.619615520462623
   0.1   0.03   0.8530915913465067
   0.1   0.03   6.049216874707984
   0.1   0.03   5.657791466519437
   0.1   0.03   5.758393215640043
   0.1   0.03   6.11978865638604
   0.1   0.03   3.64276739312461
   0.1   0.03   2.410233058847473
   0.1   0.03   3.1132848679472827
   0.1   0.03   3.491420773470568
   0.1   0.03   3.277139710689155
   0.1   0.03   0.8984448922902314
   0.1   0.03   5.52115948412181
   0.1   0.03   2.946677716769401
   0.1   0.03   1.7731786313568434
   0.1   0.03   0.45777386784210017
   0.1   0.03   5.598305596460387
   0.1   0.03   2.6964114477030745
   0.1   0.03   3.6992287011856675
   0.1   0.03   3.455018401586496
   0.1   0.03   4.849821180802883
   0.1   0.03   3.5293421215316063
   0.1   0.03   4.9654946374358655
   0.1   0.03   1.2736851284118542
   0.1   0.03   3.385231273521498
   0.1   0.03   3.082563226513538
   0.1   0.03   2.464490316494861
   0.1   0.03   0.4773719599326434
   0.1   0.03   5.147211337713031
   0.1   0.03   1.7459558279520535
   0.1   0.03   0.5569113561260418
   0.1   0.03   4.943594300165715
   0.1   0.03   4.007118707026348
   0.1   0.03   0.37399982543495897
   0.1   0.03   5.776011730936868
   0.1   0.03   3.6768937866796767
   0.1   0.03   0.3702084968427752
   0.1   0.03   1.891409918367212
   0.1   0.03   6.1857096352278065
   0.1   0.03   2.038882090894976
   0.1   0.03   0.2065657220954422
   0.1   0.03   6.010437619326395
   0.1   0.03   3.0595696765162397
   0.1   0.03   1.4067198356058108
   0.1   0.03   1.689731295157617
   0.1   0.03   2.875350386085837
   0.1   0.03   4.639836489185369
   0.1   0.03   6.04700887112255
   0.1   0.03   2.9545579811183846
   0.1   0.03   2.3807910227694142
   0.1   0.03   1.0594276340620035
   0.1   0.03   0.5170297586870174
   0.1   0.03   5.047146070023306
   0.1   0.03   5.246234811406736
   0.1   0.03   1.9060047860305984
   0.1   0.03   5.648658358504261
   0.1   0.03   0.29559107249966177
   0.1   0.03   0.907504467517576
   0.1   0.03   0.8980425730343597
   0.1   0.03   0.7339770820630308
   0.1   0.03   2.9479965077157764
   0.1   0.03   0.42159463582564666
   0.1   0.03   2.2768331196879767
   0.1   0.03   0.8181127729479993
   0.1   0.03   0.6940435326972839
   0.1   0.03   6.06756641081978
   0.1   0.03   1.7691292865218693
   0.1   0.03   3.4922138814505876
   0.1   0.03   5.1746814220176685
   0.1   0.03   3.6064536291419835
   0.1   0.03   3.820432364448253
   0.1   0.03   5.550723981176581
   0.1   0.03   0.6851162517026762
   0.1   0.03   4.166220738710826
   0.1   0.03   3.4069929678303774
   0.1   0.03   1.642125020425707
   0.1   0.03   3.2545759088196773
   0.1   0.03   4.957090934377483
   0.1   0.03   5.99029789660602
   0.1   0.03   2.12311193851376
   0.1   0.03   0.9477937539845438
   0.1   0.03   3.002408513511131
   0.1   0.03   6.178573010886492
   0.1   0.03   4.837839111230024
   0.1   0.03   3.586448373515791
   0.1   0.03   4.144653061796995
   0.1   0.03   3.8746134507923116
   0.1   0.03   3.0085182900402625
   0.1   0.03   1.7093305549765316
   0.1   0.03   5.6225058954473015
   0.1   0.03   2.932258894453663
   0.1   0.03   6.186431305753377
   0.1   0.03   4.371408680225016
   0.1   0.03   6.017398538895831
   0.1   0.03   1.703533603668168
   0.1   0.03   1.1494216617072253
   0.1   0.03   4.209346806928781
   0.1   0.03   3.9916535251901033
   0.1   0.03   2.290627735653019
   0.1   0.03   4.65464235805739
   0.1   0.03   0.41053528252117416
   0.1   0.03   1.1444107846771507
   0.1   0.03   4.4055839799311345
   0.1   0.03   5.550547421541605
   0.1   0.03   2.5401104685219713
   0.1   0.03   4.584540262308041
   0.1   0.03   5.2645293610845885
   0.1   0.03   4.521493972509436
   0.1   0.03   0.8711588517722381
   0.1   0.03   0.5767105240437245
   0.1   0.03   4.123784169312905
   0.1   0.03   2.5846404982052533
   0.1   0.03   2.0158678451396734
   0.1   0.03   5.220525692107145
   0.1   0.03   3.1500047508315183
   0.1   0.03   2.7005656719603213
   0.1   0.03   2.7122808044167117
   0.1   0.03   0.9537536945655419
   0.1   0.03   5.3056355476592145
   0.1   0.03   5.416612085565189
   0.1   0.03   1.263911007058427
   0.1   0.03   1.1184122214696444
   0.1   0.03   3.4084655846342162
   0.1   0.03   1.4592430213256773
   0.1   0.03   2.2604779567768243
   0.1   0.03   2.6983186977382596
   0.1   0.03   1.605019877465546
   0.1   0.03   3.6640977002179387
   0.1   0.03   2.464577018932054
   0.1   0.03   5.4691946076922155
   0.1   0.03   3.8367644819552496
   0.1   0.03   3.9516274704180243
   0.1   0.03   3.334733525470314
   0.1   0.03   4.551657674133162
   0.1   0.03   1.6172251961587867
   0.1   0.03   3.9743706007329376
   0.1   0.03   2.6408316452327933
   0.1   0.03   2.280873390937997
   0.1   0.03   0.2674008007942131
   0.1   0.03   1.8180811943455641
   0.1   0.03   0.7389885548777603
   0.1   0.03   6.085732211453005
   0.1   0.03   0.97718436153877
   0.1   0.03   1.909978968623168
   0.1   0.03   2.1502969442493773
   0.1   0.03   2.147626870167735
   0.1   0.03   1.5125683364681148
   0.1   0.03   3.3742876604320404
   0.1   0.03   1.193410949616527
   0.1   0.03   1.1346652593506144
   0.1   0.03   0.9837326542703032
   0.1   0.03   3.566424180886976
   0.1   0.03   5.271525628901426
   0.1   0.03   2.4584991145144848
   0.1   0.03   1.703802169852001
   0.1   0.03   1.6870556623416366
   0.1   0.03   0.8329172264869315
   0.1   0.03   3.2070083229946733
   0.1   0.03   5.837490260288561
   0.1   0.03   3.2876929419269154
   0.1   0.03   1.91349110092272
   0.1   0.03   0.7067504961590763
   0.1   0.03   6.263047351913391
   0.1   0.03   3.3163795660094424
   0.1   0.03   3.335092224023068
   0.1   0.03   0.9979559816636643
   0.1   0.03   1.265804286672023
   0.1   0.03   1.3454389340927968
   0.1   0.03   2.7294686256499627
   0.1   0.03   3.7866982567853724
   0.1   0.03   1.9666456472552585
   0.1   0.03   1.313021597700469
   0.1   0.03   0.9476329928622393
   0.1   0.03   1.3020328805727157
   0.1   0.03   0.560394802157706
   0.1   0.03   2.5051486125050673
   0.1   0.03   0.42534766894655285
   0.1   0.03   2.8684114496001554
   0.1   0.03   1.8955807617741138
   0.1   0.03   3.8263484769192972
   0.1   0.03   5.619056584376953
   0.1   0.03   4.038310646135007
   0.1   0.03   0.5799152994811521
   0.1   0.03   0.8052711658615611
   0.1   0.03   1.800182785517422
   0.1   0.03   4.391942253650026
   0.1   0.03   2.3264059281107734
   0.1   0.03   5.053281580283823
   0.1   0.03   5.378908391003437
   0.1   0.03   0.715234381543709
   0.1   0.03   5.999702213826954
   0.1   0.03   1.4283860717625698
   0.1   0.03   0.16742925622022084
   0.1   0.03   1.9484580875907573
   0.1   0.03   4.34733999351284
   0.1   0.03   0.4583172721713392
   0.1   0.03   5.4278395880470995
   0.1   0.03   1.268341947275969
   0.1   0.03   5.201630216961352
   0.1   0.03   0.16739106860382091
   0.1   0.03   4.420338338908713
   0.1   0.03   1.5811028009144872
   0.1   0.03   3.227403060386858
   0.1   0.03   5.252104297065785
   0.1   0.03   0.8094582738124805
   0.1   0.03   1.5271738202128053
   0.1   0.03   2.6792695801831
   0.1   0.03   5.923301523591788
   0.1   0.03   3.814736618876711
   0.1   0.03   0.9809162762074103
   0.1   0.03   0.9337057033157286
   0.1   0.03   5.2709410285778375
   0.1   0.03   5.56680408967083
   0.1   0.03   6.200399096671994
   0.1   0.03   0.7760436101833683
   0.1   0.03   4.746493524453849
   0.1   0.03   0.4406241740107491
   0.1   0.03   0.5531207351281802
   0.1   0.03   4.51502271607825
   0.1   0.03   3.4482013448292674
   0.1   0.03   0.9633117973795201
   0.1   0.03   3.9274939908206177
   0.1   0.03   1.0740619975019419
   0.1   0.03   4.265060015547322
   0.1   0.03   4.163783755939733
   0.1   0.03   0.23617889490686472
