   400
   7
   3.0
   0.1   0.03   5.88589240767239
   0.1   0.03   5.544353881342081
   0.1   0.03   0.7126065672426085
   0.1   0.03   0.2666784149038267
   0.1   0.03   0.8915001680381064
   0.1   0.03   3.305916871097073
   0.1   0.03   4.844717087185793
   0.1   0.03   1.072707848107349
   0.1   0.03   2.9819758879432516
   0.1   0.03   2.1770180645701327
   0.1   0.03   0.41127288464412065
   0.1   0.03   5.326003468100164
   0.1   0.03   5.924637630863437
   0.1   0.03   0.06857054667871833
   0.1   0.03   3.4160290986055
   0.1   0.03   3.492390096771152
   0.1   0.03   4.9876698020480505
   0.1   0.03   0.006885416603442769
   0.1   0.03   0.14167865537930605
   0.1   0.03   6.091266134697924
   0.1   0.03   2.410893835551896
   0.1   0.03   4.500180093431152
   0.1   0.03   2.1466097055218687
   0.1   0.03   2.5274492632702543
   0.1   0.03   6.14869708559513
   0.1   0.03   6.133845403385729
   0.1   0.03   3.4783516119497166
   0.1   0.03   4.189337154113926
   0.1   0.03   5.887425040140718
   0.1   0.03   3.3684990996801587
   0.1   0.03   5.167902155888674
   0.1   0.03   6.158991221905707
   0.1   0.03   1.9427404474815997
   0.1   0.03   3.3203457213834
   0.1   0.03   5.628943078673032
   0.1   0.03   3.135169833004985
   0.1   0.03   4.685383469781294
   0.1   0.03   3.694602493769283
   0.1   0.03   2.4615359235654486
   0.1   0.03   0.2504625125435695
   0.1   0.03   4.714881919264478
   0.1   0.03   4.9046508700057565
   0.1   0.03   1.882297831681507
   0.1   0.03   3.501204590631686
   0.1   0.03   4.622213364646387
   0.1   0.03   2.2466168847918193
   0.1   0.03   0.20056320641493344
   0.1   0.03   6.17634229982518
   0.1   0.03   0.2613030969215577
   0.1   0.03   4.952800006394035
   0.1   0.03   0.5299948416530539
   0.1   0.03   0.6857204475428577
   0.1   0.03   0.4191361939908009
   0.1   0.03   3.0443644640753145
   0.1   0.03   5.409128305145656
   0.1   0.03   1.8502296130774587
   0.1   0.03   5.803362238328302
   0.1   0.03   0.7810942638968148
   0.1   0.03   3.175840274337893
   0.1   0.03   5.725029742672024
   0.1   0.03   3.65541728616561
   0.1   0.03   3.1815518380477963
   0.1   0.03   4.038677472862588
   0.1   0.03   3.8427708001475813
   0.1   0.03   1.807475991675139
   0.1   0.03   2.657956227940688
   0.1   0.03   4.883184025645428
   0.1   0.03   4.351057368564696
   0.1   0.03   1.0311976709643538
   0.1   0.03   0.789820810672395
   0.1   0.03   4.545530348712631
   0.1   0.03   0.38169948702692696
   0.1   0.03   1.7654791589209868
   0.1   0.03   3.613467722435705
   0.1   0.03   5.348872567553349
   0.1   0.03   3.5444997474494517
   0.1   0.03   1.02482124554663
   0.1   0.03   5.141551733951184
   0.1   0.03   0.7139505864134839
   0.1   0.03   4.6501009836346645
   0.1   0.03   4.116557557533703
   0.1   0.03   3.2362118680179672
   0.1   0.03   5.0138952420875835
   0.1   0.03   2.245289293954249
   0.1   0.03   1.8757372658508387
   0.1   0.03   5.326364885602009
   0.1   0.03   4.349357765321943
   0.1   0.03   2.9981723125609983
   0.1   0.03   5.6024255972487405
   0.1   0.03   4.9786502201754885
   0.1   0.03   5.5738698661157855
   0.1   0.03   0.9130401636263064
   0.1   0.03   4.421384450729322
   0.1   0.03   0.020325620879286268
   0.1   0.03   4.727406307522239
   0.1   0.03   1.5111453397159744
   0.1   0.03   5.59081005645437
   0.1   0.03   2.3108424085860944
   0.1   0.03   4.507387349951305
   0.1   0.03   2.838127858291381
   0.1   0.03   0.10851472004680233
   0.1   0.03   3.942091218105648
   0.1   0.03   2.281984439630839
   0.1   0.03   5.238905959477923
   0.1   0.03   1.5881301862496322
   0.1   0.03   2.049040925764601
   0.1   0.03   6.22695539094159
   0.1   0.03   5.6571522239369445
   0.1   0.03   4.300283482931427
   0.1   0.03   4.709707257158087
   0.1   0.03   1.6921913538917162
   0.1   0.03   4.724675909503888
   0.1   0.03   2.865807185866304
   0.1   0.03   2.8095938375821468
   0.1   0.03   4.9130403043354915
   0.1   0.03   1.9468808735795113
   0.1   0.03   5.509305904935009
   0.1   0.03   2.462187122907003
   0.1   0.03   1.8956007186404735
   0.1   0.03   2.0586287951678246
   0.1   0.03   2.7308354276575524
   0.1   0.03   5.189023490904548
   0.1   0.03   2.47665300048551
   0.1   0.03   3.058386728203787
   0.1   0.03   4.350564247328893
   0.1   0.03   2.2870220487725605
   0.1   0.03   3.276357431596909
   0.1   0.03   3.438951196987686
   0.1   0.03   2.338490876980322
   0.1   0.03   6.178232290946092
   0.1   0.03   1.0030127961284079
   0.1   0.03   1.3929183439432866
   0.1   0.03   3.4195850781600448
   0.1   0.03   0.7115680105991105
   0.1   0.03   3.5819661551683297
   0.1   0.03   1.0414428079314395
   0.1   0.03   4.5866621485138355
   0.1   0.03   1.0046288402527899
   0.1   0.03   4.847403199467394
   0.1   0.03   1.5201445737187795
   0.1   0.03   5.650846401967833
   0.1   0.03   2.80387028826044
   0.1   0.03   5.958911695760162
   0.1   0.03   6.268651186898177
   0.1   0.03   5.016234808409805
   0.1   0.03   4.600385602423944
   0.1   0.03   0.010086630533518064
   0.1   0.03   0.7827951486185236
   0.1   0.03   4.8839460147070834
   0.1   0.03   1.1851276783391094
   0.1   0.03   1.2361938184820693
   0.1   0.03   3.241594440790571
   0.1   0.03   1.9295700129313593
   0.1   0.03   5.934879396297458
   0.1   0.03   5.651652400688649
   0.1   0.03   2.66444625502717
   0.1   0.03   4.20134007454024
   0.1   0.03   0.6232451534177964
   0.1   0.03   1.2539898445508293
   0.1   0.03   0.8439955574837955
   0.1   0.03   5.527618991330085
   0.1   0.03   2.4980092858681995
   0.1   0.03   5.154439064721075
   0.1   0.03   3.254734843088375
   0.1   0.03   4.924483052021139
   0.1   0.03   3.8017168198732807
   0.1   0.03   0.5435263971741885
   0.1   0.03   5.058191570566636
   0.1   0.03   2.3042698149402323
   0.1   0.03   6.1812936134553205
   0.1   0.03   5.529446759257158
   0.1   0.03   5.8144160643724385
   0.1   0.03   4.973767380173119
   0.1   0.03   1.0925822090824622
   0.1   0.03   2.8456343891166616
   0.1   0.03   5.0796414569572335
   0.1   0.03   2.1533213213717772
   0.1   0.03   1.339032863118147
   0.1   0.03   4.300046524565083
   0.1   0.03   0.6329554356913574
   0.1   0.03   2.8861696875843803
   0.1   0.03   2.4498095118379806
   0.1   0.03   5.482031370733289
   0.1   0.03   5.435900976796021
   0.1   0.03   1.9045674734731273
   0.1   0.03   0.7454422806204736
   0.1   0.03   2.7061569603490554
   0.1   0.03   6.021774295906287
   0.1   0.03   5.355299451331308
   0.1   0.03   0.3138121823595908
   0.1   0.03   5.8101750949345226
   0.1   0.03   5.959838126209141
   0.1   0.03   2.169165029527886
   0.1   0.03   1.1592605717788225
   0.1   0.03   4.581424805706862
   0.1   0.03   3.9632825373932525
   0.1   0.03   0.030234439615042012
   0.1   0.03   5.316007983560005
   0.1   0.03   1.3155478681588844
   0.1   0.03   2.683663172973432
   0.1   0.03   2.3169556479146975
   0.1   0.03   6.202888538211062
   0.1   0.03   4.658592459364959
   0.1   0.03   1.34730189194711
   0.1   0.03   1.3935844185541137
   0.1   0.03   2.833420296682008
   0.1   0.03   0.4483256931562914
   0.1   0.03   2.6097306696571914
   0.1   0.03   0.5101709758370643
   0.1   0.03   3.090563419016552
   0.1   0.03   3.0449621811017655
   0.1   0.03   3.1911224977279815
   0.1   0.03   2.64986771275597
   0.1   0.03   0.45657040731926535
   0.1   0.03   0.05033051768500318
   0.1   0.03   2.9025757499875824
   0.1   0.03   2.156008606417394
   0.1   0.03   1.222362987772071
   0.1   0.03   2.4992496716792694
   0.1   0.03   6.25268426912324
   0.1   0.03   1.1349018101155834
   0.1   0.03   4.995877153002941
   0.1   0.03   6.1694766893812805
   0.1   0.03   5.997959987605246
   0.1   0.03   4.012248205890585
   0.1   0.03   3.4705843865347874
   0.1   0.03   3.2605896482797987
   0.1   0.03   3.6366484199059457
   0.1   0.03   2.433925271497473
   0.1   0.03   1.700442957818799
   0.1   0.03   0.7005374882408094
   0.1   0.03   5.465422156751109
   0.1   0.03   4.432283673316519
   0.1   0.03   2.4673241246433477
   0.1   0.03   5.468060615220633
   0.1   0.03   5.130289488469497
   0.1   0.03   4.21473985702204
   0.1   0.03   3.6507063044784194
   0.1   0.03   2.9060726992017463
   0.1   0.03   4.695335098786981
   0.1   0.03   3.842149244918206
   0.1   0.03   1.5251065321932735
   0.1   0.03   5.647155458033138
   0.1   0.03   4.178718180851864
   0.1   0.03   0.05207484254757722
   0.1   0.03   2.0962033299198426
   0.1   0.03   5.7342298403334055
   0.1   0.03   0.10536824400878261
   0.1   0.03   5.095210300223713
   0.1   0.03   4.844531019669476
   0.1   0.03   0.443161974286341
   0.1   0.03   6.192104651341763
   0.1   0.03   1.107870861186758
   0.1   0.03   1.9388510377010801
   0.1   0.03   1.960706530333541
   0.1   0.03   0.3621368727718928
   0.1   0.03   6.07143192838799
   0.1   0.03   4.915118894599801
   0.1   0.03   6.069024471606236
   0.1   0.03   1.9705227793466433
   0.1   0.03   5.987939512190121
   0.1   0.03   1.4073234992849222
   0.1   0.03   2.5936972452240754
   0.1   0.03   3.888159002417412
   0.1   0.03   3.591671585159796
   0.1   0.03   2.8695187729114355
   0.1   0.03   2.97509424176879
   0.1   0.03   4.080680103386929
   0.1   0.03   1.4627017917237113
   0.1   0.03   2.7335648808250355
   0.1   0.03   1.8169264281466355
   0.1   0.03   3.0083083772423955
   0.1   0.03   4.1555031909278695
   0.1   0.03   4.8742475823276346
   0.1   0.03   5.845494485031154
   0.1   0.03   1.6958177947327027
   0.1   0.03   2.9122742293612953
   0.1   0.03   3.983196544948084
   0.1   0.03   1.39629463901968
   0.1   0.03   2.979331156469469
   0.1   0.03   0.8827591906794103
   0.1   0.03   2.042792828125623
   0.1   0.03   1.9240922187955158
   0.1   0.03   5.1401207702674085
   0.1   0.03   0.41371432559085863
   0.1   0.03   5.443786625421726
   0.1   0.03   1.7013520107137245
   0.1   0.03   1.7344980573338358
   0.1   0.03   3.2734829610604987
   0.1   0.03   5.759553647869654
   0.1   0.03   4.898696153247152
   0.1   0.03   1.0914046824485337
   0.1   0.03   4.684661157273993
   0.1   0.03   2.7138888824127227
   0.1   0.03   0.010494431874303023
   0.1   0.03   3.409965923318721
   0.1   0.03   0.6266635713484361
   0.1   0.03   4.528774994550874
   0.1   0.03   1.9039913680946556
   0.1   0.03   5.39138160905731
   0.1   0.03   5.394106371370171
   0.1   0.03   3.0384101577198073
   0.1   0.03   0.6404680948785716
   0.1   0.03   2.0601391901380195
   0.1   0.03   5.422704812277533
   0.1   0.03   5.3431394756653505
   0.1   0.03   0.03112391879860389
   0.1   0.03   6.142936689725341
   0.1   0.03   1.4970139764718084
   0.1   0.03   2.475695312159028
   0.1   0.03   5.3124491839722605
   0.1   0.03   5.487012706347522
   0.1   0.03   4.102924311794127
   0.1   0.03   3.6950243446283677
   0.1   0.03   3.3115237049254223
   0.1   0.03   6.034869243555107
   0.1   0.03   0.9265232246507067
   0.1   0.03   1.2825943506077406
   0.1   0.03   4.003244099018447
   0.1   0.03   1.033269391924565
   0.1   0.03   2.3917420975925157
   0.1   0.03   4.3843810070264615
   0.1   0.03   4.040762570648211
   0.1   0.03   3.697416720412255
   0.1   0.03   1.6456009428040714
   0.1   0.03   4.527676939186075
   0.1   0.03   0.6673251027728264
   0.1   0.03   5.520743024033926
   0.1   0.03   2.019629624287633
   0.1   0.03   3.2196932127337936
   0.1   0.03   4.764005012938148
   0.1   0.03   0.5069038240602344
   0.1   0.03   5.329916555192846
   0.1   0.03   0.49585629644993434
   0.1   0.03   2.972060628840377
   0.1   0.03   3.794647793356627
   0.1   0.03   4.886292560426342
   0.1   0.03   4.642079666825686
   0.1   0.03   0.850806896726877
   0.1   0.03   1.4481330674425004
   0.1   0.03   3.4271743279679057
   0.1   0.03   5.2662614282592575
   0.1   0.03   1.007073947335607
   0.1   0.03   2.8781868011907674
   0.1   0.03   4.04427263902256
   0.1   0.03   1.0769599833177206
   0.1   0.03   5.954265137529
   0.1   0.03   5.346672284619013
   0.1   0.03   2.5726403284067385
   0.1   0.03   5.805389814218418
   0.1   0.03   5.4817610371707595
   0.1   0.03   3.056350406459801
   0.1   0.03   4.135365023696562
   0.1   0.03   4.751314621080423
   0.1   0.03   3.158385398172952
   0.1   0.03   0.2035459593365492
   0.1   0.03   0.8317648877881721
   0.1   0.03   6.196309617523377
   0.1   0.03   3.867491704816069
   0.1   0.03   2.93776983168418
   0.1   0.03   2.3857048120243736
   0.1   0.03   4.373882380864575
   0.1   0.03   1.4980421319587474
   0.1   0.03   6.068373872864716
   0.1   0.03   3.7407860271823994
   0.1   0.03   6.20435194923035
   0.1   0.03   2.387895140391528
   0.1   0.03   0.03466493849379449
   0.1   0.03   1.0662515592709725
   0.1   0.03   3.3897702833313303
   0.1   0.03   2.11558041518483
   0.1   0.03   2.1126845021807252
   0.1   0.03   1.0409926426666165
   0.1   0.03   0.5611308458351706
   0.1   0.03   2.888975756097968
   0.1   0.03   0.23719396646061827
   0.1   0.03   4.515672848907303
   0.1   0.03   2.782042616587268
   0.1   0.03   0.3313616459521326
   0.1   0.03   3.3925247483164767
   0.1   0.03   2.5023107295727782
   0.1   0.03   0.954931698634151
   0.1   0.03   3.952645515690076
   0.1   0.03   0.8638351609504972
   0.1   0.03   5.658913672329335
   0.1   0.03   0.3087633092750914
   0.1   0.03   0.6798959248903701
   0.1   0.03   1.4399782974808444
   0.1   0.03   0.32481796971954197
   0.1   0.03   2.604891736119973
   0.1   0.03   4.090718005754579
   0.1   0.03   1.504815155176637
   0.1   0.03   6.22463692992057
   0.1   0.03   4.236539666465111
   0.1   0.03   4.684453724790115
   0.1   0.03   5.898382419064594
   0.1   0.03   3.6377371903459856
   0.1   0.03   1.079571568547261
   0.1   0.03   5.276761209536681
   0.1   0.03   4.198619084708388
