   300
   7
   4.0
   0.1   0.03   5.00499489150511
   0.1   0.03   3.726265120804637
   0.1   0.03   0.43001733624377325
   0.1   0.03   5.189317744486745
   0.1   0.03   1.084074750609146
   0.1   0.03   1.612295594122507
   0.1   0.03   0.344433925647873
   0.1   0.03   1.0927984863231905
   0.1   0.03   2.665382774076995
   0.1   0.03   1.3012457026331457
   0.1   0.03   4.488168909311814
   0.1   0.03   3.541567870166305
   0.1   0.03   5.914206271165827
   0.1   0.03   5.734694208453539
   0.1   0.03   5.832751824743709
   0.1   0.03   3.0464655026947196
   0.1   0.03   3.871005674493731
   0.1   0.03   2.2434237528011027
   0.1   0.03   1.522596848261117
   0.1   0.03   1.3874339823847603
   0.1   0.03   4.886495749616969
   0.1   0.03   4.260216964084688
   0.1   0.03   1.2563170125428975
   0.1   0.03   1.2739055479118935
   0.1   0.03   3.7929863658358407
   0.1   0.03   6.2175697438335895
   0.1   0.03   1.4988380764918587
   0.1   0.03   3.5741190951609547
   0.1   0.03   5.5170921034288165
   0.1   0.03   0.6329658356940702
   0.1   0.03   1.952794595480203
   0.1   0.03   5.720694665767966
   0.1   0.03   4.127357875468723
   0.1   0.03   0.2971128503241571
   0.1   0.03   5.758064788976542
   0.1   0.03   2.1463182400627474
   0.1   0.03   8.577737440554003E-4
   0.1   0.03   4.43696387998196
   0.1   0.03   0.9767674507915439
   0.1   0.03   5.256438396807361
   0.1   0.03   2.7350191605216763
   0.1   0.03   1.7431554312718938
   0.1   0.03   4.694811717178566
   0.1   0.03   1.5585647323604939
   0.1   0.03   1.4300763933497616
   0.1   0.03   0.5404497673790957
   0.1   0.03   4.388562784916981
   0.1   0.03   3.378971355325721
   0.1   0.03   5.342251256322473
   0.1   0.03   6.1664033232208135
   0.1   0.03   2.827380992081531
   0.1   0.03   3.3463818217934134
   0.1   0.03   1.7022889630123919
   0.1   0.03   3.7369733746552583
   0.1   0.03   5.541647888411022
   0.1   0.03   5.977439397055872
   0.1   0.03   5.035690350515744
   0.1   0.03   5.342943819082188
   0.1   0.03   3.2503537194010015
   0.1   0.03   3.393334671251935
   0.1   0.03   1.8400776135073205
   0.1   0.03   2.6564740667098716
   0.1   0.03   3.931017855837623
   0.1   0.03   5.651977662639092
   0.1   0.03   2.5201564485064347
   0.1   0.03   1.7645632216229075
   0.1   0.03   4.4099528823825285
   0.1   0.03   6.236389065148353
   0.1   0.03   3.122624985245003
   0.1   0.03   0.4141708791132912
   0.1   0.03   6.089789316571565
   0.1   0.03   2.3753111656719765
   0.1   0.03   3.4484533601978273
   0.1   0.03   5.123755762216775
   0.1   0.03   0.8819450914884747
   0.1   0.03   5.87411679705154
   0.1   0.03   6.079309189516587
   0.1   0.03   2.8943349568197063
   0.1   0.03   4.140679928900713
   0.1   0.03   1.3214351868066223
   0.1   0.03   6.101281017448702
   0.1   0.03   3.787559111745139
   0.1   0.03   0.25212247004458216
   0.1   0.03   3.4935986934092385
   0.1   0.03   3.134535721252359
   0.1   0.03   1.9155520130513035
   0.1   0.03   4.578070898257762
   0.1   0.03   5.655551929097599
   0.1   0.03   0.5493752989147529
   0.1   0.03   0.13292710666816554
   0.1   0.03   0.6551629062490938
   0.1   0.03   2.155786934470645
   0.1   0.03   2.5292865944514538
   0.1   0.03   2.0948778926606173
   0.1   0.03   5.497962866308433
   0.1   0.03   4.800681629226683
   0.1   0.03   2.000794941042102
   0.1   0.03   5.40840448159136
   0.1   0.03   0.7621692084869853
   0.1   0.03   1.7312886212133456
   0.1   0.03   3.335144545019357
   0.1   0.03   3.569013193465166
   0.1   0.03   4.276298285892119
   0.1   0.03   4.249457947159807
   0.1   0.03   4.376988433238705
   0.1   0.03   4.454994755107415
   0.1   0.03   2.480648896367959
   0.1   0.03   0.09977774070609208
   0.1   0.03   0.026975336743918752
   0.1   0.03   5.097864000010927
   0.1   0.03   6.169589929012152
   0.1   0.03   0.04715576781236115
   0.1   0.03   5.625855013155571
   0.1   0.03   2.7208800473879315
   0.1   0.03   5.900605021319726
   0.1   0.03   1.9138481077554734
   0.1   0.03   2.4034718809722215
   0.1   0.03   5.682058863802931
   0.1   0.03   5.882590308126658
   0.1   0.03   3.7047182381067794
   0.1   0.03   0.2402160044114787
   0.1   0.03   5.681660468947403
   0.1   0.03   3.874388382667643
   0.1   0.03   0.09981129618864659
   0.1   0.03   1.6668906872275198
   0.1   0.03   3.2463438740210333
   0.1   0.03   3.6831251010377817
   0.1   0.03   4.959870105278358
   0.1   0.03   5.666904799378027
   0.1   0.03   2.260065630291673
   0.1   0.03   4.038316679301606
   0.1   0.03   3.6528824679847527
   0.1   0.03   3.5396656040736065
   0.1   0.03   3.0779446272996864
   0.1   0.03   6.117676924941824
   0.1   0.03   0.13623364439597455
   0.1   0.03   2.366930193504738
   0.1   0.03   0.27714257308309515
   0.1   0.03   0.8407079583488644
   0.1   0.03   4.642626097960981
   0.1   0.03   5.822154771386516
   0.1   0.03   0.014299576823836459
   0.1   0.03   0.6512139984819129
   0.1   0.03   1.7928647995119265
   0.1   0.03   1.8667754839473956
   0.1   0.03   0.1749080300853016
   0.1   0.03   3.9241506620188904
   0.1   0.03   5.109997161688888
   0.1   0.03   0.4285029787686024
   0.1   0.03   0.4763263864906866
   0.1   0.03   1.939702555857211
   0.1   0.03   3.47608903063081
   0.1   0.03   0.039175344804853636
   0.1   0.03   2.166358603419543
   0.1   0.03   4.5859548694666765
   0.1   0.03   6.196623578725649
   0.1   0.03   6.110173071738725
   0.1   0.03   1.2177375113840407
   0.1   0.03   5.120756917356521
   0.1   0.03   0.6200196014947175
   0.1   0.03   1.679099243486245
   0.1   0.03   5.309455132598196
   0.1   0.03   2.372566698159401
   0.1   0.03   1.6478534927352042
   0.1   0.03   1.417419826836479
   0.1   0.03   0.31134407613320064
   0.1   0.03   3.5211291669389175
   0.1   0.03   0.5669335377742629
   0.1   0.03   2.4185794457060146
   0.1   0.03   2.5547919605273077
   0.1   0.03   1.8062274803973337
   0.1   0.03   0.5523236277162947
   0.1   0.03   6.010896183036809
   0.1   0.03   4.3667530931690655
   0.1   0.03   3.555863151298136
   0.1   0.03   0.23177436022064002
   0.1   0.03   4.090373570749874
   0.1   0.03   2.5201969502942863
   0.1   0.03   3.910287558630487
   0.1   0.03   5.220644821290718
   0.1   0.03   0.8028829192870129
   0.1   0.03   3.8278424732290866
   0.1   0.03   2.5806614308412215
   0.1   0.03   5.753626374349038
   0.1   0.03   2.9911719062927404
   0.1   0.03   3.5021540464519743
   0.1   0.03   6.20401055993516
   0.1   0.03   3.623481053210689
   0.1   0.03   1.013776595120706
   0.1   0.03   2.866528661868759
   0.1   0.03   3.843961789667918
   0.1   0.03   0.40179844820326666
   0.1   0.03   5.163192320497947
   0.1   0.03   3.884372481138039
   0.1   0.03   1.2757613785399888
   0.1   0.03   5.964175404434905
   0.1   0.03   0.8976627394441653
   0.1   0.03   3.4645818666075354
   0.1   0.03   6.025937631352775
   0.1   0.03   1.0528083001047222
   0.1   0.03   5.003278501367215
   0.1   0.03   2.727728628742714
   0.1   0.03   3.3133787268096233
   0.1   0.03   5.7354166527260535
   0.1   0.03   0.5500501783984677
   0.1   0.03   1.9256724945213033
   0.1   0.03   0.6702117962132943
   0.1   0.03   5.833347331778714
   0.1   0.03   3.3094960726956013
   0.1   0.03   2.445270440402224
   0.1   0.03   1.5944335204401274
   0.1   0.03   4.790843986096552
   0.1   0.03   0.0560038935849916
   0.1   0.03   1.0819559498339386
   0.1   0.03   6.101688966480533
   0.1   0.03   1.5198501152419979
   0.1   0.03   4.2159326763351554
   0.1   0.03   1.9040318517474377
   0.1   0.03   5.403662135399281
   0.1   0.03   4.772233004638008
   0.1   0.03   4.887342644379608
   0.1   0.03   5.331196249099741
   0.1   0.03   4.631882324673335
   0.1   0.03   6.077345780244383
   0.1   0.03   1.15225014253516
   0.1   0.03   1.2821249155143297
   0.1   0.03   0.8404593221808907
   0.1   0.03   0.7506002552354551
   0.1   0.03   0.06376926324120959
   0.1   0.03   4.9103287720662285
   0.1   0.03   3.2822930454114516
   0.1   0.03   3.9105422839383173
   0.1   0.03   1.2344396330539773
   0.1   0.03   3.8812646329228877
   0.1   0.03   5.974865066284982
   0.1   0.03   1.9439860962001274
   0.1   0.03   2.96004516180514
   0.1   0.03   1.3644612098638882
   0.1   0.03   0.004217715752045051
   0.1   0.03   3.6788254226489197
   0.1   0.03   0.8339554770866394
   0.1   0.03   1.6656738756088707
   0.1   0.03   3.974229382082574
   0.1   0.03   5.414507592316505
   0.1   0.03   4.619223782788408
   0.1   0.03   2.0773982337090455
   0.1   0.03   3.3689074398359233
   0.1   0.03   3.991492862546777
   0.1   0.03   2.572382191916342
   0.1   0.03   1.9841544513936609
   0.1   0.03   0.3492483895949874
   0.1   0.03   1.014517986832111
   0.1   0.03   0.560238821238661
   0.1   0.03   1.2651713947469578
   0.1   0.03   3.945385978514265
   0.1   0.03   5.7287176736715555
   0.1   0.03   2.1967728804554905
   0.1   0.03   3.7064579406676184
   0.1   0.03   5.932703440647518
   0.1   0.03   5.741094874877136
   0.1   0.03   5.762865703680247
   0.1   0.03   4.103956094293758
   0.1   0.03   4.4991448254869155
   0.1   0.03   3.9594171586564633
   0.1   0.03   1.025296508325535
   0.1   0.03   2.2218870462903055
   0.1   0.03   0.10244575803098259
   0.1   0.03   1.5651715628262075
   0.1   0.03   0.34934837825056636
   0.1   0.03   1.4381143062749697
   0.1   0.03   4.087428278564954
   0.1   0.03   0.8121486843708631
   0.1   0.03   0.6926652454951975
   0.1   0.03   3.7878953464713554
   0.1   0.03   5.729187027872642
   0.1   0.03   4.230796373436564
   0.1   0.03   5.3801932298260455
   0.1   0.03   5.146822576881524
   0.1   0.03   2.3436245792838886
   0.1   0.03   0.5445417688188035
   0.1   0.03   1.3274589216773605
   0.1   0.03   6.1545004096778735
   0.1   0.03   0.49340851796049084
   0.1   0.03   2.0023519153821163
   0.1   0.03   5.947161223165359
   0.1   0.03   4.491131511031528
   0.1   0.03   3.8494761879363413
   0.1   0.03   6.176240071329375
   0.1   0.03   0.7315237283862873
   0.1   0.03   4.492096326498733
   0.1   0.03   0.2554738457877761
   0.1   0.03   1.279995399318786
   0.1   0.03   5.803963279835152
   0.1   0.03   0.6438070575865543
   0.1   0.03   4.064623011752248
   0.1   0.03   0.9220119093326467
   0.1   0.03   6.26878430289943
   0.1   0.03   1.5396283968127704
   0.1   0.03   4.565736485718463
   0.1   0.03   2.884155210866485
