   300
   7
   2.0
   1.0   0.03   2.6638603494216517
   1.0   0.03   4.814166045156463
   1.0   0.03   1.729852293900142
   1.0   0.03   4.372715534491344
   1.0   0.03   0.11662144031637706
   1.0   0.03   3.5860211900832324
   1.0   0.03   1.7882987721271297
   1.0   0.03   4.06185403489992
   1.0   0.03   5.221643194884513
   1.0   0.03   1.9996310610140007
   1.0   0.03   1.8818321735719972
   1.0   0.03   2.864809047703234
   1.0   0.03   0.48536265360454733
   1.0   0.03   0.05435309734458891
   1.0   0.03   3.246243716386094
   1.0   0.03   4.021027221101418
   1.0   0.03   0.806553470463532
   1.0   0.03   0.10489288441027689
   1.0   0.03   3.474566384440227
   1.0   0.03   0.6094241351241808
   1.0   0.03   1.0082974076120894
   1.0   0.03   5.176453029452563
   1.0   0.03   1.6161960480136077
   1.0   0.03   5.1988687274021235
   1.0   0.03   4.923353915643858
   1.0   0.03   2.8602057369131497
   1.0   0.03   2.7979672533153024
   1.0   0.03   5.597832282356949
   1.0   0.03   4.927618813390034
   1.0   0.03   3.618230098014983
   1.0   0.03   1.87109250464846
   1.0   0.03   1.4260619084522435
   1.0   0.03   2.2802341531306425
   1.0   0.03   4.044702092694601
   1.0   0.03   0.6731623854455406
   1.0   0.03   1.4706418032165065
   1.0   0.03   0.9418233119602624
   1.0   0.03   5.431243856875089
   1.0   0.03   1.0658875261055203
   1.0   0.03   4.271071608702373
   1.0   0.03   5.305989250627234
   1.0   0.03   5.957516820861995
   1.0   0.03   5.524417415925916
   1.0   0.03   3.7491044394564463
   1.0   0.03   3.369769038104053
   1.0   0.03   5.221090363483259
   1.0   0.03   3.1377178970868003
   1.0   0.03   1.9413291419047758
   1.0   0.03   4.029528781383003
   1.0   0.03   3.6953289194036314
   1.0   0.03   4.174952526157498
   1.0   0.03   3.9527531126370454
   1.0   0.03   5.729569827236181
   1.0   0.03   4.671111652025411
   1.0   0.03   2.4730670697714427
   1.0   0.03   3.561570046609352
   1.0   0.03   1.0450805034651258
   1.0   0.03   0.3507380362622162
   1.0   0.03   1.8057330264704243
   1.0   0.03   3.7697644058586244
   1.0   0.03   1.4003884686113532
   1.0   0.03   4.10001818770927
   1.0   0.03   3.908891823573826
   1.0   0.03   4.2147770239940145
   1.0   0.03   0.13161802316317536
   1.0   0.03   0.4361657716633582
   1.0   0.03   1.6092579420236617
   1.0   0.03   3.7252327670312866
   1.0   0.03   0.41131051607889985
   1.0   0.03   2.249702889730383
   1.0   0.03   3.892203616718995
   1.0   0.03   3.011689341694329
   1.0   0.03   0.8782042953240579
   1.0   0.03   5.806997035281194
   1.0   0.03   3.5862781875257927
   1.0   0.03   0.8588977737935019
   1.0   0.03   4.3882089394403865
   1.0   0.03   1.0880204844337462
   1.0   0.03   3.6066607363418495
   1.0   0.03   0.6805168001149164
   1.0   0.03   2.972265975228733
   1.0   0.03   2.2293548723278733
   1.0   0.03   2.973208007036489
   1.0   0.03   1.2291779140484473
   1.0   0.03   3.791265640561085
   1.0   0.03   1.4157365546206513
   1.0   0.03   0.781811006553383
   1.0   0.03   5.270262584998249
   1.0   0.03   0.24585976993667968
   1.0   0.03   1.7069267030945594
   1.0   0.03   1.7747185818768298
   1.0   0.03   4.365683378323611
   1.0   0.03   0.31476503527770616
   1.0   0.03   1.770384203919738
   1.0   0.03   2.7192077001926687
   1.0   0.03   0.7336286235096978
   1.0   0.03   2.6944629802219806
   1.0   0.03   6.190124662018057
   1.0   0.03   4.464499662578912
   1.0   0.03   0.044577370913950254
   1.0   0.03   2.342896652976771
   1.0   0.03   2.1241944252793643
   1.0   0.03   4.1094473049595885
   1.0   0.03   4.3722766115214196
   1.0   0.03   0.5899061367503994
   1.0   0.03   4.905886520686418
   1.0   0.03   1.9038970306371428
   1.0   0.03   0.4824057062412379
   1.0   0.03   5.757960711482847
   1.0   0.03   2.8776913430934874
   1.0   0.03   0.4486833780995921
   1.0   0.03   1.4060104510842606
   1.0   0.03   0.008165143630319237
   1.0   0.03   6.019884125658875
   1.0   0.03   5.647602017472318
   1.0   0.03   0.6679102744970634
   1.0   0.03   5.384085739974489
   1.0   0.03   3.7877082159918545
   1.0   0.03   2.619814604918223
   1.0   0.03   5.170766147198242
   1.0   0.03   3.0529276002808228
   1.0   0.03   4.382737904557162
   1.0   0.03   1.5976150499147528
   1.0   0.03   6.166372125595667
   1.0   0.03   2.2389615142659993
   1.0   0.03   2.7561967479527243
   1.0   0.03   0.9247882266151781
   1.0   0.03   2.9326395693479643
   1.0   0.03   2.4053887517022194
   1.0   0.03   2.3109317582985054
   1.0   0.03   1.4135873047462695
   1.0   0.03   5.4080380323966
   1.0   0.03   4.752807930913953
   1.0   0.03   2.260176890770725
   1.0   0.03   4.354441864474673
   1.0   0.03   1.2653221675488804
   1.0   0.03   4.852862507220978
   1.0   0.03   0.8619928292388781
   1.0   0.03   0.950504691763813
   1.0   0.03   3.8040275666547054
   1.0   0.03   4.835045556608106
   1.0   0.03   1.3580490038074924
   1.0   0.03   5.992952878685191
   1.0   0.03   3.234802101798815
   1.0   0.03   5.771807556873409
   1.0   0.03   0.014811080482348856
   1.0   0.03   2.1406652255049874
   1.0   0.03   6.126053305254226
   1.0   0.03   5.487705240370892
   1.0   0.03   3.04376735930935
   1.0   0.03   3.484910708348289
   1.0   0.03   2.533404464981509
   1.0   0.03   1.4744856666392103
   1.0   0.03   3.7544806862044413
   1.0   0.03   4.980289590131748
   1.0   0.03   4.803087645482103
   1.0   0.03   2.3062249213190595
   1.0   0.03   5.4593174472355805
   1.0   0.03   4.001897530254228
   1.0   0.03   5.877810108562187
   1.0   0.03   2.235556444289658
   1.0   0.03   2.499093800447642
   1.0   0.03   3.515603263438044
   1.0   0.03   1.9429810204272926
   1.0   0.03   4.991450993256322
   1.0   0.03   3.5954035547318752
   1.0   0.03   1.2649238800173295
   1.0   0.03   2.308713161620036
   1.0   0.03   4.102525502292038
   1.0   0.03   1.1244971620663917
   1.0   0.03   2.4444684328494506
   1.0   0.03   0.21005267359369928
   1.0   0.03   4.355083654852388
   1.0   0.03   4.548307374226053
   1.0   0.03   1.714458683295189
   1.0   0.03   0.6625021093094342
   1.0   0.03   4.828466280646108
   1.0   0.03   5.334183323541876
   1.0   0.03   3.4054070569806294
   1.0   0.03   6.074619196146428
   1.0   0.03   5.499903311112117
   1.0   0.03   4.4230092267505405
   1.0   0.03   2.561399395960906
   1.0   0.03   0.44554880169440364
   1.0   0.03   0.039782055243873425
   1.0   0.03   0.0728075377893514
   1.0   0.03   5.8444248940712695
   1.0   0.03   2.556629765180069
   1.0   0.03   4.382683338515161
   1.0   0.03   2.207163359340292
   1.0   0.03   1.9523127160740057
   1.0   0.03   1.6735264761519948
   1.0   0.03   4.136724693788577
   1.0   0.03   5.518098927571111
   1.0   0.03   6.088997274420949
   1.0   0.03   0.9528236463388465
   1.0   0.03   0.16679160139424368
   1.0   0.03   1.8476108544997645
   1.0   0.03   3.672554278580829
   1.0   0.03   3.72934360704093
   1.0   0.03   3.7651025684891697
   1.0   0.03   2.4470195087274136
   1.0   0.03   4.962108044483281
   1.0   0.03   6.147461804545273
   1.0   0.03   5.395389691832146
   1.0   0.03   5.597390343955481
   1.0   0.03   5.5144095775248525
   1.0   0.03   1.4127411405864065
   1.0   0.03   4.595821200054033
   1.0   0.03   4.148095727206548
   1.0   0.03   4.424108261308503
   1.0   0.03   1.8544549240034178
   1.0   0.03   5.020561698770377
   1.0   0.03   3.2720070950628153
   1.0   0.03   5.990495418822812
   1.0   0.03   0.4917725060841152
   1.0   0.03   0.7108760262052819
   1.0   0.03   0.7023274064778333
   1.0   0.03   0.43369504987333873
   1.0   0.03   0.8776513572599961
   1.0   0.03   5.390061750146873
   1.0   0.03   1.323623613909334
   1.0   0.03   2.8116010208782645
   1.0   0.03   1.2389528409676358
   1.0   0.03   5.341288689478703
   1.0   0.03   5.680710131796321
   1.0   0.03   5.922851517186316
   1.0   0.03   5.984912890145861
   1.0   0.03   1.7049003758487753
   1.0   0.03   5.265744302671632
   1.0   0.03   2.1012451258331466
   1.0   0.03   0.5366297200694462
   1.0   0.03   0.52994138380003
   1.0   0.03   3.3374068600280884
   1.0   0.03   1.1213061495188161
   1.0   0.03   5.022559633340672
   1.0   0.03   1.9078659540141774
   1.0   0.03   2.4986530117273946
   1.0   0.03   2.3413505120264784
   1.0   0.03   1.875068804396085
   1.0   0.03   4.155061775009346
   1.0   0.03   4.355455316922155
   1.0   0.03   5.34657478323314
   1.0   0.03   6.087038992557786
   1.0   0.03   1.4896449072525253
   1.0   0.03   0.43984295451124694
   1.0   0.03   0.2956446079274216
   1.0   0.03   5.287987504386783
   1.0   0.03   1.9315699251146774
   1.0   0.03   5.082456610803656
   1.0   0.03   0.9907378507035499
   1.0   0.03   0.760949183135877
   1.0   0.03   0.04875052484729018
   1.0   0.03   0.5052876066774986
   1.0   0.03   4.896338841602951
   1.0   0.03   1.106550713678561
   1.0   0.03   2.5162995450787062
   1.0   0.03   4.9060539388120095
   1.0   0.03   1.2093851165888068
   1.0   0.03   2.601940856747602
   1.0   0.03   1.2158124301427646
   1.0   0.03   3.6864978181868726
   1.0   0.03   2.6681349082813552
   1.0   0.03   5.550008416813717
   1.0   0.03   4.1750089876398055
   1.0   0.03   5.511946688547932
   1.0   0.03   1.4686573963870948
   1.0   0.03   1.7677397023937107
   1.0   0.03   1.9554320666380884
   1.0   0.03   0.5258432476040783
   1.0   0.03   2.0467821082145266
   1.0   0.03   1.81276206811149
   1.0   0.03   2.3318977080186274
   1.0   0.03   5.302579446525734
   1.0   0.03   2.783264164086102
   1.0   0.03   4.956960994186999
   1.0   0.03   3.9623486532596544
   1.0   0.03   0.39437936550317165
   1.0   0.03   2.776861161169516
   1.0   0.03   3.736820565691133
   1.0   0.03   5.530323032907853
   1.0   0.03   3.825439340733211
   1.0   0.03   0.73944286848212
   1.0   0.03   4.690551554870927
   1.0   0.03   6.041227199350925
   1.0   0.03   5.750769128248097
   1.0   0.03   2.038054211468888
   1.0   0.03   2.0568778177675884
   1.0   0.03   3.7714662633584397
   1.0   0.03   1.214764584398072
   1.0   0.03   5.613625889926167
   1.0   0.03   6.272825938603636
   1.0   0.03   0.7620353967750731
   1.0   0.03   1.993502760286613
   1.0   0.03   6.006692120141057
   1.0   0.03   0.8821922833285617
   1.0   0.03   4.414498841014691
   1.0   0.03   4.354006445888198
   1.0   0.03   3.3887459571149576
   1.0   0.03   3.580821778105429
