   250
   7
   1.0
   0.1   0.03   4.848498714993591
   0.1   0.03   3.030231445722726
   0.1   0.03   5.223786318931022
   0.1   0.03   5.5940390781477545
   0.1   0.03   2.1500197278796738
   0.1   0.03   4.489409248765391
   0.1   0.03   6.089295270629266
   0.1   0.03   2.7857435165982825
   0.1   0.03   3.3595101205977516
   0.1   0.03   3.38765482096917
   0.1   0.03   5.810654820372566
   0.1   0.03   5.752781306587012
   0.1   0.03   5.949655786198803
   0.1   0.03   1.3002814678228967
   0.1   0.03   1.172353408024949
   0.1   0.03   4.90219481215895
   0.1   0.03   1.1346226680441618
   0.1   0.03   5.292686174153511
   0.1   0.03   0.7669615075383519
   0.1   0.03   2.450354252811529
   0.1   0.03   5.369082878038421
   0.1   0.03   2.374930110419999
   0.1   0.03   0.8068005952823668
   0.1   0.03   1.4703950819036429
   0.1   0.03   1.7937557987892199
   0.1   0.03   3.0754354370549284
   0.1   0.03   3.2264131961613183
   0.1   0.03   4.714522591754783
   0.1   0.03   0.996088579335102
   0.1   0.03   5.0249266646508355
   0.1   0.03   5.575802551019464
   0.1   0.03   1.58531349189118
   0.1   0.03   3.8914642481850907
   0.1   0.03   4.447986794420746
   0.1   0.03   2.9516900074321555
   0.1   0.03   4.741226131595185
   0.1   0.03   3.849204980836813
   0.1   0.03   5.131269703693273
   0.1   0.03   0.7904155990502748
   0.1   0.03   4.6688018163365985
   0.1   0.03   6.0524718577941305
   0.1   0.03   0.5089445087736986
   0.1   0.03   0.8312337574216047
   0.1   0.03   1.4029371978354792
   0.1   0.03   4.093662638951346
   0.1   0.03   3.0304674319285754
   0.1   0.03   4.049948404910212
   0.1   0.03   4.418354810184646
   0.1   0.03   6.082112822876684
   0.1   0.03   1.5285263394691315
   0.1   0.03   3.68313414523678
   0.1   0.03   0.744621229686335
   0.1   0.03   4.724881567920371
   0.1   0.03   2.151409922119785
   0.1   0.03   1.3559351684775032
   0.1   0.03   0.5826240212255908
   0.1   0.03   4.482748417876996
   0.1   0.03   2.272166476733429
   0.1   0.03   5.897842880762053
   0.1   0.03   2.1312259794285624
   0.1   0.03   5.772262952283078
   0.1   0.03   3.176468506005699
   0.1   0.03   0.15877780981489623
   0.1   0.03   2.88026461682088
   0.1   0.03   5.528471041958066
   0.1   0.03   6.085170661187304
   0.1   0.03   4.871799756230216
   0.1   0.03   5.414157603010431
   0.1   0.03   2.0760251539784553
   0.1   0.03   4.354242936076656
   0.1   0.03   2.0303169820987836
   0.1   0.03   0.38312381308509474
   0.1   0.03   4.338013881947138
   0.1   0.03   6.053903990499019
   0.1   0.03   4.5070719701379875
   0.1   0.03   0.6567791818942453
   0.1   0.03   2.711960574478196
   0.1   0.03   1.312612683623299
   0.1   0.03   0.81927310314187
   0.1   0.03   3.2024619586183847
   0.1   0.03   0.2220679790297122
   0.1   0.03   5.342163858503902
   0.1   0.03   0.32201592441877075
   0.1   0.03   4.06072632782586
   0.1   0.03   0.028374761286684886
   0.1   0.03   0.14110700200226467
   0.1   0.03   0.619968593406732
   0.1   0.03   0.9939155485071351
   0.1   0.03   2.7537770299991386
   0.1   0.03   3.2925529256905133
   0.1   0.03   4.12061760986056
   0.1   0.03   4.2437007617753855
   0.1   0.03   0.042641185462556214
   0.1   0.03   2.5337309775356442
   0.1   0.03   5.473234218211539
   0.1   0.03   4.810155277361376
   0.1   0.03   4.865165469066845
   0.1   0.03   1.1171700755077458
   0.1   0.03   4.376151114134126
   0.1   0.03   5.032650991805662
   0.1   0.03   1.3209279742570486
   0.1   0.03   5.035596126109683
   0.1   0.03   3.4042424041046404
   0.1   0.03   1.1089846242105605
   0.1   0.03   5.657199139690051
   0.1   0.03   0.8913256040816537
   0.1   0.03   5.099812405769888
   0.1   0.03   0.6486665838614509
   0.1   0.03   5.814196470909146
   0.1   0.03   5.742011151549824
   0.1   0.03   0.3887313193223239
   0.1   0.03   0.1537951119082885
   0.1   0.03   3.8191571656737695
   0.1   0.03   4.55070696822759
   0.1   0.03   4.7924482240136985
   0.1   0.03   3.474050033424164
   0.1   0.03   2.181103531666397
   0.1   0.03   0.8031223632195157
   0.1   0.03   4.330245212794109
   0.1   0.03   4.472530284450376
   0.1   0.03   3.504312128192196
   0.1   0.03   2.313664373228527
   0.1   0.03   4.842962631820636
   0.1   0.03   1.1185971818790414
   0.1   0.03   1.9293137017738826
   0.1   0.03   4.9234620398654
   0.1   0.03   5.215079602829834
   0.1   0.03   1.072260218087299
   0.1   0.03   0.6814853233649201
   0.1   0.03   4.352935278354909
   0.1   0.03   0.07770722019360778
   0.1   0.03   3.816254260886494
   0.1   0.03   2.9324094680898583
   0.1   0.03   5.952864843059314
   0.1   0.03   5.465596040025328
   0.1   0.03   0.9958536791903365
   0.1   0.03   1.2342530572566357
   0.1   0.03   1.4659165838908632
   0.1   0.03   6.266919970106357
   0.1   0.03   5.462107257137881
   0.1   0.03   1.494607090241484
   0.1   0.03   3.9970387968954757
   0.1   0.03   5.286924921779545
   0.1   0.03   0.5815876711658033
   0.1   0.03   4.269850486740359
   0.1   0.03   5.957176260246119
   0.1   0.03   5.0358853401701555
   0.1   0.03   3.612909302292693
   0.1   0.03   6.060285777847121
   0.1   0.03   4.303543959516872
   0.1   0.03   0.16931500051099568
   0.1   0.03   4.251108308611055
   0.1   0.03   5.051143161524119
   0.1   0.03   5.075239242226459
   0.1   0.03   2.3585525725602725
   0.1   0.03   5.4336586467398975
   0.1   0.03   0.9529395680511865
   0.1   0.03   4.395726406623651
   0.1   0.03   5.296889487394346
   0.1   0.03   5.177732225589408
   0.1   0.03   4.420787465487184
   0.1   0.03   0.20848740922341116
   0.1   0.03   2.5414666198949076
   0.1   0.03   4.6922075420875835
   0.1   0.03   4.877711961195839
   0.1   0.03   4.93158219373335
   0.1   0.03   3.8038437927205857
   0.1   0.03   3.97024245933199
   0.1   0.03   0.5911314790254385
   0.1   0.03   5.022912549742931
   0.1   0.03   2.7695618719188246
   0.1   0.03   4.43926945018407
   0.1   0.03   6.067714135218486
   0.1   0.03   6.220285152336712
   0.1   0.03   0.1332542746262251
   0.1   0.03   2.5648703126821766
   0.1   0.03   3.5760565507156254
   0.1   0.03   2.95896651128881
   0.1   0.03   1.758826592129993
   0.1   0.03   4.50236016126993
   0.1   0.03   3.6312846516401343
   0.1   0.03   4.165388186674969
   0.1   0.03   3.1829012089022166
   0.1   0.03   0.053545162060532336
   0.1   0.03   1.0144180660280344
   0.1   0.03   4.3056229423395775
   0.1   0.03   5.065272459344002
   0.1   0.03   0.15670378202012444
   0.1   0.03   2.9538396802282927
   0.1   0.03   0.9745088630306064
   0.1   0.03   4.254349556288047
   0.1   0.03   6.180917666528403
   0.1   0.03   0.48428870590976686
   0.1   0.03   5.34855788534458
   0.1   0.03   4.887254933093282
   0.1   0.03   2.207829079422528
   0.1   0.03   3.074320394795991
   0.1   0.03   3.5638030103754166
   0.1   0.03   3.8259525326680532
   0.1   0.03   1.8488668792719425
   0.1   0.03   4.801031884469804
   0.1   0.03   5.518526754986827
   0.1   0.03   1.7335817487415508
   0.1   0.03   2.3267722000354096
   0.1   0.03   2.9606656216100475
   0.1   0.03   3.0058879405653878
   0.1   0.03   4.5111672611755465
   0.1   0.03   3.7326661754387973
   0.1   0.03   4.557703366093246
   0.1   0.03   1.275772254006436
   0.1   0.03   4.95374818980738
   0.1   0.03   3.8283537048924825
   0.1   0.03   4.914057425878794
   0.1   0.03   5.338893562065387
   0.1   0.03   2.231699170560145
   0.1   0.03   2.1262933050099
   0.1   0.03   4.62203431836231
   0.1   0.03   2.7008001790450575
   0.1   0.03   0.9629218357274674
   0.1   0.03   0.8927428005187489
   0.1   0.03   1.1856634551919958
   0.1   0.03   3.4127447247293206
   0.1   0.03   2.922606966773005
   0.1   0.03   1.3776900022566878
   0.1   0.03   2.34408311403904
   0.1   0.03   0.9521327739584075
   0.1   0.03   5.22879664035836
   0.1   0.03   4.42962611822194
   0.1   0.03   0.575438520286506
   0.1   0.03   0.9310550851769728
   0.1   0.03   5.692699151982556
   0.1   0.03   4.28808810160535
   0.1   0.03   0.16225565970038783
   0.1   0.03   4.818009347717528
   0.1   0.03   1.498971962702239
   0.1   0.03   0.7267896185821544
   0.1   0.03   2.5568943434802796
   0.1   0.03   0.3558871674111066
   0.1   0.03   1.748500386501968
   0.1   0.03   3.33179681075926
   0.1   0.03   4.919300426074713
   0.1   0.03   2.2660131094743146
   0.1   0.03   0.5749039794039469
   0.1   0.03   0.7726880677607205
   0.1   0.03   3.971733790643076
   0.1   0.03   6.143498911330355
   0.1   0.03   2.261750496233633
   0.1   0.03   5.424533388737757
   0.1   0.03   5.469789177844596
   0.1   0.03   6.0582972642447785
