   300
   7
   2.5
   0.1   0.03   0.07600380232995281
   0.1   0.03   4.055652384258912
   0.1   0.03   0.43301494764584175
   0.1   0.03   0.2390554223827675
   0.1   0.03   5.053907328557137
   0.1   0.03   0.8434282033952027
   0.1   0.03   3.568632247380861
   0.1   0.03   4.893495307140284
   0.1   0.03   3.095469776020926
   0.1   0.03   4.361674672247452
   0.1   0.03   4.942727397572104
   0.1   0.03   1.0136445215534085
   0.1   0.03   3.300472975122165
   0.1   0.03   5.953407536037764
   0.1   0.03   2.758751323569031
   0.1   0.03   1.044647035052481
   0.1   0.03   0.49261847153034777
   0.1   0.03   5.405796845648826
   0.1   0.03   4.683924947086778
   0.1   0.03   0.284478383804615
   0.1   0.03   5.005019306882805
   0.1   0.03   0.846359512954485
   0.1   0.03   2.2669080281237637
   0.1   0.03   3.5543463073773185
   0.1   0.03   2.6722322973506287
   0.1   0.03   5.337350437824954
   0.1   0.03   1.812941773266011
   0.1   0.03   3.61593389652487
   0.1   0.03   6.076296785449992
   0.1   0.03   1.877978311193262
   0.1   0.03   3.780398948958934
   0.1   0.03   0.1922817216960897
   0.1   0.03   4.9411885763136665
   0.1   0.03   5.281777664311962
   0.1   0.03   0.24425515219361513
   0.1   0.03   0.43222923479783787
   0.1   0.03   0.24828347097129624
   0.1   0.03   5.255443501966134
   0.1   0.03   2.8158669857994965
   0.1   0.03   0.3975318584406496
   0.1   0.03   5.721347757474058
   0.1   0.03   2.7974180688223695
   0.1   0.03   3.826994738873344
   0.1   0.03   5.301909322774671
   0.1   0.03   2.511099028821725
   0.1   0.03   0.6976920573945058
   0.1   0.03   1.1367140668064035
   0.1   0.03   2.730448317883349
   0.1   0.03   5.187695693350101
   0.1   0.03   0.48994338399395265
   0.1   0.03   2.487757649241432
   0.1   0.03   4.553092821276193
   0.1   0.03   4.922897851932608
   0.1   0.03   1.001921569716186
   0.1   0.03   4.05658433191343
   0.1   0.03   2.903313733372676
   0.1   0.03   0.16242261502564223
   0.1   0.03   1.8291737018545648
   0.1   0.03   1.8330156763885053
   0.1   0.03   5.280783576677706
   0.1   0.03   3.9409292297448757
   0.1   0.03   0.6561953475647766
   0.1   0.03   5.50053101775638
   0.1   0.03   4.617035559022075
   0.1   0.03   5.232787746789356
   0.1   0.03   5.482918302040009
   0.1   0.03   2.4787547259561395
   0.1   0.03   2.1040513474249356
   0.1   0.03   1.2197181264809591
   0.1   0.03   4.403488679746466
   0.1   0.03   2.9653851954177606
   0.1   0.03   3.2851131252224315
   0.1   0.03   5.967706836062663
   0.1   0.03   4.770092907274824
   0.1   0.03   0.3085966793400544
   0.1   0.03   5.327312113316446
   0.1   0.03   0.7756260828323932
   0.1   0.03   4.339530129119332
   0.1   0.03   4.4102361759077775
   0.1   0.03   2.261505450677238
   0.1   0.03   3.0062117886891335
   0.1   0.03   0.4061652308977332
   0.1   0.03   5.034229553434743
   0.1   0.03   5.553771095505063
   0.1   0.03   1.8551182054810575
   0.1   0.03   5.609069888343562
   0.1   0.03   3.245096149659235
   0.1   0.03   3.3793082438007898
   0.1   0.03   5.76883039643686
   0.1   0.03   4.8688460014328045
   0.1   0.03   0.6045449578346669
   0.1   0.03   2.697294447696961
   0.1   0.03   0.9812182191021736
   0.1   0.03   1.2740805844790926
   0.1   0.03   5.97077128825142
   0.1   0.03   3.1425323422822973
   0.1   0.03   5.759735472897401
   0.1   0.03   5.716371942866571
   0.1   0.03   5.05852894864798
   0.1   0.03   2.7151092035449316
   0.1   0.03   5.657068934895564
   0.1   0.03   5.84329841836643
   0.1   0.03   3.815011772557615
   0.1   0.03   2.3513361105736763
   0.1   0.03   4.980604810022197
   0.1   0.03   1.2747839193417947
   0.1   0.03   5.713454446628062
   0.1   0.03   0.05185414375130036
   0.1   0.03   0.9444516524638743
   0.1   0.03   0.9127205496139069
   0.1   0.03   1.1922956875050053
   0.1   0.03   0.8127455452463557
   0.1   0.03   0.6187428019921299
   0.1   0.03   3.7699140518946037
   0.1   0.03   5.82323704994974
   0.1   0.03   3.0554180572805203
   0.1   0.03   0.20147629262156866
   0.1   0.03   6.0790262881923285
   0.1   0.03   1.757096974344119
   0.1   0.03   0.6251769864696358
   0.1   0.03   4.671997380930558
   0.1   0.03   0.798372509024731
   0.1   0.03   5.72239020020708
   0.1   0.03   4.116164792779316
   0.1   0.03   4.958372697789319
   0.1   0.03   6.053419878933872
   0.1   0.03   5.187733319998456
   0.1   0.03   5.396759874825305
   0.1   0.03   2.8146164669459757
   0.1   0.03   5.832696470266409
   0.1   0.03   0.6524038935420835
   0.1   0.03   5.197052800120459
   0.1   0.03   2.073999201098205
   0.1   0.03   0.5449428408744583
   0.1   0.03   0.2936451191151873
   0.1   0.03   4.32825493452968
   0.1   0.03   3.4232072519918524
   0.1   0.03   3.3009846069244193
   0.1   0.03   3.639948006064238
   0.1   0.03   3.647842569345823
   0.1   0.03   2.222779078768835
   0.1   0.03   5.230123334284193
   0.1   0.03   4.441607751716853
   0.1   0.03   0.7771963952831529
   0.1   0.03   2.527127256992711
   0.1   0.03   3.7591831454157787
   0.1   0.03   2.8361291802322857
   0.1   0.03   1.8470106589053445
   0.1   0.03   5.952050733239682
   0.1   0.03   3.342633698231492
   0.1   0.03   6.088431153361648
   0.1   0.03   1.9774226480665467
   0.1   0.03   6.177692755021508
   0.1   0.03   5.271567351770706
   0.1   0.03   3.0578713315784656
   0.1   0.03   5.25482250020535
   0.1   0.03   5.032095717308981
   0.1   0.03   6.067054645936068
   0.1   0.03   1.7873176300522493
   0.1   0.03   1.2562897371025694
   0.1   0.03   1.973978804042618
   0.1   0.03   4.260952955220937
   0.1   0.03   1.2503889128144492
   0.1   0.03   0.16455271450534187
   0.1   0.03   2.72820518915711
   0.1   0.03   4.500523741740243
   0.1   0.03   0.1633944605490632
   0.1   0.03   4.512216889863461
   0.1   0.03   5.531632605482602
   0.1   0.03   5.882223575557664
   0.1   0.03   4.7711169531903925
   0.1   0.03   4.540604254051876
   0.1   0.03   0.49582259235344184
   0.1   0.03   5.9238842916000145
   0.1   0.03   5.15481252855112
   0.1   0.03   3.4895588943341633
   0.1   0.03   1.375843727271464
   0.1   0.03   4.393111086280355
   0.1   0.03   1.9043299094614898
   0.1   0.03   4.159732678535944
   0.1   0.03   0.7015681738995374
   0.1   0.03   3.1195592602722004
   0.1   0.03   4.95296591483212
   0.1   0.03   1.0205297768787271
   0.1   0.03   1.4342663392346442
   0.1   0.03   6.097928046900182
   0.1   0.03   2.9315892005007798
   0.1   0.03   2.532611591697527
   0.1   0.03   1.145519591456623
   0.1   0.03   3.504321136660619
   0.1   0.03   0.9293731563775963
   0.1   0.03   0.19595172102313074
   0.1   0.03   6.053516358775967
   0.1   0.03   5.647929888547755
   0.1   0.03   1.4769917459072024
   0.1   0.03   6.246723837626763
   0.1   0.03   2.713216923124477
   0.1   0.03   1.3716996306368137
   0.1   0.03   5.593403824408057
   0.1   0.03   2.9442916238278993
   0.1   0.03   5.892037710008076
   0.1   0.03   3.98196986277178
   0.1   0.03   2.726693777902955
   0.1   0.03   1.4202181128263462
   0.1   0.03   2.791176907452967
   0.1   0.03   4.304236961451357
   0.1   0.03   3.0276835887971676
   0.1   0.03   2.237390215915577
   0.1   0.03   1.2501114801669984
   0.1   0.03   0.6822709998315697
   0.1   0.03   2.799199985142141
   0.1   0.03   3.6599058883508384
   0.1   0.03   5.199159644953157
   0.1   0.03   0.19192382342630124
   0.1   0.03   5.048887040602741
   0.1   0.03   3.977570381285838
   0.1   0.03   4.402208335630788
   0.1   0.03   1.9050883293365564
   0.1   0.03   6.175634227001
   0.1   0.03   1.5935894192931486
   0.1   0.03   3.5650117083225497
   0.1   0.03   4.191360560807137
   0.1   0.03   4.903598962668301
   0.1   0.03   3.094267078175195
   0.1   0.03   4.634048809246911
   0.1   0.03   4.935422815593723
   0.1   0.03   0.02399849172359656
   0.1   0.03   5.175193924541445
   0.1   0.03   3.452847754445465
   0.1   0.03   6.0885301162517464
   0.1   0.03   2.5876551483177153
   0.1   0.03   3.3119408421874583
   0.1   0.03   2.92124081150861
   0.1   0.03   3.667148747715201
   0.1   0.03   0.6009712960091296
   0.1   0.03   3.1249328973425508
   0.1   0.03   5.612873289293372
   0.1   0.03   4.523617510001998
   0.1   0.03   0.9880198857749415
   0.1   0.03   1.9758257896965836
   0.1   0.03   4.845674317036469
   0.1   0.03   4.332051838503631
   0.1   0.03   5.742252097331801
   0.1   0.03   6.145459269772875
   0.1   0.03   6.238835948139895
   0.1   0.03   1.9478383210694081
   0.1   0.03   5.56393903480137
   0.1   0.03   1.1229383010913994
   0.1   0.03   0.14672413255853406
   0.1   0.03   4.6729542692782555
   0.1   0.03   3.1825191568242728
   0.1   0.03   2.2673789837005462
   0.1   0.03   2.574850718358136
   0.1   0.03   5.399039409337776
   0.1   0.03   5.306241918860721
   0.1   0.03   0.7424193469676629
   0.1   0.03   2.857408149097218
   0.1   0.03   4.4242362952669785
   0.1   0.03   3.80449316684503
   0.1   0.03   4.106675200545689
   0.1   0.03   0.06732834286449528
   0.1   0.03   4.355408905053363
   0.1   0.03   2.2490525362740215
   0.1   0.03   0.8551143108528609
   0.1   0.03   1.3517710576317672
   0.1   0.03   3.436527281454364
   0.1   0.03   1.372355056040926
   0.1   0.03   4.9626397286778365
   0.1   0.03   6.2621577585383355
   0.1   0.03   5.311576723758771
   0.1   0.03   1.2993348262996387
   0.1   0.03   2.9139839122716436
   0.1   0.03   2.2093822617458034
   0.1   0.03   1.9017991276428068
   0.1   0.03   0.6366047822491036
   0.1   0.03   1.5477109979352341
   0.1   0.03   4.5012804180531045
   0.1   0.03   3.2302553513434593
   0.1   0.03   5.66738602507436
   0.1   0.03   2.5977323454643417
   0.1   0.03   1.5152567115550184
   0.1   0.03   6.13952424151658
   0.1   0.03   5.940833016494956
   0.1   0.03   3.950373524395628
   0.1   0.03   2.574551020918424
   0.1   0.03   4.071222891596259
   0.1   0.03   1.9203328032080398
   0.1   0.03   5.339947691364148
   0.1   0.03   1.5276404967044142
   0.1   0.03   0.9930561415064166
   0.1   0.03   2.2617479206925277
   0.1   0.03   5.268552428912932
   0.1   0.03   1.7261641788183655
   0.1   0.03   0.5419444958325702
   0.1   0.03   1.932892280149196
   0.1   0.03   3.2590671519604117
   0.1   0.03   3.7213424180806647
   0.1   0.03   2.252638519714526
   0.1   0.03   6.166896654436286
   0.1   0.03   4.302252729653543
