   0
   0.09399470584920583   0.022022807448939894
   0.045585063924935346   0.0809825583388339
   0.09169324902533185   0.06461375378608188
   0.07491009550455996   0.07995617690203989
   0.014852716867546639   0.07056997688675688
   0.05537027201986859   0.08316115128434204
   0.029309286480843088   0.007814144247099497
   0.10899470163464828   0.08260573313025936
   0.05417810753944884   0.050808717566782215
   0.06592696875709171   0.002511618388104328
   0.08273640618797153   0.031734186117424554
   0.11707414609795808   0.010944077499419363
   0.07698403451668319   0.05044895063562756
   0.06421629879384098   0.07160530299246633
   0.04239405579550136   0.06904062360620648
   0.06981413967391538   0.08650261526833622
   0.0777927141941279   0.07213695624700495
   0.055757457536047696   0.02754595256071084
   0.060141205807942855   0.04222170024906959
   0.10123080659990356   0.06299663967548656
   0.03594856344714416   0.01634568296314681
   0.11284868811834102   0.031172446072496994
   0.08482239207301186   0.016690264665300613
   0.006024459246016951   0.007700076766136762
   0.033012500057367236   0.057477520505099876
   0.05613176239186483   0.05744971669017472
   0.08878029063068393   0.07221350949760562
   0.05751748918767899   0.07763094948984306
   0.094736437815374   0.07984349910782383
   0.03762764291040848   0.03217364773593651
   0.002846504001913053   0.0333896678773588
   0.09666326431387418   0.07403882423812423
   0.11611135779585412   0.08146704010309844
   0.07248258689104302   0.01677786503183215
   0.08428595829111322   0.0746777403761489
   0.002430574009207734   0.0826822328295972
   0.022988140146766072   0.05628196344513555
   0.10596070739837463   0.04246011436289494
   0.044273674272561986   0.07463859837460078
   0.07648619751530501   0.020414741944888203
   0.07010308968942242   0.04457092258185794
   0.05015619008589242   0.057922051986889926
   0.00734139358268506   0.07726540334780528
   0.00617322470366473   0.028798780024614647
   0.08909230771709971   0.07999222311926023
   0.11750419256985846   0.026582206307890804
   0.021960241018620437   0.028120070465960025
   0.02333019537389603   0.04307278192043607
   0.009689051693253643   0.018423582442720694
   0.07151191969080169   0.03091803763192794
   0.0952101141403284   0.08550010783920871
   0.01764323472955688   0.059887301077834174
   0.06302278073230004   0.060477926608168274
   0.10269145402486643   0.018475773676606175
   0.05737850661235121   0.015129259381184059
   0.09036842696388414   0.0036126925940871335
   0.001959157839300679   0.07413416389538079
   0.0351813516518002   0.021651740115107874
   0.00992884371421296   0.045975300859839384
   0.01250181176204936   0.08449208427816327
   0.0301798272165313   0.01875816425143322
   0.04610935868823212   0.0661262381445886
   0.039550888797146445   0.08481405112394876
   0.04899668214552372   0.08543256347956606
   0.028071222295343798   0.07262789446333363
   0.09706504633899814   0.008868842617119994
   0.053080542429456104   0.0880737046910141
   0.006645850498441089   0.08173216211710001
   0.0998594728392874   0.07003355262399696
   0.10960833149689075   0.02656399218014227
   0.07420689749891664   0.07080849966876664
   0.10757846535064555   0.06852259633122502
   0.11238335282427836   0.05333453306004639
   0.10695869685438102   0.04669048798193701
   0.01952553816041326   0.05249776846440722
   0.01696810883206263   0.020006727797652807
   0.022265721923541502   0.022304425570595476
   0.08194891556092203   0.022209492885543154
   0.09497377032088049   0.039986043751043386
   0.06086961790916224   0.015482407869847212
   0.08322795709346002   0.045278445764148696
   0.04275671157188355   0.01309843944088219
   0.05924432570764433   0.06475461561730997
   0.031701316652616864   0.049781212874018974
   0.08946506773261724   0.025141525618390413
   0.08290833865481777   0.041221230164622896
   0.006476165156593123   0.0680443640404356
   0.032467394898809065   0.04234113332713947
   0.0082712905460097   0.0519582103281395
   0.02997264278774003   0.03937438192264712
   0.055525507852104604   0.04071618967277633
   0.04349116924133994   0.016317664435865888
   0.1153345898070924   0.006901604453708235
   0.05823878600361979   0.008811390452940382
   0.002224673378920177   0.037424010860853486
   0.0728745256143976   0.02700317236742946
   0.039104118425672234   0.07952307261427331
   0.09320398630084607   0.033975419634776065
   0.07290688763272565   0.08362186125099537
   0.11813926558958118   0.06857225243950675
