   0
   0.008869585126304097   0.022731251997193287
   0.08183188373309401   0.06473392788323709
   0.07358702448088503   0.05745635540556217
   0.05179607202787462   0.01886713513766757
   0.04518185685663255   0.03703544236628761
   0.0722696373342749   0.08715552898164249
   0.03671223855891224   0.07116525340878165
   0.06265831539350974   0.046570994265004724
   0.07222887295022633   0.05311451250589826
   0.09312039584482712   0.08136629830619435
   0.008818821020759928   0.07458986464758392
   0.05544224164069154   0.06210045475959384
   0.1110280323267162   0.03481874521359084
   0.048229200394961085   0.08769710334031273
   0.041112403993502133   0.04074577644624662
   0.005674649944033865   0.01750428222457903
   0.01807580670960179   0.03715625494487378
   0.026569316567684596   0.04016280434790377
   0.10214368409867805   0.0030230663259238045
   0.09869227584562497   0.08670159656740896
   0.027798181402698647   0.007876519324304066
   0.04445515424201515   0.027512413345153457
   0.07776905308533828   0.04788809433900144
   0.05806445218676964   0.016109526953066118
   0.05530221292412141   0.0518297944767088
   0.01714681666062557   0.0859602497124214
   0.06996301768138184   0.04302324689445712
   0.012296857339417152   0.08480039744967165
   0.1157409896809712   0.0112809590772111
   0.06217358124694133   0.05378662552257344
   0.10259133282158908   0.076695696683803
   0.03579824426245798   0.056899454724567394
   0.03647388852530453   0.03134655778884195
   0.01855125351348062   0.007638623215872482
   0.039455801977959844   0.046415024385702164
   0.0605329480203233   0.028019651056805935
   0.009993656843574616   0.04209034638531637
   0.008102146070433445   0.058196206545883915
   0.05556968132021038   0.07629892708870219
   0.09823509806067532   0.04867984102923271
   0.03696668566339113   0.04264236151787235
   0.09233354010592523   0.008506924281272562
   0.05447536890339917   0.07952942564551749
   0.0840693855185624   0.07497107379601792
   0.030206364999333962   0.038247452108074266
   0.015271951538628903   0.07011174462765327
   0.04874429364714004   0.06310037001894384
   0.06416103047297694   0.02986464492684539
   0.04324855273304516   0.06883214764703505
   0.0037740118910407415   0.05810259584198943
   0.0983679126742993   0.05679646031097255
   0.027353364761031555   0.028663943049404256
   0.060746281432125904   0.03819120953383558
   0.019019222062098648   0.053704037967224574
   0.1000170714648655   0.05341945647149484
   0.08783809761784472   0.0794208626438315
   0.017504115522925127   0.032793208369963196
   0.031714264746936095   0.07148943205878552
   0.026186348022037294   0.004574265867357232
   0.06326990500304795   0.0776994092817504
   0.04531783489610229   0.01102968379633111
   0.028799975236315507   0.050967957249064055
   0.1022945436670316   0.027443399251976648
   0.003404116938266728   0.04243156533699197
   0.027799162838474795   0.0785985416285286
   0.08283890548507561   0.0022409382332858998
   0.031611247188126544   0.008412397952482832
   0.04133611544901094   0.06546939268694707
   0.019917535792140142   0.06126146948497488
   0.0660152481195229   0.07268725742505457
   0.013067949552948988   0.043609545251905815
   0.08073815034210895   0.07812527417455153
   0.10873788125489785   0.016437357678809154
   0.10644106184033952   0.06909848323344661
   0.0377733163755165   0.08437506062991028
   0.09791454343607264   0.022266726767524624
   0.02056534043729965   0.025589794486839193
   0.01226843033994201   0.07043969881198683
   0.011283170376858791   0.052658397946124355
   0.058169286833832   0.0251893290300328
   0.10660282259509589   0.06541803592078133
   0.07704845639996556   0.03665632648828865
   0.0364417064995353   0.06402460091203055
   0.03918749544874728   0.0585195177789911
   0.10688008789961807   0.0039326986786194775
   0.047358655059780604   0.08348191169864673
   0.06175827574151861   0.004787172528396631
   0.023969759672634473   0.07473950200368958
   0.010345257947969198   0.06412675067648647
   0.005424049100731824   0.009872520041027535
   0.003268084935701062   0.06873682736942624
   0.00901119281812652   0.04917466594036634
   0.09893269654741403   0.07816998047211007
   0.002651988737974666   0.022687726999254917
   0.026170809119329848   0.08562489073832645
   0.08632707218448347   0.06323018944112412
   0.052929748058989264   0.03485315139904691
   0.04523847791811299   0.03327908265339207
   0.08224341386133166   0.03474175740167396
   0.08395912020742996   0.06811425379391882
