   0
   0.11710409531575693   0.014850463296759077
   0.03408238757646879   0.05167874052552259
   0.051288069529008426   0.04009355170043885
   0.05863118474882736   0.026794063865196734
   0.08841144738966289   0.05426018983841584
   0.05254410023501661   0.08201607716060245
   0.005139224547865475   0.07993950835487978
   0.11083464343943665   0.018462731450437246
   0.07536380394313473   0.07641339093676204
   0.11290296718541853   0.023316125998649878
   0.014666575567166336   0.01518405174172841
   0.04571393831848569   0.057876748284444106
   0.027780343082527966   0.015174137533674796
   0.08126570561781515   0.05323458146995239
   0.10899637714171974   0.03947606049091813
   0.1035410147918617   0.05728088849808379
   0.09830841211501279   0.027901213190505682
   0.11331033946140817   0.07839296109758853
   0.021840950715488458   0.06117258899929891
   0.08373888797840369   0.062451188277052795
   0.1117701999638487   0.051415785472451
   0.10673877494241105   0.002893754435781072
   0.0504032197078924   0.010278914583176448
   0.0644364587960942   0.006098912551959939
   0.04666131491764086   0.08430815871332596
   0.0027076896816725696   0.06306677208883756
   0.05349997684359026   0.033465789693334906
   0.06321557477977395   0.04489619149445888
   0.07071391244559765   0.08335125666553908
   0.022655915075797298   0.019573585867198734
   0.04716495853333789   0.02942032784970933
   0.015996258684974805   0.0047569366870351855
   0.045958915676531736   0.02420947680545047
   0.020528500640125114   0.015800909118584994
   0.04578097171189333   0.016195128971531834
   0.11687012282942166   0.01023518059827996
   0.024188131735771178   0.052348560387057465
   0.002758439843366511   0.03605497470262334
   0.030306607155843355   0.04612998525548394
   0.08595287754441543   0.04147322132732747
   0.09766217616081718   0.07283631078434892
   0.09619521115066641   0.04201555553989017
   0.007265958090122792   0.04739201732516951
   0.08080005911909226   0.019234308095902704
   0.11794642451143307   0.058282288923692666
   0.028841385317812704   0.050442691818477374
   0.10615951828215127   0.05107438313484221
   0.07663466392009875   0.05768004503324791
   0.07100344251981038   0.043195201419224415
   0.07404488394128626   0.08155188572535622
