0.00000
0	0.08130627047951719	0.03704779193231763	-0.009901353289715305	0.0014011434731118465	0.0015
1	0.012039585161084393	0.08613225644854693	-0.0015418007456232008	-0.00988042764564347	0.0015
2	0.1094141479507872	0.004271938931269317	-0.009173877297652766	0.003979946648839806	0.0015
3	0.10982329882794784	0.08295794224867939	-0.00640871029346303	-0.007676485678646252	0.0015
4	0.07216392375045186	0.058924451898719025	0.00925100213135783	-0.0037972305125726674	0.0015
5	0.05574029831800049	0.08168659752576958	-0.004156579839049126	0.009095209950386542	0.0015
6	0.02230005611914573	0.012899318156622309	7.299516905181249E-4	0.009973322943207531	0.0015
7	0.016356939360001536	0.017522755423841782	0.007401120208441008	-0.006724836032217152	0.0015
8	0.07620953948389109	0.06285114964238729	0.009303203022518991	-0.0036674805414335194	0.0015
9	0.006699944696135463	0.012273015020886565	0.005513469921510281	-0.008342760300080628	0.0015
10	0.06002598878357009	0.07027300338459	2.1326893735254012E-4	-0.009997725559364016	0.0015
11	0.053908722096239425	0.05448770865188989	3.4760490926730387E-4	-0.009993956715288159	0.0015
12	0.0042837521477526366	0.0669001641801236	0.007218714189426918	0.006920272064837225	0.0015
13	0.05792068975313043	0.035046662228652575	-0.004078236953752134	-0.009130606954033806	0.0015
14	0.05704631884986228	0.07594549615294924	-0.004950263948722231	-0.00868877936409833	0.0015
15	0.053049909002087496	0.08360435395243027	0.0062747928799129615	-0.007786332532983266	0.0015
16	0.04365681128246546	0.006170950901825078	-0.009596805366823643	0.0028109298730677984	0.0015
17	0.016870999383457028	0.0020430840047763964	-0.009154655094769591	0.00402396447496858	0.0015
18	0.0073883684978587015	0.04351761696651373	0.0032967074718620246	-0.009440959688769415	0.0015
19	0.06577838809459324	0.05553497719690419	0.0045169563047275	0.008921721007809115	0.0015
20	0.10930823902470473	0.025953242242555078	0.00493981150520417	0.008694726119496376	0.0015
21	0.033955182518337165	0.06198449936020245	-0.0018056646374311717	0.009835627850682973	0.0015
22	0.022611892116707447	0.04935136700566728	0.0039601443552777634	0.009182442849555975	0.0015
23	0.010256425737718053	0.06151285796638268	0.0024200238089604233	-0.009702756554921116	0.0015
24	0.09753197253202302	0.008590294645584367	0.009937601457704937	-0.0011153821174022334	0.0015
25	0.10968831930416884	0.011253995282561777	-0.009575062617639341	-0.0028841248010940275	0.0015
26	0.08868195080088477	0.06765288355667992	-0.008206282172768834	-0.005714624475929841	0.0015
27	0.048747950116057204	0.035059108128581616	1.4233307200875754E-4	-0.009998987013523548	0.0015
28	0.11235528686681048	0.036319612263100785	-0.005567823674773633	-0.00830658410699791	0.0015
29	0.09386846808128708	0.013077768564713689	-8.256111498239119E-4	-0.009965860034602455	0.0015
30	0.013681145645532525	0.011345922740771456	-0.004798025703778046	0.008773764833062555	0.0015
31	0.09850979259043965	0.034118472979780906	4.0819015846905695E-4	-0.009991665566587435	0.0015
32	0.004359074350786132	0.0361031195800226	0.008189788174647373	-0.005738237504182451	0.0015
33	0.04403572736318423	0.07276117374660725	-0.0035305855383660303	-0.00935601227854478	0.0015
34	0.08701212456797495	0.07454610702658035	0.005592338611901231	-0.008290099447524053	0.0015
35	0.09894276091184862	0.07733165656337555	-0.004579580666109642	-0.008889737955788955	0.0015
36	0.0290959935282369	0.022418520110914192	0.009943501048464837	-0.0010615021899076274	0.0015
37	0.05993510161708894	0.039424971575785804	-0.0081535636107928	0.005789594151989885	0.0015
38	0.053315470307346985	0.015258709792362858	5.422855184777597E-4	-0.00998528549498958	0.0015
39	0.0441070976646745	0.08660864802326142	-0.009650125302278904	0.0026220376904835824	0.0015
40	0.01436432025194248	0.03296435344335224	-0.005575077339773617	-0.0083017174521627	0.0015
41	0.09227743016685512	0.04685062119732827	0.007304571346754534	0.006829585451560927	0.0015
42	0.11551819019049936	0.003427710147306085	0.00843280435292698	-0.0053747382024853805	0.0015
43	0.06954846178001359	0.025847958096279385	0.005943698965078662	0.008041917844178889	0.0015
44	0.10030651751562078	0.06066619921631751	-0.0019760571849249163	-0.009802815820054288	0.0015
45	0.02151753015175417	0.036303949038087924	0.0074633760314029105	0.006655675639172971	0.0015
46	0.06431597891244745	0.08223415209864098	4.3598055757679743E-4	0.009990491527117925	0.0015
47	0.029452877676407054	0.01095744502042823	0.009559466901638768	-0.0029354033038873706	0.0015
48	0.023412345559213066	0.06396158348044528	0.00915306387915522	0.004027582603014369	0.0015
49	0.10682047854841438	0.0869701368348494	-0.006889576338947773	0.007248016133385123	0.0015
50	0.06399832375725739	0.005431088602775093	0.008936312995698328	-0.0044880184985039	0.0015
51	0.0404384845535883	0.033364720555635566	-0.008967782156423437	0.004424803181491059	0.0015
52	0.08131903885619407	0.029523370436176748	0.009320592304333995	0.0036230593559021247	0.0015
53	0.05428708935889908	0.04855704966754882	0.009872809145797143	-0.001589855204307709	0.0015
54	0.07450576064211313	0.05600073496193923	-0.008016532540600986	0.005977893109238864	0.0015
55	0.014573673594217268	0.06337201934627262	0.00532889851678323	-0.008461846169591213	0.0015
56	0.06497769811759026	0.014057114559198933	0.009994468008567148	-3.3257965320781266E-4	0.0015
57	0.07029019801601104	0.007874565257932785	0.003721502789945918	-0.009281724892735441	0.0015
58	0.10225763172386378	0.04537850061549693	0.00973978796490135	0.002266391492827935	0.0015
59	0.010786657803221316	0.0384532070386788	-0.005361193124133483	-0.008441422171988787	0.0015
60	0.10151028301850723	0.016783379502938484	-0.005669939028935322	-0.008237219883441014	0.0015
61	0.11765615342608853	0.0218183424357977	-0.006023982824664355	0.00798195658520822	0.0015
62	0.09601275260269206	0.028032417314757644	-0.0010649897454423855	-0.009943128121577363	0.0015
63	0.08487407148728628	0.025834073739589195	0.009863968859868769	-0.001643812133894639	0.0015
64	0.05932369769853237	0.05952481220942097	0.0020991288472567023	0.009777200932916064	0.0015
65	0.07983888066820645	0.0612569144641336	0.009679788735235338	0.00251031672129456	0.0015
66	0.04424427184093186	0.06057052673818939	0.009727535949565358	-0.0023184141886025455	0.0015
67	0.06649682948682133	0.03680339001763658	-0.004226942828584901	0.009062723339254855	0.0015
68	0.1054659415114721	0.04256401289506143	-0.004074649804362008	0.009132208329413683	0.0015
69	0.11674143147518529	0.009580248324374159	3.41617100508423E-4	-0.0099941631844112	0.0015
70	0.10046032400407735	0.037987482535087554	0.0060433387292102	-0.007967311780269933	0.0015
71	0.0221209701887725	0.06849375067278303	0.008398967360285824	0.005427462324222377	0.0015
72	0.024093822544321474	0.04635599205784356	-0.005361884695070616	-0.00844098291176848	0.0015
73	0.028613972854833136	0.0076191202930373965	-0.007377152615326738	0.006751119854526202	0.0015
74	0.007998734412992122	0.0883771051196453	-0.0063641682825329275	0.007713453316874478	0.0015
75	0.05042202552391326	0.0029267329871746767	0.004399631173359069	0.008980158436152845	0.0015
76	0.042777249670532445	0.036909375663912954	-0.007916460047489521	0.00610980034997071	0.0015
77	0.11849419905808929	0.04832902080004313	-0.0024442901722888793	0.009696671880271705	0.0015
78	0.11792905344153157	0.06146869520139804	0.007877118564401852	-0.0061604385495154235	0.0015
79	0.05753690670131577	0.027186963847413557	0.009534959013917337	-0.0030140598207262785	0.0015
80	0.10119210913229958	0.029271030967128558	-0.008544686608387952	0.005195029428639997	0.0015
81	0.008667446787566686	0.006559186035377643	0.006062506714513291	-0.007952736154084409	0.0015
82	0.023412690330694493	0.008787633379393587	-0.005206968446273941	-0.008537416447585742	0.0015
83	0.0037973245963035178	0.0706264604528558	0.008810179096280398	0.004730829133615368	0.0015
84	0.03364070366997868	0.08344271123102517	0.004310897996154594	-0.009023090294724435	0.0015
85	0.00546273720093509	0.0542453754148686	0.0037462329511224013	-0.009271771064684716	0.0015
86	0.08959509054058794	0.019042311584423297	-0.009904806098726484	-0.0013765232096229422	0.0015
87	0.11832038141263557	0.07297171173492134	0.00640078191021697	-0.007683097743608317	0.0015
88	0.07010665947159922	0.03679397998872973	0.0067700126575387515	0.00735981851792319	0.0015
89	0.058906671751034846	0.08636184544464927	-0.0038578346852309125	0.009225893536207173	0.0015
90	0.027353679090942	0.03497895135376306	-0.007520074628587689	0.0065915459173453185	0.0015
91	0.010544507819190524	0.0340470309215517	0.009993475347236902	-3.611792964280832E-4	0.0015
92	0.004319817828042802	0.005259505573364784	0.007991479287553298	0.006011344175524026	0.0015
93	0.10747419095950421	0.03898066333635021	0.009528402099568836	0.003034724605121888	0.0015
94	0.04592454745775145	0.0512437562755061	0.0087915666423037	0.004765328527387471	0.0015
95	0.06838368838729604	0.08738267149872159	-0.0034399407368658035	-0.009389718192089214	0.0015
96	0.10370287741012216	0.08428858811511786	2.13304473764505E-5	-0.00999997725057486	0.0015
97	0.10074426246065746	0.07159852595077812	-0.0033483727543983767	-0.009422759675254518	0.0015
98	0.028839844780170498	0.07847432178717349	0.00893714127180599	0.004486368897870749	0.0015
99	0.015492236856591745	0.07142943786141721	0.008070122387588426	0.005905347123526618	0.0015
0.0159325
0	0.08114851680189694	0.03707011570254272	-0.009901353289715305	0.0014011434731118465	0.0015
1	0.012015020363660959	0.08597483616952506	-0.0015418007456232008	-0.00988042764564347	0.0015
2	0.10926798481132576	0.004335349578502665	-0.009173877297652766	0.003979946648839806	0.0015
3	0.10972119181408674	0.0828356363565885	-0.00640871029346303	-0.007676485678646252	0.0015
4	0.07231131568417978	0.058863952383086914	0.00925100213135783	-0.0037972305125726674	0.0015
5	0.05567407345592903	0.08183150729481016	-0.004156579839049126	0.009095209950386542	0.0015
6	0.02231168610146178	0.01305821849340957	7.299516905181249E-4	0.009973322943207531	0.0015
7	0.01647485798155036	0.017415611724951915	0.007401120208441008	-0.006724836032217152	0.0015
8	0.07635776311024878	0.06279271737297086	0.009303203022518991	-0.0036674805414335194	0.0015
9	0.006787788259648173	0.012140093683738742	0.005513469921510281	-0.008342760300080628	0.0015
10	0.06002938669880502	0.07011371425221798	2.1326893735254012E-4	-0.009997725559364016	0.0015
11	0.05391426032431707	0.05432847956676554	3.4760490926730387E-4	-0.009993956715288159	0.0015
12	0.004398764578654831	0.06701042167083396	0.007218714189426918	0.006920272064837225	0.0015
13	0.057855713091977505	0.03490118849554177	-0.004078236953752134	-0.009130606954033806	0.0015
14	0.056967448586348605	0.07580706185426188	-0.004950263948722231	-0.00868877936409833	0.0015
15	0.05314988237180251	0.08348029792126853	0.0062747928799129615	-0.007786332532983266	0.0015
16	0.04350390982589439	0.006215736146026967	-0.009596805366823643	0.0028109298730677984	0.0015
17	0.01672514250245421	0.0021071959676531187	-0.009154655094769591	0.00402396447496858	0.0015
18	0.007440893411626257	0.043367198526974265	0.0032967074718620246	-0.009440959688769415	0.0015
19	0.06585035466803739	0.055677122846948375	0.0045169563047275	0.008921721007809115	0.0015
20	0.10938694275427534	0.026091771288142832	0.00493981150520417	0.008694726119496376	0.0015
21	0.03392641369969502	0.0621412058648336	-0.0018056646374311717	0.009835627850682973	0.0015
22	0.02267498726316597	0.049497666616101325	0.0039601443552777634	0.009182442849555975	0.0015
23	0.010294982856590746	0.06135826843858725	0.0024200238089604233	-0.009702756554921116	0.0015
24	0.09769030373492088	0.008572523778731769	0.009937601457704937	-0.0011153821174022334	0.0015
25	0.10953576426475359	0.011208043857461034	-0.009575062617639341	-0.0028841248010940275	0.0015
26	0.08855120390654979	0.06756183509078657	-0.008206282172768834	-0.005714624475929841	0.0015
27	0.04875021784299304	0.03489979889804452	1.4233307200875754E-4	-0.009998987013523548	0.0015
28	0.11226657731011291	0.03618726730448771	-0.005567823674773633	-0.00830658410699791	0.0015
29	0.09385531400109642	0.012918987130993891	-8.256111498239119E-4	-0.009965860034602455	0.0015
30	0.013604700923488955	0.011485711073587389	-0.004798025703778046	0.008773764833062555	0.0015
31	0.09851629609524175	0.033959280398468	4.0819015846905695E-4	-0.009991665566587435	0.0015
32	0.0044895584538858025	0.03601169489868298	0.008189788174647373	-0.005738237504182451	0.0015
33	0.04397947617846904	0.07261210873482409	-0.0035305855383660303	-0.00935601227854478	0.0015
34	0.08710122470981532	0.07441402471041424	0.005592338611901231	-0.008290099447524053	0.0015
35	0.09886979657344976	0.07719002048449099	-0.004579580666109642	-0.008889737955788955	0.0015
36	0.02925441872658282	0.02240160768799986	0.009943501048464837	-0.0010615021899076274	0.0015
37	0.059805194663193124	0.03951721449881672	-0.0081535636107928	0.005789594151989885	0.0015
38	0.0533241102914337	0.015099618861776735	5.422855184777597E-4	-0.00998528549498958	0.0015
39	0.043953346686259054	0.08665042373577563	-0.009650125302278904	0.0026220376904835824	0.0015
40	0.014275495125958928	0.032832086022897375	-0.005575077339773617	-0.0083017174521627	0.0015
41	0.09239381052009299	0.04695943382021736	0.007304571346754534	0.006829585451560927	0.0015
42	0.11565254615785062	0.0033420769320395573	0.00843280435292698	-0.0053747382024853805	0.0015
43	0.06964315998368063	0.025976086249867934	0.005943698965078662	0.008041917844178889	0.0015
44	0.10027503391141149	0.060510015490578335	-0.0019760571849249163	-0.009802815820054288	0.0015
45	0.021636440666505687	0.0364099908364568	0.0074633760314029105	0.006655675639172971	0.0015
46	0.06432292518881151	0.0823933259745266	4.3598055757679743E-4	0.009990491527117925	0.0015
47	0.02960518423650011	0.01091067659868452	0.009559466901638768	-0.0029354033038873706	0.0015
48	0.023558177088114238	0.06402575308928096	0.00915306387915522	0.004027582603014369	0.0015
49	0.10671071011849244	0.08708561612005783	-0.006889576338947773	0.007248016133385123	0.0015
50	0.0641407018946885	0.005359583081999248	0.008936312995698328	-0.0044880184985039	0.0015
51	0.04029560503258963	0.03343521889603425	-0.008967782156423437	0.004424803181491059	0.0015
52	0.08146753953792765	0.029581094963411193	0.009320592304333995	0.0036230593559021247	0.0015
53	0.05444438825589028	0.048531719240684466	0.009872809145797143	-0.001589855204307709	0.0015
54	0.07437803694081305	0.056095977965073235	-0.008016532540600986	0.005977893109238864	0.0015
55	0.014658576466995362	0.06323720066910286	0.00532889851678323	-0.008461846169591213	0.0015
56	0.0651369353489137	0.014051815721569364	0.009994468008567148	-3.3257965320781266E-4	0.0015
57	0.0703494909969006	0.007726683832672525	0.003721502789945918	-0.009281724892735441	0.0015
58	0.10241281125596881	0.04541460998180873	0.00973978796490135	0.002266391492827935	0.0015
59	0.010701240395416773	0.03831871376760649	-0.005361193124133483	-0.008441422171988787	0.0015
60	0.1014199465051514	0.01665213969238357	-0.005669939028935322	-0.008237219883441014	0.0015
61	0.11756017609685827	0.021945515254409246	-0.006023982824664355	0.00798195658520822	0.0015
62	0.09599578461417013	0.027873998058083157	-0.0010649897454423855	-0.009943128121577363	0.0015
63	0.08503122953609485	0.02580788364194789	0.009863968859868769	-0.001643812133894639	0.0015
64	0.0593571421465552	0.05968058782502311	0.0020991288472567023	0.009777200932916064	0.0015
65	0.07999310426036498	0.06129691017817273	0.009679788735235338	0.00251031672129456	0.0015
66	0.04439925616734925	0.06053358851835242	0.009727535949565358	-0.0023184141886025455	0.0015
67	0.06642948356381578	0.036947782192543355	-0.004226942828584901	0.009062723339254855	0.0015
68	0.10540102200270955	0.04270951214214473	-0.004074649804362008	0.009132208329413683	0.0015
69	0.11674687430227834	0.00942101594967287	3.41617100508423E-4	-0.0099941631844112	0.0015
70	0.10055660972197292	0.03786054304537252	0.0060433387292102	-0.007967311780269933	0.0015
71	0.0222547870469866	0.06858022391706983	0.008398967360285824	0.005427462324222377	0.0015
72	0.024008394118037388	0.046221505785300966	-0.005361884695070616	-0.00844098291176848	0.0015
73	0.02849643609784836	0.007726682759898655	-0.007377152615326738	0.006751119854526202	0.0015
74	0.007897337066368143	0.0885	-0.0063641682825329275	0.007713453316874478	0.0015
75	0.05049212281036107	0.0030698096937080296	0.004399631173359069	0.008980158436152845	0.0015
76	0.042651120377931354	0.037006720284040236	-0.007916460047489521	0.00610980034997071	0.0015
77	0.11838849400086342	0.048409428713165066	-0.006634540201480853	0.005046773977754861	0.0015
78	0.1180545559244978	0.06137054378628299	0.007877118564401852	-0.0061604385495154235	0.0015
79	0.05768882278858096	0.027138942227805166	0.009534959013917337	-0.0030140598207262785	0.0015
80	0.10105597059677375	0.0293538009657069	-0.008544686608387952	0.005195029428639997	0.0015
81	0.008764037900097268	0.006432478772366081	0.006062506714513291	-0.007952736154084409	0.0015
82	0.023329730113275975	0.008651610675973719	-0.005206968446273941	-0.008537416447585742	0.0015
83	0.00393769310071543	0.0707018345630591	0.008810179096280398	0.004730829133615368	0.0015
84	0.03370938721179771	0.08329895051106673	0.004310897996154594	-0.009023090294724435	0.0015
85	0.005522424196032578	0.054097652579342036	0.0037462329511224013	-0.009271771064684716	0.0015
86	0.08943728185096037	0.01902038007745715	-0.009904806098726484	-0.0013765232096229422	0.0015
87	0.11842236210723726	0.07284930049586082	0.00640078191021697	-0.007683097743608317	0.0015
88	0.07021452294874347	0.03691124056956629	0.0067700126575387515	0.00735981851792319	0.0015
89	0.05884520665717961	0.08650883733475598	-0.0038578346852309125	0.009225893536207173	0.0015
90	0.027233865223693095	0.03508397140296624	-0.007520074628587689	0.0065915459173453185	0.0015
91	0.010703729234900585	0.03404127641904839	0.009993475347236902	-3.611792964280832E-4	0.0015
92	0.004447142367461783	0.00535528153685	0.007991479287553298	0.006011344175524026	0.0015
93	0.10762600257848895	0.03902901419840055	0.009528402099568836	0.003034724605121888	0.0015
94	0.04606461941855175	0.05131968004857709	0.0087915666423037	0.004765328527387471	0.0015
95	0.06832888140423445	0.08723306946622382	-0.0034399407368658035	-0.009389718192089214	0.0015
96	0.10370321725826417	0.0841292631075923	2.13304473764505E-5	-0.00999997725057486	0.0015
97	0.10069091438786437	0.07144839748362734	-0.0033483727543983767	-0.009422759675254518	0.0015
98	0.028982236114141337	0.07854580102562622	0.00893714127180599	0.004486368897870749	0.0015
99	0.015620814380111685	0.07152352502294979	0.008070122387588426	0.005905347123526618	0.0015
0.0167663
0	0.08114026109594014	0.037071283969968276	-0.009901353289715305	0.0014011434731118465	0.0015
1	0.01201373481680414	0.08596659791128064	-0.0015418007456232008	-0.00988042764564347	0.0015
2	0.10926033567173471	0.0043386680409688745	-0.009173877297652766	0.003979946648839806	0.0015
3	0.10971584825889816	0.08282923573571474	-0.00640871029346303	-0.007676485678646252	0.0015
4	0.07231902913012678	0.05886078626855239	0.00925100213135783	-0.0037972305125726674	0.0015
5	0.055670607717465494	0.08183909084190405	-0.004156579839049126	0.009095209950386542	0.0015
6	0.022312294732054313	0.013066534207355152	7.299516905181249E-4	0.009973322943207531	0.0015
7	0.016481029003874687	0.017410004585476608	0.007401120208441008	-0.006724836032217152	0.0015
8	0.0763655200810752	0.06278965944340643	0.009303203022518991	-0.0036674805414335194	0.0015
9	0.006792385367249715	0.012133137525939874	0.005513469921510281	-0.008342760300080628	0.0015
10	0.06002956452153137	0.07010537819147558	2.1326893735254012E-4	-0.009997725559364016	0.0015
11	0.05391455015580132	0.054320146648469195	3.4760490926730387E-4	-0.009993956715288159	0.0015
12	0.004404783511621909	0.06701619176403605	0.007218714189426918	0.006920272064837225	0.0015
13	0.05785231267547612	0.03489357543457787	-0.004078236953752134	-0.009130606954033806	0.0015
14	0.05696332107747447	0.07579981718724974	-0.004950263948722231	-0.00868877936409833	0.0015
15	0.053155114267225356	0.0834738057105582	0.0062747928799129615	-0.007786332532983266	0.0015
16	0.04349590805069104	0.006218079887313459	-0.009596805366823643	0.0028109298730677984	0.0015
17	0.016717509390253585	0.002110551131994188	-0.009154655094769591	0.00402396447496858	0.0015
18	0.007443642192193614	0.043359326695229655	0.0032967074718620246	-0.009440959688769415	0.0015
19	0.0658541208868542	0.05568456173970515	0.0045169563047275	0.008921721007809115	0.0015
20	0.10939106154794684	0.02609902091353415	0.00493981150520417	0.008694726119496376	0.0015
21	0.03392490814425557	0.0621494067692009	-0.0018056646374311717	0.009835627850682973	0.0015
22	0.022678289214564638	0.04950532289761285	0.0039601443552777634	0.009182442849555975	0.0015
23	0.010297000662075579	0.06135017832173715	0.0024200238089604233	-0.009702756554921116	0.0015
24	0.09769858966444488	0.008571593777900436	0.009937601457704937	-0.0011153821174022334	0.0015
25	0.10952778061856137	0.01120563908655711	-0.009575062617639341	-0.0028841248010940275	0.0015
26	0.08854436154362882	0.06755707026137928	-0.008206282172768834	-0.005714624475929841	0.0015
27	0.04875033651969875	0.034891461785507054	1.4233307200875754E-4	-0.009998987013523548	0.0015
28	0.11226193488258475	0.036180341310243655	-0.005567823674773633	-0.00830658410699791	0.0015
29	0.09385462561005652	0.012910677639589535	-8.256111498239119E-4	-0.009965860034602455	0.0015
30	0.013600700350211286	0.011493026601119487	-0.004798025703778046	0.008773764833062555	0.0015
31	0.09851663644244725	0.03395094939052162	4.0819015846905695E-4	-0.009991665566587435	0.0015
32	0.004496387064181798	0.03600691038083388	0.008189788174647373	-0.005738237504182451	0.0015
33	0.04397653239137174	0.07260430773186621	-0.0035305855383660303	-0.00935601227854478	0.0015
34	0.08710588757779304	0.07440711246100863	0.005592338611901231	-0.008290099447524053	0.0015
35	0.0988659781387087	0.07718260825906598	-0.004579580666109642	-0.008889737955788955	0.0015
36	0.029262709575160317	0.022400722612021258	0.009943501048464837	-0.0010615021899076274	0.0015
37	0.05979839625678329	0.03952204183761875	-0.0081535636107928	0.005789594151989885	0.0015
38	0.05332456244677592	0.015091293173506725	5.422855184777597E-4	-0.00998528549498958	0.0015
39	0.04394530045312194	0.08665260997956947	-0.009650125302278904	0.0026220376904835824	0.0015
40	0.014270846650355957	0.032825164086449275	-0.005575077339773617	-0.0083017174521627	0.0015
41	0.09239990104039005	0.04696512829930979	0.007304571346754534	0.006829585451560927	0.0015
42	0.11565957739399502	0.0033375954983510298	0.00843280435292698	-0.0053747382024853805	0.0015
43	0.06964811581441566	0.025982791566515843	0.005943698965078662	0.008041917844178889	0.0015
44	0.10027338628339588	0.060501841944741605	-0.0019760571849249163	-0.009802815820054288	0.0015
45	0.021642663597468505	0.03641554031029266	0.0074633760314029105	0.006655675639172971	0.0015
46	0.06432328870753273	0.0824016560035639	4.3598055757679743E-4	0.009990491527117925	0.0015
47	0.02961315487905114	0.010908229071984639	0.009559466901638768	-0.0029354033038873706	0.0015
48	0.0235658088735661	0.0640291112704017	0.00915306387915522	0.004027582603014369	0.0015
49	0.1067049656192551	0.08709165948486025	-0.006889576338947773	0.007248016133385123	0.0015
50	0.06414815295418226	0.005355840991401304	0.008936312995698328	-0.0044880184985039	0.0015
51	0.04028812773424446	0.03343890827797168	-0.008967782156423437	0.004424803181491059	0.0015
52	0.08147531100786276	0.029584115854781413	0.009320592304333995	0.0036230593559021247	0.0015
53	0.05445262016186217	0.048530393626225854	0.009872809145797143	-0.001589855204307709	0.0015
54	0.07437135279032252	0.05610096230673917	-0.008016532540600986	0.005977893109238864	0.0015
55	0.014663019679750323	0.06323014521801615	0.00532889851678323	-0.008461846169591213	0.0015
56	0.06514526869352419	0.014051538418079249	0.009994468008567148	-3.3257965320781266E-4	0.0015
57	0.0703525939699844	0.007718944770218708	0.003721502789945918	-0.009281724892735441	0.0015
58	0.10242093224944991	0.04541649968932652	0.00973978796490135	0.002266391492827935	0.0015
59	0.01069677025555655	0.03831167534596148	-0.005361193124133483	-0.008441422171988787	0.0015
60	0.10141521893427839	0.016645271533731975	-0.005669939028935322	-0.008237219883441014	0.0015
61	0.11755515332578506	0.02195217057561629	-0.006023982824664355	0.00798195658520822	0.0015
62	0.09599489663028267	0.0278657075204505	-0.0010649897454423855	-0.009943128121577363	0.0015
63	0.0850394540710742	0.025806513038432535	0.009863968859868769	-0.001643812133894639	0.0015
64	0.059358892391195635	0.059688740013276675	0.0020991288472567023	0.009777200932916064	0.0015
65	0.08000117522674541	0.061299003269501065	0.009679788735235338	0.00251031672129456	0.0015
66	0.04440736694515245	0.06053165543453376	0.009727535949565358	-0.0023184141886025455	0.0015
67	0.06642595915699301	0.03695533865244006	-0.004226942828584901	0.009062723339254855	0.0015
68	0.10539762457715797	0.04271712653832856	-0.004074649804362008	0.009132208329413683	0.0015
69	0.1167471591411533	0.00941268285922345	3.41617100508423E-4	-0.0099941631844112	0.0015
70	0.10056164863191643	0.0378538999349411	0.0060433387292102	-0.007967311780269933	0.0015
71	0.022261790069991485	0.0685847493119052	0.008398967360285824	0.005427462324222377	0.0015
72	0.02400392340154828	0.046214467729909246	-0.005361884695070616	-0.00844098291176848	0.0015
73	0.0284902850596005	0.007732311814712407	-0.007377152615326738	0.006751119854526202	0.0015
74	0.007892030650117466	0.08849356855566785	-0.0063641682825329275	-0.007713453316874478	0.0015
75	0.05049579120398595	0.0030772973113422208	0.004399631173359069	0.008980158436152845	0.0015
76	0.04264451966745688	0.037011814609398425	-0.007916460047489521	0.00610980034997071	0.0015
77	0.11838296214966496	0.048413636691687974	-0.006634540201480853	0.005046773977754861	0.0015
78	0.11806112383221222	0.06136540723901095	0.007877118564401852	-0.0061604385495154235	0.0015
79	0.057696772996560196	0.0271364291176385	0.009534959013917337	-0.0030140598207262785	0.0015
80	0.10104884607368404	0.029358132558989645	-0.008544686608387952	0.005195029428639997	0.0015
81	0.008769092792224811	0.00642584781502933	0.006062506714513291	-0.007952736154084409	0.0015
82	0.023325388565291472	0.008644492214712944	-0.005206968446273941	-0.008537416447585742	0.0015
83	0.0039450389903042055	0.07070577910812444	0.008810179096280398	0.004730829133615368	0.0015
84	0.03371298162007956	0.08329142709703277	0.004310897996154594	-0.009023090294724435	0.0015
85	0.005525547789018832	0.054089921816347405	0.0037462329511224013	-0.009271771064684716	0.0015
86	0.0894290232660662	0.01901923233830182	-0.009904806098726484	-0.0013765232096229422	0.0015
87	0.11842769905177386	0.07284289436187562	0.00640078191021697	-0.007683097743608317	0.0015
88	0.07022016775629544	0.03691737715471799	0.0067700126575387515	0.00735981851792319	0.0015
89	0.05884199001114555	0.0865165298452639	-0.0038578346852309125	0.009225893536207173	0.0015
90	0.027227595017682835	0.035089467405714767	-0.007520074628587689	0.0065915459173453185	0.0015
91	0.010712061751834315	0.03404097526929827	0.009993475347236902	-3.611792964280832E-4	0.0015
92	0.0044538056286572494	0.0053602937698717075	0.007991479287553298	0.006011344175524026	0.0015
93	0.10763394731934109	0.03903154453877592	0.009528402099568836	0.003034724605121888	0.0015
94	0.04607194978915613	0.05132365335908916	0.0087915666423037	0.004765328527387471	0.0015
95	0.06832601319638432	0.08722524035941963	-0.0034399407368658035	-0.009389718192089214	0.0015
96	0.10370323504349982	0.08412092516939942	2.13304473764505E-5	-0.00999997725057486	0.0015
97	0.10068812252900576	0.07144054082697604	-0.0033483727543983767	-0.009422759675254518	0.0015
98	0.028989687864248177	0.07854954174079422	0.00893714127180599	0.004486368897870749	0.0015
99	0.015627543213587065	0.07152844887608362	0.008070122387588426	0.005905347123526618	0.0015
0.0280620
0	0.0810284189426517	0.03708711078661784	-0.009901353289715305	0.0014011434731118465	0.0015
1	0.011996319185800311	0.08585499212659994	-0.0015418007456232008	-0.00988042764564347	0.0015
2	0.10915671082764	0.004383624098000161	-0.009173877297652766	0.003979946648839806	0.0015
3	0.10964345775448425	0.08274252489297777	-0.00640871029346303	-0.007676485678646252	0.0015
4	0.07242352514881967	0.058817894107790904	0.00925100213135783	-0.0037972305125726674	0.0015
5	0.05579362516698543	0.08183137148384986	0.010890699013593458	-6.833925225603436E-4	0.0015
6	0.0223205400058543	0.013179189304165803	7.299516905181249E-4	0.009973322943207531	0.0015
7	0.016564629416529232	0.017334043237532775	0.007401120208441008	-0.006724836032217152	0.0015
8	0.07647060574240584	0.06274823289201538	0.009303203022518991	-0.0036674805414335194	0.0015
9	0.006854663555904318	0.012038900682851007	0.005513469921510281	-0.008342760300080628	0.0015
10	0.06003197353133893	0.06999244745142133	2.1326893735254012E-4	-0.009997725559364016	0.0015
11	0.05391847657680748	0.05420725847993264	3.4760490926730387E-4	-0.009993956715288159	0.0015
12	0.004486323530980469	0.06709436068765956	0.007218714189426918	0.006920272064837225	0.0015
13	0.05780624636623717	0.034790439356842895	-0.004078236953752134	-0.009130606954033806	0.0015
14	0.056907404662498516	0.07570167183629671	-0.004950263948722231	-0.00868877936409833	0.0015
15	0.053056023396293416	0.08349630968082343	-0.008772485972729623	0.0019922699399636196	0.0015
16	0.043387505962056296	0.006249831148029837	-0.009596805366823643	0.0028109298730677984	0.0015
17	0.016614101673302857	0.0021560043986808895	-0.009154655094769591	0.00402396447496858	0.0015
18	0.007480880623307685	0.04325268498375794	0.0032967074718620246	-0.009440959688769415	0.0015
19	0.06590514281331705	0.055785338316336204	0.0045169563047275	0.008921721007809115	0.0015
20	0.10944685989585096	0.026197233436913943	0.00493981150520417	0.008694726119496376	0.0015
21	0.03390451200089435	0.062260506511385316	-0.0018056646374311717	0.009835627850682973	0.0015
22	0.022723021591954645	0.04960904449512509	0.0039601443552777634	0.009182442849555975	0.0015
23	0.010324336387393508	0.0612405794462922	0.0024200238089604233	-0.009702756554921116	0.0015
24	0.09781084126410314	0.008558994819545999	0.009937601457704937	-0.0011153821174022334	0.0015
25	0.10941962412826213	0.011173061042054648	-0.009575062617639341	-0.0028841248010940275	0.0015
26	0.08845166630876145	0.06749251990266349	-0.008206282172768834	-0.005714624475929841	0.0015
27	0.0487519442632861	0.034778516796516785	1.4233307200875754E-4	-0.009998987013523548	0.0015
28	0.11219904273333038	0.03608651310052174	-0.005567823674773633	-0.00830658410699791	0.0015
29	0.09384529980114198	0.012798106841131215	-8.256111498239119E-4	-0.009965860034602455	0.0015
30	0.013546503564121326	0.011592131917601365	-0.004798025703778046	0.008773764833062555	0.0015
31	0.09852124721280747	0.03383808710198316	4.0819015846905695E-4	-0.009991665566587435	0.0015
32	0.004588895988732566	0.03594209329777768	0.008189788174647373	-0.005738237504182451	0.0015
33	0.043936652157081944	0.07249862555602542	-0.0035305855383660303	-0.00935601227854478	0.0015
34	0.08716905663902862	0.07431347045611729	0.005592338611901231	-0.008290099447524053	0.0015
35	0.09881424882980828	0.07708219295157683	-0.004579580666109642	-0.008889737955788955	0.0015
36	0.029375027814490424	0.0223887322620998	0.009943501048464837	-0.0010615021899076274	0.0015
37	0.05970629651197845	0.03958743902704106	-0.0081535636107928	0.005789594151989885	0.0015
38	0.053330687910468515	0.01497850295198019	5.422855184777597E-4	-0.00998528549498958	0.0015
39	0.04383629608152445	0.08668222758160088	-0.009650125302278904	0.0026220376904835824	0.0015
40	0.014207872566290343	0.032731390848723625	-0.005575077339773617	-0.0083017174521627	0.0015
41	0.09248241087155815	0.04704227285931285	0.007304571346754534	0.006829585451560927	0.0015
42	0.11575483134257103	0.003276884373685677	0.00843280435292698	-0.0053747382024853805	0.0015
43	0.0697152537168116	0.02607363020058377	0.005943698965078662	0.008041917844178889	0.0015
44	0.10025106544662575	0.06039111283554562	-0.0019760571849249163	-0.009802815820054288	0.0015
45	0.02172696722968214	0.03649072044711777	0.0074633760314029105	0.006655675639172971	0.0015
46	0.06432821338832378	0.08251450503057149	4.3598055757679743E-4	0.009990491527117925	0.0015
47	0.029721135205708044	0.010875071803814258	0.009559466901638768	-0.0029354033038873706	0.0015
48	0.0236691986167131	0.06407460540617162	0.00915306387915522	0.004027582603014369	0.0015
49	0.10662714342359692	0.08717353048852085	-0.006889576338947773	0.007248016133385123	0.0015
50	0.0642490943567011	0.005305145936070593	0.008936312995698328	-0.0044880184985039	0.0015
51	0.04018683086731639	0.03348888927564091	-0.008967782156423437	0.004424803181491059	0.0015
52	0.0815805930923151	0.029625040640313186	0.009320592304333995	0.0036230593559021247	0.0015
53	0.05456413989068739	0.0485124351892058	0.009872809145797143	-0.001589855204307709	0.0015
54	0.07428080089958461	0.05616848645398477	-0.008016532540600986	0.005977893109238864	0.0015
55	0.014723213015684683	0.06313456322344317	0.00532889851678323	-0.008461846169591213	0.0015
56	0.06525816263744716	0.014047781717003516	0.009994468008567148	-3.3257965320781266E-4	0.0015
57	0.07039463073741586	0.007614101718177253	0.003721502789945918	-0.009281724892735441	0.0015
58	0.10253094941848669	0.04544210003882781	0.00973978796490135	0.002266391492827935	0.0015
59	0.01063621213126246	0.038216324053576764	-0.005361193124133483	-0.008441422171988787	0.0015
60	0.10135117332642507	0.016552226837525514	-0.005669939028935322	-0.008237219883441014	0.0015
61	0.11748710856556195	0.022042331908701116	-0.006023982824664355	0.00798195658520822	0.0015
62	0.09598286688617849	0.027753393493569426	-0.0010649897454423855	-0.009943128121577363	0.0015
63	0.0851508739431844	0.025787945123191353	0.009863968859868769	-0.001643812133894639	0.0015
64	0.05938260340154317	0.059799179785848665	0.0020991288472567023	0.009777200932916064	0.0015
65	0.08011051466589565	0.061327358911334104	0.009679788735235338	0.00251031672129456	0.0015
66	0.04451724571979634	0.06050546745522621	0.009727535949565358	-0.0023184141886025455	0.0015
67	0.06637821311926026	0.03705770794108795	-0.004226942828584901	0.009062723339254855	0.0015
68	0.1053515987870784	0.04282028070462835	-0.004074649804362008	0.009132208329413683	0.0015
69	0.11675101792600857	0.009299792358485368	3.41617100508423E-4	-0.0099941631844112	0.0015
70	0.1006299120295298	0.0377639040243466	0.0060433387292102	-0.007967311780269933	0.0015
71	0.02235666180797395	0.06864605598943416	0.008398967360285824	0.005427462324222377	0.0015
72	0.023943357465515683	0.04611912139925122	-0.005361884695070616	-0.00844098291176848	0.0015
73	0.028406955376324514	0.007808570055333197	-0.007377152615326738	0.006751119854526202	0.0015
74	0.007820143276363434	0.088406440139682	-0.0063641682825329275	-0.007713453316874478	0.0015
75	0.0505454878676344	0.0031787339763094166	0.004399631173359069	0.008980158436152845	0.0015
76	0.04255509815988853	0.03708082873376191	-0.007916460047489521	0.00610980034997071	0.0015
77	0.11830802075120146	0.04847064324951058	-0.006634540201480853	0.005046773977754861	0.0015
78	0.11815010095242731	0.06129582112361654	0.007877118564401852	-0.0061604385495154235	0.0015
79	0.05780447649086347	0.02710238337352387	0.009534959013917337	-0.0030140598207262785	0.0015
80	0.10095232834307749	0.02941681375747788	-0.008544686608387952	0.005195029428639997	0.0015
81	0.008837572704559734	0.006336016545506655	0.006062506714513291	-0.007952736154084409	0.0015
82	0.023266572507920694	0.00854805660524833	-0.005206968446273941	-0.008537416447585742	0.0015
83	0.004044555629308321	0.07075921686573812	0.008810179096280398	0.004730829133615368	0.0015
84	0.0337616759854243	0.08318950548911214	0.004310897996154594	-0.009023090294724435	0.0015
85	0.005567863899525549	0.05398519119919541	0.0037462329511224013	-0.009271771064684716	0.0015
86	0.08931714211107936	0.019003683623362456	-0.009904806098726484	-0.0013765232096229422	0.0015
87	0.1185	0.07275610883161247	0.00640078191021697	-0.007683097743608317	0.0015
88	0.07029663940327684	0.03700051103821568	0.0067700126575387515	0.00735981851792319	0.0015
89	0.05879841328727738	0.08662074224622641	-0.0038578346852309125	0.009225893536207173	0.0015
90	0.02714265093834929	0.03516392315608793	-0.007520074628587689	0.0065915459173453185	0.0015
91	0.010824944483009143	0.03403689551685901	0.009993475347236902	-3.611792964280832E-4	0.0015
92	0.00454407452678942	0.00542819576842446	0.007991479287553298	0.006011344175524026	0.0015
93	0.10774157674907983	0.03906582370492049	0.009528402099568836	0.003034724605121888	0.0015
94	0.04617125618852231	0.05137748080954317	0.0087915666423037	0.004765328527387471	0.0015
95	0.06828715685342407	0.08711917745360798	-0.0034399407368658035	-0.009389718192089214	0.0015
96	0.10370347598462124	0.08400796899504481	2.13304473764505E-5	-0.00999997725057486	0.0015
97	0.10065030050529783	0.07133410469636199	-0.0033483727543983767	-0.009422759675254518	0.0015
98	0.02909063862267834	0.07860021816282486	0.00893714127180599	0.004486368897870749	0.0015
99	0.01571870043611206	0.07159515356976393	0.008070122387588426	0.005905347123526618	0.0015
0.0724817
0	0.0805886040461985	0.03714934912450069	-0.009901353289715305	0.0014011434731118465	0.0015
1	0.011927832897568165	0.08541610674045824	-0.0015418007456232008	-0.00988042764564347	0.0015
2	0.10874921017841738	0.00456041203516699	-0.009173877297652766	0.003979946648839806	0.0015
3	0.10935878492526142	0.08240153789301027	-0.00640871029346303	-0.007676485678646252	0.0015
4	0.07283445165809975	0.05864922236203764	0.00925100213135783	-0.0037972305125726674	0.0015
5	0.05627738647908223	0.08180101541001307	0.010890699013593458	-6.833925225603436E-4	0.0015
6	0.022352964222805992	0.013622201069246184	7.299516905181249E-4	0.009973322943207531	0.0015
7	0.01689338477176884	0.017035328205694998	0.007401120208441008	-0.006724836032217152	0.0015
8	0.07688385099831267	0.06258532459782794	0.009303203022518991	-0.0036674805414335194	0.0015
9	0.007099570098643855	0.0116683179806536	0.005513469921510281	-0.008342760300080628	0.0015
10	0.06004144686825094	0.06954835173005901	2.1326893735254012E-4	-0.009997725559364016	0.0015
11	0.05393391707394991	0.053763330169399784	3.4760490926730387E-4	-0.009993956715288159	0.0015
12	0.004806976470114144	0.06740175692457456	0.007218714189426918	0.006920272064837225	0.0015
13	0.05762509240565794	0.034384860762226487	-0.004078236953752134	-0.009130606954033806	0.0015
14	0.05668751554610017	0.07531571907968766	-0.004950263948722231	-0.00868877936409833	0.0015
15	0.05266635241932293	0.08358480566432319	-0.008772485972729623	0.0019922699399636196	0.0015
16	0.04296121898539874	0.006374691739798105	-0.009596805366823643	0.0028109298730677984	0.0015
17	0.01620745486808754	0.002334747593384184	-0.009154655094769591	0.00402396447496858	0.0015
18	0.007627319298198681	0.0428333206214896	0.0032967074718620246	-0.009440959688769415	0.0015
19	0.06610578454493882	0.05618163826508258	0.0045169563047275	0.008921721007809115	0.0015
20	0.10966628471810394	0.026583450346465833	0.00493981150520417	0.008694726119496376	0.0015
21	0.03382430496431018	0.06269740190518909	-0.0018056646374311717	0.009835627850682973	0.0015
22	0.022898929917674664	0.050016925623380545	0.0039601443552777634	0.009182442849555975	0.0015
23	0.0104318330587887	0.060809586152279965	0.0024200238089604233	-0.009702756554921116	0.0015
24	0.09825226629240241	0.008509449908247806	0.009937601457704937	-0.0011153821174022334	0.0015
25	0.10899430295745972	0.011044949155362463	-0.009575062617639341	-0.0028841248010940275	0.0015
26	0.08808714592064126	0.06723867813996619	-0.008206282172768834	-0.005714624475929841	0.0015
27	0.04875826665210465	0.034334365041770516	1.4233307200875754E-4	-0.009998987013523548	0.0015
28	0.11195172181452892	0.03571753733306842	-0.005567823674773633	-0.00830658410699791	0.0015
29	0.09380862642208504	0.01235542657602658	-8.256111498239119E-4	-0.009965860034602455	0.0015
30	0.013333376821105409	0.011981859701132372	-0.004798025703778046	0.008773764833062555	0.0015
31	0.09853937888703697	0.03339426056353126	4.0819015846905695E-4	-0.009991665566587435	0.0015
32	0.004952683718814643	0.03568720265203662	0.008189788174647373	-0.005738237504182451	0.0015
33	0.04377982469445736	0.07208303453012219	-0.0035305855383660303	-0.00935601227854478	0.0015
34	0.08741746650337306	0.0739452269318824	0.005592338611901231	-0.008290099447524053	0.0015
35	0.09861082534439884	0.07668731367961078	-0.004579580666109642	-0.008889737955788955	0.0015
36	0.029816714900694645	0.022341580679676818	0.009943501048464837	-0.0010615021899076274	0.0015
37	0.05934411786525444	0.03984461091839337	-0.0081535636107928	0.005789594151989885	0.0015
38	0.053354776057025724	0.014534959814235953	5.422855184777597E-4	-0.00998528549498958	0.0015
39	0.043407640650656144	0.08679869764398461	-0.009650125302278904	0.0026220376904835824	0.0015
40	0.013960229442046095	0.03236263125649705	-0.005575077339773617	-0.0083017174521627	0.0015
41	0.0928068775577277	0.04734564082632769	0.007304571346754534	0.006829585451560927	0.0015
42	0.11612941377234305	0.003038140248835126	0.00843280435292698	-0.0053747382024853805	0.0015
43	0.06997927089389692	0.026430849578625418	0.005943698965078662	0.008041917844178889	0.0015
44	0.10016328962843773	0.059955674941482656	-0.0019760571849249163	-0.009802815820054288	0.0015
45	0.02205848796835252	0.036786363396764825	0.0074633760314029105	0.006655675639172971	0.0015
46	0.06434757950305332	0.08295827941857158	4.3598055757679743E-4	0.009990491527117925	0.0015
47	0.030145763619872326	0.010744682142686961	0.009559466901638768	-0.0029354033038873706	0.0015
48	0.02407577474064777	0.06425350931694727	0.00915306387915522	0.004027582603014369	0.0015
49	0.10632111068085373	0.08749548501048575	-0.006889576338947773	0.007248016133385123	0.0015
50	0.064646042476809	0.005105789612400183	0.008936312995698328	-0.0044880184985039	0.0015
51	0.03978848489731256	0.033685437595466515	-0.008967782156423437	0.004424803181491059	0.0015
52	0.08199461077447086	0.029785975759870537	0.009320592304333995	0.0036230593559021247	0.0015
53	0.05500268686554095	0.048441814337530455	0.009872809145797143	-0.001589855204307709	0.0015
54	0.07392470912848091	0.056434022523844954	-0.008016532540600986	0.005977893109238864	0.0015
55	0.014959920956588392	0.06275869076560982	0.00532889851678323	-0.008461846169591213	0.0015
56	0.06570211365946137	0.01403300863685396	0.009994468008567148	-3.3257965320781266E-4	0.0015
57	0.07055993868233189	0.007201810513817756	0.003721502789945918	-0.009281724892735441	0.0015
58	0.10296358763569977	0.04554277241265128	0.00973978796490135	0.002266391492827935	0.0015
59	0.010398069674391879	0.03784135882308171	-0.005361193124133483	-0.008441422171988787	0.0015
60	0.1010993164767662	0.016186332206348075	-0.005669939028935322	-0.008237219883441014	0.0015
61	0.11721952520551585	0.022396887827099043	-0.006023982824664355	0.00798195658520822	0.0015
62	0.09593556038767166	0.027311722972656393	-0.0010649897454423855	-0.009943128121577363	0.0015
63	0.08558902823540898	0.02571492752223287	0.009863968859868769	-0.001643812133894639	0.0015
64	0.05947584602298939	0.06023347987494652	0.0020991288472567023	0.009777200932916064	0.0015
65	0.08054048773681906	0.06143886636456151	0.009679788735235338	0.00251031672129456	0.0015
66	0.044949339706468534	0.06040248425015716	0.009727535949565358	-0.0023184141886025455	0.0015
67	0.06619045369203139	0.03746027116758939	-0.004226942828584901	0.009062723339254855	0.0015
68	0.10517060416650971	0.043225930431818896	-0.004074649804362008	0.009132208329413683	0.0015
69	0.11676619244663121	0.008855854876661138	3.41617100508423E-4	-0.0099941631844112	0.0015
70	0.10089835517256764	0.03740999862342634	0.0060433387292102	-0.007967311780269933	0.0015
71	0.022729741209525554	0.06888714210264366	0.008398967360285824	0.005427462324222377	0.0015
72	0.023705184289288746	0.04574417568055245	-0.005361884695070616	-0.00844098291176848	0.0015
73	0.028079264653784634	0.008108452606019055	-0.007377152615326738	0.006751119854526202	0.0015
74	0.00753744898879565	0.08806381104923418	-0.0063641682825329275	-0.007713453316874478	0.0015
75	0.05074091805503648	0.003577629696638119	0.004399631173359069	0.008980158436152845	0.0015
76	0.042203451576418055	0.03735222408040239	-0.007916460047489521	0.00610980034997071	0.0015
77	0.11801331663083037	0.04869481931004511	-0.006634540201480853	0.005046773977754861	0.0015
78	0.1185	0.061022176444603234	0.007877118564401852	-0.0061604385495154235	0.0015
79	0.0582280162726171	0.026968499815471916	0.009534959013917337	-0.0030140598207262785	0.0015
80	0.10057277613986534	0.02964757527697663	-0.008544686608387952	0.005195029428639997	0.0015
81	0.009106867283277588	0.005982758589166338	0.006062506714513291	-0.007952736154084409	0.0015
82	0.0230352806611373	0.008168827340217148	-0.005206968446273941	-0.008537416447585742	0.0015
83	0.004435900922581477	0.07096935875893771	0.008810179096280398	0.004730829133615368	0.0015
84	0.03395316467392191	0.08278870274957306	0.004310897996154594	-0.009023090294724435	0.0015
85	0.00573427035016689	0.05357334214064421	0.0037462329511224013	-0.009271771064684716	0.0015
86	0.0888771738419716	0.01894253890958534	-0.009904806098726484	-0.0013765232096229422	0.0015
87	0.11821567934698524	0.07241482812586744	-0.00640078191021697	-0.007683097743608317	0.0015
88	0.07059736116613476	0.03732743178578026	0.0067700126575387515	0.00735981851792319	0.0015
89	0.05862704952386326	0.08703055343986699	-0.0038578346852309125	0.009225893536207173	0.0015
90	0.02680861166641177	0.03545671748432537	-0.007520074628587689	0.0065915459173453185	0.0015
91	0.011268851411329548	0.034020852049848845	0.009993475347236902	-3.611792964280832E-4	0.0015
92	0.004899053440531853	0.005695217723781706	0.007991479287553298	0.006011344175524026	0.0015
93	0.10816482527482826	0.03920062518598188	0.009528402099568836	0.003034724605121888	0.0015
94	0.04656177472263649	0.05158915515460623	0.0087915666423037	0.004765328527387471	0.0015
95	0.06813435580343413	0.08670208922197523	-0.0034399407368658035	-0.009389718192089214	0.0015
96	0.10370442347616403	0.08356377325429042	2.13304473764505E-5	-0.00999997725057486	0.0015
97	0.10050156687534119	0.07091554877278129	-0.0033483727543983767	-0.009422759675254518	0.0015
98	0.029487623534541842	0.07879950121177105	0.00893714127180599	0.004486368897870749	0.0015
99	0.01607717265080908	0.07185746717050696	0.008070122387588426	0.005905347123526618	0.0015
0.0917349
0	0.08039797130816935	0.03717632562042357	-0.009901353289715305	0.0014011434731118465	0.0015
1	0.011898148299005379	0.08522587688804562	-0.0015418007456232008	-0.00988042764564347	0.0015
2	0.1085725836813696	0.004637038745140699	-0.009173877297652766	0.003979946648839806	0.0015
3	0.10923539674238067	0.08225374097671583	-0.00640871029346303	-0.007676485678646252	0.0015
4	0.07301256305501819	0.0585761135224317	0.00925100213135783	-0.0037972305125726674	0.0015
5	0.056487067288489276	0.08178785791689952	0.010890699013593458	-6.833925225603436E-4	0.0015
6	0.022367018128905576	0.013814219453428814	7.299516905181249E-4	0.009973322943207531	0.0015
7	0.017035880021512472	0.016905853590649174	0.007401120208441008	-0.006724836032217152	0.0015
8	0.07706296742944395	0.06251471386040397	0.009303203022518991	-0.0036674805414335194	0.0015
9	0.007205722039335696	0.011507693145624515	0.005513469921510281	-0.008342760300080628	0.0015
10	0.06004555297781743	0.06935586351741992	2.1326893735254012E-4	-0.009997725559364016	0.0015
11	0.05394060958088982	0.05357091451907055	3.4760490926730387E-4	-0.009993956715288159	0.0015
12	0.004945959820239593	0.0675349943087003	0.007218714189426918	0.006920272064837225	0.0015
13	0.05754657329275719	0.03420906735777102	-0.004078236953752134	-0.009130606954033806	0.0015
14	0.05659220712280696	0.07514843227031488	-0.004950263948722231	-0.00868877936409833	0.0015
15	0.05249745398984857	0.0836231632365091	-0.008772485972729623	0.0019922699399636196	0.0015
16	0.042776449769526936	0.0064288111356454805	-0.009596805366823643	0.0028109298730677984	0.0015
17	0.016031198459961885	0.0024122217873806815	-0.009154655094769591	0.00402396447496858	0.0015
18	0.007690791467452047	0.04265155193367171	0.0032967074718620246	-0.009440959688769415	0.0015
19	0.066192750409375	0.056353409946577615	0.0045169563047275	0.008921721007809115	0.0015
20	0.10976139189840858	0.02675085164991137	0.00493981150520417	0.008694726119496376	0.0015
21	0.03378954014138911	0.06288676921817639	-0.0018056646374311717	0.009835627850682973	0.0015
22	0.02297517537012422	0.050193717034714716	0.0039601443552777634	0.009182442849555975	0.0015
23	0.010478426261889233	0.06062277703696276	0.0024200238089604233	-0.009702756554921116	0.0015
24	0.09844359692367001	0.008487975232941553	0.009937601457704937	-0.0011153821174022334	0.0015
25	0.10880995235909283	0.010989420522905583	-0.009575062617639341	-0.0028841248010940275	0.0015
26	0.08792914872633252	0.06712865333034886	-0.008206282172768834	-0.005714624475929841	0.0015
27	0.048761007019247925	0.034141852542101836	1.4233307200875754E-4	-0.009998987013523548	0.0015
28	0.11184452339013899	0.03555760900553049	-0.005567823674773633	-0.00830658410699791	0.0015
29	0.09379273076525581	0.012163551876718068	-8.256111498239119E-4	-0.009965860034602455	0.0015
30	0.013240999471233904	0.012150782752760863	-0.004798025703778046	0.008773764833062555	0.0015
31	0.0985472378539144	0.03320188902514685	4.0819015846905695E-4	-0.009991665566587435	0.0015
32	0.005110363350873969	0.035576723216056885	0.008189788174647373	-0.005738237504182451	0.0015
33	0.04371184962394615	0.07190290135180748	-0.0035305855383660303	-0.00935601227854478	0.0015
34	0.08752513691875762	0.07378561598679502	0.005592338611901231	-0.008290099447524053	0.0015
35	0.09852265376058993	0.07651615777422217	-0.004579580666109642	-0.008889737955788955	0.0015
36	0.030008159117964766	0.02232114336540623	0.009943501048464837	-0.0010615021899076274	0.0015
37	0.059187135671978426	0.03995607913419957	-0.0081535636107928	0.005789594151989885	0.0015
38	0.053365216788727354	0.014342711112647882	5.422855184777597E-4	-0.00998528549498958	0.0015
39	0.043221844855387576	0.08684918026080747	-0.009650125302278904	0.0026220376904835824	0.0015
40	0.01385289136139108	0.032202796627639405	-0.005575077339773617	-0.0083017174521627	0.0015
41	0.0929475139328995	0.0474771322029244	0.007304571346754534	0.006829585451560927	0.0015
42	0.11629177224355651	0.0029346593377162504	0.00843280435292698	-0.0053747382024853805	0.0015
43	0.07009370612053517	0.026585682233595285	0.005943698965078662	0.008041917844178889	0.0015
44	0.10012524420367185	0.05976693936509297	-0.0019760571849249163	-0.009802815820054288	0.0015
45	0.02220218184192486	0.03691450645291123	0.0074633760314029105	0.006655675639172971	0.0015
46	0.06435597352405091	0.08315062835293893	4.3598055757679743E-4	0.009990491527117925	0.0015
47	0.030329813950795398	0.01068816623494523	0.009559466901638768	-0.0029354033038873706	0.0015
48	0.024252000512780498	0.06433105317148771	0.00915306387915522	0.004027582603014369	0.0015
49	0.10618846428768658	0.08763503251680711	-0.006889576338947773	0.007248016133385123	0.0015
50	0.06481809510076948	0.005019380893343171	0.008936312995698328	-0.0044880184985039	0.0015
51	0.03961582639129767	0.03377062921736368	-0.008967782156423437	0.004424803181491059	0.0015
52	0.08217406200492783	0.029855731247312355	0.009320592304333995	0.0036230593559021247	0.0015
53	0.05519277003745013	0.048411204536849786	0.009872809145797143	-0.001589855204307709	0.0015
54	0.07377036522184525	0.05654911609718946	-0.008016532540600986	0.005977893109238864	0.0015
55	0.015062519307057213	0.06259577314648333	0.00532889851678323	-0.008461846169591213	0.0015
56	0.06589453915382251	0.014026605414178364	0.009994468008567148	-3.3257965320781266E-4	0.0015
57	0.07063158952092659	0.007023107605421052	0.003721502789945918	-0.009281724892735441	0.0015
58	0.10315110972417034	0.045586407701998295	0.00973978796490135	0.002266391492827935	0.0015
59	0.010294849549379455	0.03767883443127179	-0.005361193124133483	-0.008441422171988787	0.0015
60	0.10099015200500991	0.016027739362099246	-0.005669939028935322	-0.008237219883441014	0.0015
61	0.11710354425764893	0.022550566035940304	-0.006023982824664355	0.00798195658520822	0.0015
62	0.09591505592679585	0.027120285935422327	-0.0010649897454423855	-0.009943128121577363	0.0015
63	0.08577894120352256	0.02568327887797983	0.009863968859868769	-0.001643812133894639	0.0015
64	0.05951626097112018	0.060421722282783724	0.0020991288472567023	0.009777200932916064	0.0015
65	0.08072685464810363	0.06148719799518798	0.009679788735235338	0.00251031672129456	0.0015
66	0.04513662590443389	0.060357847357428766	0.009727535949565358	-0.0023184141886025455	0.0015
67	0.06610907151513817	0.037634757595213106	-0.004226942828584901	0.009062723339254855	0.0015
68	0.10509215411771464	0.04340175466787529	-0.004074649804362008	0.009132208329413683	0.0015
69	0.1167727696690898	0.00866343525114052	3.41617100508423E-4	-0.0099941631844112	0.0015
70	0.10101470878354156	0.03725660237394776	0.0060433387292102	-0.007967311780269933	0.0015
71	0.02289144821034248	0.06899163812183845	0.008398967360285824	0.005427462324222377	0.0015
72	0.023601950849322557	0.045581659745907534	-0.005361884695070616	-0.00844098291176848	0.0015
73	0.027937230856911698	0.008238433268760182	-0.007377152615326738	0.006751119854526202	0.0015
74	0.007414918382172648	0.08791530238759668	-0.0063641682825329275	-0.007713453316874478	0.0015
75	0.050825625035219375	0.0037505264856454866	0.004399631173359069	0.008980158436152845	0.0015
76	0.04205103438553579	0.03746985729027241	-0.007916460047489521	0.00610980034997071	0.0015
77	0.11788558049949906	0.048791985860257285	-0.006634540201480853	0.005046773977754861	0.0015
78	0.11834834025857133	0.06090356828733505	-0.007877118564401852	-0.0061604385495154235	0.0015
79	0.05841159474826919	0.02691046951805737	0.009534959013917337	-0.0030140598207262785	0.0015
80	0.1004082635771786	0.029747596219078788	-0.008544686608387952	0.005195029428639997	0.0015
81	0.009223589939311707	0.0058296429671380635	0.006062506714513291	-0.007952736154084409	0.0015
82	0.02293502985473737	0.008004454751392465	-0.005206968446273941	-0.008537416447585742	0.0015
83	0.004605525065313115	0.07106044235978508	0.008810179096280398	0.004730829133615368	0.0015
84	0.03403616325647173	0.08261497938489379	0.004310897996154594	-0.009023090294724435	0.0015
85	0.005806397323507924	0.05339483087529261	0.0037462329511224013	-0.009271771064684716	0.0015
86	0.088686474626319	0.018916036432526605	-0.009904806098726484	-0.0013765232096229422	0.0015
87	0.11809244381085508	0.07226690390616194	-0.00640078191021697	-0.007683097743608317	0.0015
88	0.07072770557579633	0.03746913184580404	0.0067700126575387515	0.00735981851792319	0.0015
89	0.05855277385998272	0.08720818141597399	-0.0038578346852309125	0.009225893536207173	0.0015
90	0.02666382616339167	0.03558362583809289	-0.007520074628587689	0.0065915459173453185	0.0015
91	0.011461257793783283	0.0340138981925141	0.009993475347236902	-3.611792964280832E-4	0.0015
92	0.0050529149918686666	0.005810955337205318	0.007991479287553298	0.006011344175524026	0.0015
93	0.10834827750889511	0.039259053346629345	0.009528402099568836	0.003034724605121888	0.0015
94	0.046731040516063825	0.05168090297919177	0.0087915666423037	0.004765328527387471	0.0015
95	0.06806812593544145	0.08652130709695609	-0.0034399407368658035	-0.009389718192089214	0.0015
96	0.10370483415553965	0.08337124168938945	2.13304473764505E-5	-0.00999997725057486	0.0015
97	0.1004370999840551	0.07073413049346888	-0.0033483727543983767	-0.009422759675254518	0.0015
98	0.029659692105468132	0.07888587817073668	0.00893714127180599	0.004486368897870749	0.0015
99	0.016232548333502298	0.07197116400145832	0.008070122387588426	0.005905347123526618	0.0015
0.144183
0	0.0798786674263178	0.037249812468466224	-0.009901353289715305	0.0014011434731118465	0.0015
1	0.01181728429094343	0.08470767050952303	-0.0015418007456232008	-0.00988042764564347	0.0015
2	0.10809143429169482	0.004845778064285223	-0.009173877297652766	0.003979946648839806	0.0015
3	0.10889927419067713	0.08185112643552582	-0.00640871029346303	-0.007676485678646252	0.0015
4	0.07349775747009084	0.058376957256841985	0.00925100213135783	-0.0037972305125726674	0.0015
5	0.057058260145501104	0.08175201550431108	0.010890699013593458	-6.833925225603436E-4	0.0015
6	0.02240530246594099	0.014337297982981586	7.299516905181249E-4	0.009973322943207531	0.0015
7	0.0174240522583607	0.0165531509494887	0.007401120208441008	-0.006724836032217152	0.0015
8	0.07755089966475419	0.062322362691219886	0.009303203022518991	-0.0036674805414335194	0.0015
9	0.007494891231559758	0.011070133987555787	0.005513469921510281	-0.008342760300080628	0.0015
10	0.06005673845760034	0.06883150512511237	2.1326893735254012E-4	-0.009997725559364016	0.0015
11	0.05395884068258384	0.053046753794223335	3.4760490926730387E-4	-0.009993956715288159	0.0015
12	0.005324565268490803	0.06789794713359058	0.007218714189426918	0.006920272064837225	0.0015
13	0.05733267886648783	0.03373018740104675	-0.004078236953752134	-0.009130606954033806	0.0015
14	0.05633257682687241	0.07469272518459613	-0.004950263948722231	-0.00868877936409833	0.0015
15	0.05203735667932651	0.08372765334844097	-0.008772485972729623	0.0019922699399636196	0.0015
16	0.04227311874653012	0.00657623813395417	-0.009596805366823643	0.0028109298730677984	0.0015
17	0.01555105723192753	0.0026232697432651037	-0.009154655094769591	0.00402396447496858	0.0015
18	0.007863696416641693	0.042156394668666886	0.0032967074718620246	-0.009440959688769415	0.0015
19	0.0664296546864535	0.056821334301621514	0.0045169563047275	0.008921721007809115	0.0015
20	0.11002047398700875	0.027206870629678564	0.00493981150520417	0.008694726119496376	0.0015
21	0.03369483706110269	0.06340262594743908	-0.0018056646374311717	0.009835627850682973	0.0015
22	0.023182876103166883	0.05067531566846991	0.0039601443552777634	0.009182442849555975	0.0015
23	0.01060535110957361	0.06011388911061588	0.0024200238089604233	-0.009702756554921116	0.0015
24	0.09896480194103266	0.008429475930233465	0.009937601457704937	-0.0011153821174022334	0.0015
25	0.10830776169476448	0.010838154613980975	-0.009575062617639341	-0.0028841248010940275	0.0015
26	0.08749874754144453	0.0668289340306894	-0.008206282172768834	-0.005714624475929841	0.0015
27	0.048768472071210746	0.03361742798933898	1.4233307200875754E-4	-0.009998987013523548	0.0015
28	0.11155250346486491	0.03512194720804963	-0.005567823674773633	-0.00830658410699791	0.0015
29	0.093749429303076	0.011640864760065647	-8.256111498239119E-4	-0.009965860034602455	0.0015
30	0.01298935373147593	0.012610947136653177	-0.004798025703778046	0.008773764833062555	0.0015
31	0.09856864651671271	0.03267784846593552	4.0819015846905695E-4	-0.009991665566587435	0.0015
32	0.005539899462372378	0.03527576546576599	0.008189788174647373	-0.005738237504182451	0.0015
33	0.04352667829214579	0.07141219938888027	-0.0035305855383660303	-0.00935601227854478	0.0015
34	0.08781844259777072	0.07335081877291251	0.005592338611901231	-0.008290099447524053	0.0015
35	0.09828246497552422	0.07604991085887582	-0.004579580666109642	-0.008889737955788955	0.0015
36	0.030529673555695854	0.022265469944644088	0.009943501048464837	-0.0010615021899076274	0.0015
37	0.05875949945800692	0.040259730426048364	-0.0081535636107928	0.005789594151989885	0.0015
38	0.05339365845387932	0.013819005173952592	5.422855184777597E-4	-0.00998528549498958	0.0015
39	0.04271571732077747	0.08698670028571594	-0.009650125302278904	0.0026220376904835824	0.0015
40	0.013879002597522103	0.03152619223261971	4.978521878993974E-4	-0.01290053740514725	0.0015
41	0.09333062239743348	0.04783532871734596	0.007304571346754534	0.006829585451560927	0.0015
42	0.11673405401123349	0.0026527663145286366	0.00843280435292698	-0.0053747382024853805	0.0015
43	0.07040543986589384	0.027007462876282907	0.005943698965078662	0.008041917844178889	0.0015
44	0.10002160441455756	0.059252803553605696	-0.0019760571849249163	-0.009802815820054288	0.0015
45	0.022593619257742673	0.03726358178581117	0.0074633760314029105	0.006655675639172971	0.0015
46	0.06437883973125882	0.08367460733640035	4.3598055757679743E-4	0.009990491527117925	0.0015
47	0.03083118665462659	0.010534210882994305	0.009559466901638768	-0.0029354033038873706	0.0015
48	0.02473205828510721	0.06454229089011307	0.00915306387915522	0.004027582603014369	0.0015
49	0.10582712138511138	0.08801517478662181	-0.006889576338947773	0.007248016133385123	0.0015
50	0.06528678477301125	0.0047839943396166705	0.008936312995698328	-0.0044880184985039	0.0015
51	0.03914548623180987	0.034002700268799056	-0.008967782156423437	0.004424803181491059	0.0015
52	0.08266290626925925	0.03004575262445611	0.009320592304333995	0.0036230593559021247	0.0015
53	0.05571057684265901	0.048327820179679494	0.009872809145797143	-0.001589855204307709	0.0015
54	0.07334991598167447	0.056862643249093625	-0.008016532540600986	0.005977893109238864	0.0015
55	0.015342008141036397	0.06215196820033887	0.00532889851678323	-0.008461846169591213	0.0015
56	0.06641872669486108	0.014009162353630767	0.009994468008567148	-3.3257965320781266E-4	0.0015
57	0.07082677403647637	0.006536301850082303	0.003721502789945918	-0.009281724892735441	0.0015
58	0.10366193986532266	0.045705274877583614	0.00973978796490135	0.002266391492827935	0.0015
59	0.010013666935321009	0.03723610067821857	-0.005361193124133483	-0.008441422171988787	0.0015
60	0.10069277635731474	0.015595715563334393	-0.005669939028935322	-0.008237219883441014	0.0015
61	0.11678759980303538	0.022969201844418596	-0.006023982824664355	0.00798195658520822	0.0015
62	0.09585919959152955	0.026598791056874176	-0.0010649897454423855	-0.009943128121577363	0.0015
63	0.08629628435546456	0.025597064600275707	0.009863968859868769	-0.001643812133894639	0.0015
64	0.05962635559424804	0.06093451465060882	0.0020991288472567023	0.009777200932916064	0.0015
65	0.08123453796356839	0.061618858504605335	0.009679788735235338	0.00251031672129456	0.0015
66	0.04564681345472632	0.06023625170755618	0.009727535949565358	-0.0023184141886025455	0.0015
67	0.06588737779762091	0.03811007720784729	-0.004226942828584901	0.009062723339254855	0.0015
68	0.10487844782942486	0.04388071861316422	-0.004074649804362008	0.009132208329413683	0.0015
69	0.11679068672357822	0.00813926369744861	3.41617100508423E-4	-0.0099941631844112	0.0015
70	0.10133166841214934	0.036838734652803684	0.0060433387292102	-0.007967311780269933	0.0015
71	0.023331955303274046	0.06927629640753959	0.008398967360285824	0.005427462324222377	0.0015
72	0.02332073196391193	0.04513894903107251	-0.005361884695070616	-0.00844098291176848	0.0015
73	0.027550315666830583	0.008592514437739592	-0.007377152615326738	0.006751119854526202	0.0015
74	0.007081131959531943	0.0875107489762873	-0.0063641682825329275	-0.007713453316874478	0.0015
75	0.05105637587100802	0.00422151575338327	0.004399631173359069	0.008980158436152845	0.0015
76	0.04163583372428333	0.03779030268255767	-0.007916460047489521	0.00610980034997071	0.0015
77	0.11753761367313524	0.049056677891820055	-0.006634540201480853	0.005046773977754861	0.0015
78	0.11793520297030309	0.06058046703449982	-0.007877118564401852	-0.0061604385495154235	0.0015
79	0.05891168206808697	0.02675238880734667	0.009534959013917337	-0.0030140598207262785	0.0015
80	0.0999601138349055	0.030020063918158674	-0.008544686608387952	0.005195029428639997	0.0015
81	0.009541554885968848	0.005412539705057014	0.006062506714513291	-0.007952736154084409	0.0015
82	0.02266193598082851	0.007556686312827638	-0.005206968446273941	-0.008537416447585742	0.0015
83	0.005067599296040552	0.07130856378940972	0.008810179096280398	0.004730829133615368	0.0015
84	0.03426226023515387	0.08214173843699078	0.004310897996154594	-0.009023090294724435	0.0015
85	0.006002878880817752	0.05290854717601982	0.0037462329511224013	-0.009271771064684716	0.0015
86	0.08816698965234092	0.01884384086235556	-0.009904806098726484	-0.0013765232096229422	0.0015
87	0.11775673708515795	0.07186394257692173	-0.00640078191021697	-0.007683097743608317	0.0015
88	0.07108277763012812	0.0378551379011632	0.0067700126575387515	0.00735981851792319	0.0015
89	0.058350439040795635	0.08769205894126925	-0.0038578346852309125	0.009225893536207173	0.0015
90	0.026269415032693474	0.03592933771020997	-0.007520074628587689	0.0065915459173453185	0.0015
91	0.01166688167200518	0.034236152987232676	0.003920545819563888	0.004237640656556466	0.0015
92	0.00547205024483185	0.006126236922878854	0.007991479287553298	0.006011344175524026	0.0015
93	0.10884802093318927	0.039418217879161194	0.009528402099568836	0.003034724605121888	0.0015
94	0.047192138565120126	0.05193083382502278	0.0087915666423037	0.004765328527387471	0.0015
95	0.06788770872117547	0.08602883733408953	-0.0034399407368658035	-0.009389718192089214	0.0015
96	0.10370595288989849	0.0828467652009033	2.13304473764505E-5	-0.00999997725057486	0.0015
97	0.10026148530610485	0.07023992777855348	-0.0033483727543983767	-0.009422759675254518	0.0015
98	0.030128425218943166	0.0791211782065916	0.00893714127180599	0.004486368897870749	0.0015
99	0.016655808241543845	0.0722808862783226	0.008070122387588426	0.005905347123526618	0.0015
0.210318
0	0.07922383595343745	0.03734247786655555	-0.009901353289715305	0.0014011434731118465	0.0015
1	0.011715316446386952	0.08405422296568021	-0.0015418007456232008	-0.00988042764564347	0.0015
2	0.10748471484566864	0.005108994035858733	-0.009173877297652766	0.003979946648839806	0.0015
3	0.10847543059294479	0.08134343781191977	-0.00640871029346303	-0.007676485678646252	0.0015
4	0.07410957760962557	0.05812582531793854	0.00925100213135783	-0.0037972305125726674	0.0015
5	0.05777852254470017	0.08170681896207999	0.010890699013593458	-6.833925225603436E-4	0.0015
6	0.022453578224480984	0.014996889208677538	7.299516905181249E-4	0.009973322943207531	0.0015
7	0.01791352943438391	0.016108400201282416	0.007401120208441008	-0.006724836032217152	0.0015
8	0.07816617213908039	0.062079811838378234	0.009303203022518991	-0.0036674805414335194	0.0015
9	0.007859527612440567	0.010518380923571683	0.005513469921510281	-0.008342760300080628	0.0015
10	0.060070843116658536	0.06817030001890813	2.1326893735254012E-4	-0.009997725559364016	0.0015
11	0.053981829725400075	0.05238579794260532	3.4760490926730387E-4	-0.009993956715288159	0.0015
12	0.0058019789216198926	0.06835562315184328	0.007218714189426918	0.006920272064837225	0.0015
13	0.05706296241126806	0.0331263296631139	-0.004078236953752134	-0.009130606954033806	0.0015
14	0.056005188384319275	0.07411808795854796	-0.004950263948722231	-0.00868877936409833	0.0015
15	0.05145718347044691	0.08385941322216618	-0.008772485972729623	0.0019922699399636196	0.0015
16	0.041638428718871905	0.006762140534877113	-0.009596805366823643	0.0028109298730677984	0.0015
17	0.01494560905691428	0.002889396858100902	-0.009154655094769591	0.00402396447496858	0.0015
18	0.008081725987578975	0.041532011581071934	0.0032967074718620246	-0.009440959688769415	0.0015
19	0.06672838608845622	0.057411377252037155	0.0045169563047275	0.008921721007809115	0.0015
20	0.11034717115143212	0.027781901147682104	0.00493981150520417	0.008694726119496376	0.0015
21	0.03357541843220827	0.06405311063207868	-0.0018056646374311717	0.009835627850682973	0.0015
22	0.023444782439109767	0.051282601602005894	0.0039601443552777634	0.009182442849555975	0.0015
23	0.010765400721869853	0.05947219194256734	0.0024200238089604233	-0.009702756554921116	0.0015
24	0.09962203070653952	0.00835570951736124	0.009937601457704937	-0.0011153821174022334	0.0015
25	0.10767450963584208	0.01064741142603384	-0.009575062617639341	-0.0028841248010940275	0.0015
26	0.08695602053384975	0.06645099418216201	-0.008206282172768834	-0.005714624475929841	0.0015
27	0.04877788534760397	0.03295613945616662	1.4233307200875754E-4	-0.009998987013523548	0.0015
28	0.11118427236846748	0.03457258667659178	-0.005567823674773633	-0.00830658410699791	0.0015
29	0.09369482705331816	0.010981767097955482	-8.256111498239119E-4	-0.009965860034602455	0.0015
30	0.012672033649403282	0.013191204923667802	-0.004798025703778046	0.008773764833062555	0.0015
31	0.09805554907551337	0.0330486542039468	-0.00775826949034256	0.005606753441085957	0.0015
32	0.00608153563028419	0.034896263956562784	0.008189788174647373	-0.005738237504182451	0.0015
33	0.043293181066001996	0.070793434345216	-0.0035305855383660303	-0.00935601227854478	0.0015
34	0.08818829500308593	0.07280254846352101	0.005592338611901231	-0.008290099447524053	0.0015
35	0.09797959187676529	0.07546198312528446	-0.004579580666109642	-0.008889737955788955	0.0015
36	0.03118729249389867	0.02219526691055935	0.009943501048464837	-0.0010615021899076274	0.0015
37	0.05822025902164909	0.04064262843554218	-0.0081535636107928	0.005789594151989885	0.0015
38	0.053429522806397206	0.013158622798282123	5.422855184777597E-4	-0.00998528549498958	0.0015
39	0.04207750094971483	0.08716011019773176	-0.009650125302278904	0.0026220376904835824	0.0015
40	0.013911928327161252	0.03067300806043838	4.978521878993974E-4	-0.01290053740514725	0.0015
41	0.09381371426112077	0.048287007126301754	0.007304571346754534	0.006829585451560927	0.0015
42	0.11729176218842527	0.002297305032570786	0.00843280435292698	-0.0053747382024853805	0.0015
43	0.07079852968238415	0.027539319558152486	0.005943698965078662	0.008041917844178889	0.0015
44	0.09989091678034857	0.05860448891074888	-0.0019760571849249163	-0.009802815820054288	0.0015
45	0.02308721375702995	0.037703758573194426	0.0074633760314029105	0.006655675639172971	0.0015
46	0.06440767354642647	0.0843353340158833	4.3598055757679743E-4	0.009990491527117925	0.0015
47	0.03146340728225062	0.010340076362920263	0.009559466901638768	-0.0029354033038873706	0.0015
48	0.025337401224196244	0.06480865729184714	0.00915306387915522	0.004027582603014369	0.0015
49	0.10537147544565774	0.0884945263400115	-0.006889576338947773	0.007248016133385123	0.0015
50	0.0658777927726118	0.00448717675542419	0.008936312995698328	-0.0044880184985039	0.0015
51	0.038552397001869895	0.03429533707305804	-0.008967782156423437	0.004424803181491059	0.0015
52	0.08327932879335037	0.03028536565763842	0.009320592304333995	0.0036230593559021247	0.0015
53	0.05636352053280329	0.048222674226935366	0.009872809145797143	-0.001589855204307709	0.0015
54	0.07281973817088898	0.0572579945142091	-0.008016532540600986	0.005977893109238864	0.0015
55	0.015694437790042023	0.06159233932654887	0.00532889851678323	-0.008461846169591213	0.0015
56	0.06707971636114272	0.013987167014429376	0.009994468008567148	-3.3257965320781266E-4	0.0015
57	0.0710728976805847	0.00592244984374157	0.003721502789945918	-0.009281724892735441	0.0015
58	0.1043060861261397	0.045855163931730746	0.00973978796490135	0.002266391492827935	0.0015
59	0.009659101464607129	0.03667782255679956	-0.005361193124133483	-0.008441422171988787	0.0015
60	0.10031779180552462	0.015050942473143196	-0.005669939028935322	-0.008237219883441014	0.0015
61	0.11638920036911372	0.023497092955282007	-0.006023982824664355	0.00798195658520822	0.0015
62	0.09578876590603175	0.025941196782397202	-0.0010649897454423855	-0.009943128121577363	0.0015
63	0.08694864338841242	0.025488350176168156	0.009863968859868769	-0.001643812133894639	0.0015
64	0.05976518264087433	0.06158113523874588	0.0020991288472567023	0.009777200932916064	0.0015
65	0.08187471614216633	0.06178487968856904	0.009679788735235338	0.00251031672129456	0.0015
66	0.046290149421736704	0.06008292210366797	0.009727535949565358	-0.0023184141886025455	0.0015
67	0.06560782659717053	0.03870944542539344	-0.004226942828584901	0.009062723339254855	0.0015
68	0.10460896861231284	0.044484682258943	-0.004074649804362008	0.009132208329413683	0.0015
69	0.11681327975935236	0.007478294190881016	3.41617100508423E-4	-0.0099941631844112	0.0015
70	0.1017313479595173	0.036311812084209916	0.0060433387292102	-0.007967311780269933	0.0015
71	0.023887425652253796	0.06963524462843226	0.008398967360285824	0.005427462324222377	0.0015
72	0.02296612075577185	0.04458069996037097	-0.005361884695070616	-0.00844098291176848	0.0015
73	0.027062423600826297	0.009039003481062909	-0.007377152615326738	0.006751119854526202	0.0015
74	0.006660234172313478	0.08700061547749281	-0.0063641682825329275	-0.007713453316874478	0.0015
75	0.05134734791059513	0.004815423495424252	0.004399631173359069	0.008980158436152845	0.0015
76	0.041112274263145766	0.038194377705951896	-0.007916460047489521	0.00610980034997071	0.0015
77	0.11709883468960657	0.04939044907849008	-0.006634540201480853	0.005046773977754861	0.0015
78	0.11741424537989589	0.06017304302578797	-0.007877118564401852	-0.0061604385495154235	0.0015
79	0.059542281853009575	0.026553052295053368	0.009534959013917337	-0.0030140598207262785	0.0015
80	0.09993509958586545	0.02933202999777905	-3.7822695957633566E-4	-0.010403389579033395	0.0015
81	0.0099425021186401	0.00488658110355784	0.006062506714513291	-0.007952736154084409	0.0015
82	0.022317570244433996	0.006992059556930289	-0.005206968446273941	-0.008537416447585742	0.0015
83	0.00565026536048141	0.07162143978917114	0.008810179096280398	0.004730829133615368	0.0015
84	0.034547363857018475	0.08154499137275219	0.004310897996154594	-0.009023090294724435	0.0015
85	0.006250638067805303	0.05229535347159929	0.0037462329511224013	-0.009271771064684716	0.0015
86	0.08751192982602804	0.01875280373900115	-0.009904806098726484	-0.0013765232096229422	0.0015
87	0.11733341783543408	0.07135581666074453	-0.00640078191021697	-0.007683097743608317	0.0015
88	0.07153051615942184	0.03834188356705411	0.0067700126575387515	0.00735981851792319	0.0015
89	0.05809529901143392	0.08830221850998468	-0.0038578346852309125	0.009225893536207173	0.0015
90	0.025772070740340703	0.03636527324299185	-0.007520074628587689	0.0065915459173453185	0.0015
91	0.011926169136900165	0.03451641169444929	0.003920545819563888	0.004237640656556466	0.0015
92	0.006000571144878615	0.006523800492753482	0.007991479287553298	0.006011344175524026	0.0015
93	0.10947818707295705	0.039618921068393154	0.009528402099568836	0.003034724605121888	0.0015
94	0.04777357368462903	0.052245991461261174	0.0087915666423037	0.004765328527387471	0.0015
95	0.06766020633908365	0.08540784313120174	-0.0034399407368658035	-0.009389718192089214	0.0015
96	0.10370736359082634	0.08218541117785619	2.13304473764505E-5	-0.00999997725057486	0.0015
97	0.10004003882314856	0.06961674835891256	-0.0033483727543983767	-0.009422759675254518	0.0015
98	0.030719487997041932	0.07941788669353438	0.00893714127180599	0.004486368897870749	0.0015
99	0.017189530246482138	0.07267143967457253	0.008070122387588426	0.005905347123526618	0.0015
0.211073
0	0.07921635850852886	0.0373435360020268	-0.009901353289715305	0.0014011434731118465	0.0015
1	0.011714152087354598	0.08404676132369737	-0.0015418007456232008	-0.00988042764564347	0.0015
2	0.1074777867864343	0.005111999668617713	-0.009173877297652766	0.003979946648839806	0.0015
3	0.10847059077188677	0.08133764057420144	-0.00640871029346303	-0.007676485678646252	0.0015
4	0.07411656391308959	0.058122957671352046	0.00925100213135783	-0.0037972305125726674	0.0015
5	0.0577867471377944	0.0817063028679877	0.010890699013593458	-6.833925225603436E-4	0.0015
6	0.022454129479788424	0.015004421004653429	7.299516905181249E-4	0.009973322943207531	0.0015
7	0.017919118717687022	0.016103321643889418	0.007401120208441008	-0.006724836032217152	0.0015
8	0.0781731978643564	0.06207704217822174	0.009303203022518991	-0.0036674805414335194	0.0015
9	0.007863691353132059	0.010512080519101298	0.005513469921510281	-0.008342760300080628	0.0015
10	0.06007100417613022	0.06816274979421723	2.1326893735254012E-4	-0.009997725559364016	0.0015
11	0.0539820922346231	0.052378250564123735	3.4760490926730387E-4	-0.009993956715288159	0.0015
12	0.005807430452949284	0.06836084930140114	0.007218714189426918	0.006920272064837225	0.0015
13	0.0570598825502376	0.033119434281393544	-0.004078236953752134	-0.009130606954033806	0.0015
14	0.05600144997353072	0.07411152624247574	-0.004950263948722231	-0.00868877936409833	0.0015
15	0.05145055853962654	0.08386091777293649	-0.008772485972729623	0.0019922699399636196	0.0015
16	0.041631181266798524	0.006764263332908124	-0.009596805366823643	0.0028109298730677984	0.0015
17	0.014938695514176708	0.0028924357328683477	-0.009154655094769591	0.00402396447496858	0.0015
18	0.008084215642051376	0.04152488182275594	0.0032967074718620246	-0.009440959688769415	0.0015
19	0.06673179726781067	0.057418114884295456	0.0045169563047275	0.008921721007809115	0.0015
20	0.11035090166859561	0.027788467354709714	0.00493981150520417	0.008694726119496376	0.0015
21	0.033574054804686386	0.06406053844151471	-0.0018056646374311717	0.009835627850682973	0.0015
22	0.02344777311729084	0.05128953612989564	0.0039601443552777634	0.009182442849555975	0.0015
23	0.010767228309895398	0.059464864476767666	0.0024200238089604233	-0.009702756554921116	0.0015
24	0.09962953552585554	0.00835486718721799	0.009937601457704937	-0.0011153821174022334	0.0015
25	0.1076672786037675	0.010645233351615258	-0.009575062617639341	-0.0028841248010940275	0.0015
26	0.08694982319687411	0.06644667853071097	-0.008206282172768834	-0.005714624475929841	0.0015
27	0.04877799283671919	0.03294858827883282	1.4233307200875754E-4	-0.009998987013523548	0.0015
28	0.11118006758013495	0.0345663135921738	-0.005567823674773633	-0.00830658410699791	0.0015
29	0.09369420355653868	0.010974240937925135	-8.256111498239119E-4	-0.009965860034602455	0.0015
30	0.012668410208059437	0.013197830820276122	-0.004798025703778046	0.008773764833062555	0.0015
31	0.09804969007513205	0.03305288839181436	-0.00775826949034256	0.005606753441085957	0.0015
32	0.0060877205110875555	0.03489193047268897	0.008189788174647373	-0.005738237504182451	0.0015
33	0.04329051478816242	0.07078636873869436	-0.0035305855383660303	-0.00935601227854478	0.0015
34	0.08819251830495761	0.07279628782822281	0.005592338611901231	-0.008290099447524053	0.0015
35	0.09797613340385423	0.07545526964644261	-0.004579580666109642	-0.008889737955788955	0.0015
36	0.03119480176855162	0.022194465270226647	0.009943501048464837	-0.0010615021899076274	0.0015
37	0.05821410149742746	0.04064700070366027	-0.0081535636107928	0.005789594151989885	0.0015
38	0.05342993233729369	0.013151081968256107	5.422855184777597E-4	-0.00998528549498958	0.0015
39	0.042070213230733663	0.08716209034547573	-0.009650125302278904	0.0026220376904835824	0.0015
40	0.013912304302262707	0.030663265648980514	4.978521878993974E-4	-0.01290053740514725	0.0015
41	0.09381923063128028	0.0482921647898522	0.007304571346754534	0.006829585451560927	0.0015
42	0.11729813059364513	0.0022932460612735094	0.00843280435292698	-0.0053747382024853805	0.0015
43	0.07080301832956844	0.02754539276813497	0.005943698965078662	0.008041917844178889	0.0015
44	0.09988942447335739	0.05859708588076917	-0.0019760571849249163	-0.009802815820054288	0.0015
45	0.02308380642834045	0.03771329343259407	-0.004511857398002056	0.012625704721036664	0.0015
46	0.06440800279642948	0.08434287877747476	4.3598055757679743E-4	0.009990491527117925	0.0015
47	0.031470626536530405	0.01033785956327207	0.009559466901638768	-0.0029354033038873706	0.0015
48	0.02534431356525696	0.06481169889900401	0.00915306387915522	0.004027582603014369	0.0015
49	0.10536627247733507	0.0885	-0.006889576338947773	0.007248016133385123	0.0015
50	0.06588454142465522	0.004483787429734122	0.008936312995698328	-0.0044880184985039	0.0015
51	0.03854562458449777	0.03429867865890523	-0.008967782156423437	0.004424803181491059	0.0015
52	0.08328636765091173	0.030288101771171753	0.009320592304333995	0.0036230593559021247	0.0015
53	0.05637097642133898	0.04822147357745292	0.009872809145797143	-0.001589855204307709	0.0015
54	0.07281368413174137	0.05726250898461388	-0.008016532540600986	0.005977893109238864	0.0015
55	0.01569846214347299	0.06158594898911653	0.00532889851678323	-0.008461846169591213	0.0015
56	0.06708726412575004	0.013986915852193083	0.009994468008567148	-3.3257965320781266E-4	0.0015
57	0.07107570813803174	0.00591544033862532	0.003721502789945918	-0.009281724892735441	0.0015
58	0.10431344155784665	0.04585687549751706	0.00973978796490135	0.002266391492827935	0.0015
59	0.009655052722474916	0.03667144764345244	-0.005361193124133483	-0.008441422171988787	0.0015
60	0.10031350990026548	0.015044721772186862	-0.005669939028935322	-0.008237219883441014	0.0015
61	0.11638465109202162	0.023503120882867483	-0.006023982824664355	0.00798195658520822	0.0015
62	0.09578796163191722	0.025933687789376488	-0.0010649897454423855	-0.009943128121577363	0.0015
63	0.08695609260081516	0.025487108778723625	0.009863968859868769	-0.001643812133894639	0.0015
64	0.059766767890875226	0.06158851892451053	0.0020991288472567023	0.009777200932916064	0.0015
65	0.08188202626280101	0.06178677546528131	0.009679788735235338	0.00251031672129456	0.0015
66	0.04629749560079232	0.06008117125064179	0.009727535949565358	-0.0023184141886025455	0.0015
67	0.0656046344343209	0.03871628954179936	-0.004226942828584901	0.009062723339254855	0.0015
68	0.1046058914602769	0.04449157885001281	-0.004074649804362008	0.009132208329413683	0.0015
69	0.11681353774661675	0.007470746656475142	3.41617100508423E-4	-0.0099941631844112	0.0015
70	0.10173591185407689	0.036305795216296684	0.0060433387292102	-0.007967311780269933	0.0015
71	0.023893768503971933	0.06963934341668225	0.008398967360285824	0.005427462324222377	0.0015
72	0.022962071491369255	0.04457432537875064	-0.005361884695070616	-0.00844098291176848	0.0015
73	0.027056852417711295	0.00904410188784695	-0.007377152615326738	0.006751119854526202	0.0015
74	0.006655427989125264	0.08699479032202727	-0.0063641682825329275	-0.007713453316874478	0.0015
75	0.05135067048668693	0.004822205259291465	0.004399631173359069	0.008980158436152845	0.0015
76	0.041106295798167894	0.03819899179194424	-0.007916460047489521	0.00610980034997071	0.0015
77	0.11709382432310425	0.049394260373096036	-0.006634540201480853	0.005046773977754861	0.0015
78	0.11740829662537919	0.06016839069811933	-0.007877118564401852	-0.0061604385495154235	0.0015
79	0.059549482599073875	0.026550776094457225	0.009534959013917337	-0.0030140598207262785	0.0015
80	0.09993481395104661	0.029324173417959745	-3.7822695957633566E-4	-0.010403389579033395	0.0015
81	0.009947080488751666	0.004880575243073452	0.006062506714513291	-0.007952736154084409	0.0015
82	0.02231363797188917	0.006985612149259786	-0.005206968446273941	-0.008537416447585742	0.0015
83	0.0056569187569313305	0.07162501248405269	0.008810179096280398	0.004730829133615368	0.0015
84	0.034550619422326526	0.08153817718699295	0.004310897996154594	-0.009023090294724435	0.0015
85	0.006253467201327469	0.05228835148355659	0.0037462329511224013	-0.009271771064684716	0.0015
86	0.087504449773578	0.018751764196610916	-0.009904806098726484	-0.0013765232096229422	0.0015
87	0.11732858400184537	0.07135001442963287	-0.00640078191021697	-0.007683097743608317	0.0015
88	0.07153562883394177	0.03834744165955871	0.0067700126575387515	0.00735981851792319	0.0015
89	0.0580923855969257	0.08830918585158243	-0.0038578346852309125	0.009225893536207173	0.0015
90	0.025775435250576562	0.03636574260892205	0.004455158800817278	6.215168354816256E-4	0.0015
91	0.011929129910495408	0.03451961193623691	0.003920545819563888	0.004237640656556466	0.0015
92	0.006006606263953988	0.006528340225210631	0.007991479287553298	0.006011344175524026	0.0015
93	0.10948538286727745	0.03962121287491531	0.009528402099568836	0.003034724605121888	0.0015
94	0.04778021302506103	0.052249590209885954	0.0087915666423037	0.004765328527387471	0.0015
95	0.06765760851567547	0.08540075207016856	-0.0034399407368658035	-0.009389718192089214	0.0015
96	0.1037073796994572	0.08217785925270107	2.13304473764505E-5	-0.00999997725057486	0.0015
97	0.10003751015135272	0.06960963234514182	-0.0033483727543983767	-0.009422759675254518	0.0015
98	0.030726237274594687	0.07942127477345556	0.00893714127180599	0.004486368897870749	0.0015
99	0.017195624756373165	0.07267589935866724	0.008070122387588426	0.005905347123526618	0.0015
0.231756
0	0.0790115741926527	0.037372515091974395	-0.009901353289715305	0.0014011434731118465	0.0015
1	0.011682263859385016	0.08384240980155962	-0.0015418007456232008	-0.00988042764564347	0.0015
2	0.1072880484616456	0.0051943147449369145	-0.009173877297652766	0.003979946648839806	0.0015
3	0.10833804289537997	0.0811788719875207	-0.00640871029346303	-0.007676485678646252	0.0015
4	0.07430789736895231	0.05804442161370536	0.00925100213135783	-0.0037972305125726674	0.0015
5	0.058011993554284616	0.08169216863137252	0.010890699013593458	-6.833925225603436E-4	0.0015
6	0.022469226674403292	0.015210693829809385	7.299516905181249E-4	0.009973322943207531	0.0015
7	0.018072192069809218	0.01596423551031337	0.007401120208441008	-0.006724836032217152	0.0015
8	0.07836561096291764	0.06200118966880298	0.009303203022518991	-0.0036674805414335194	0.0015
9	0.007977723458940572	0.010339531736063182	0.005513469921510281	-0.008342760300080628	0.0015
10	0.06007541510180426	0.06795597226299646	2.1326893735254012E-4	-0.009997725559364016	0.0015
11	0.05398928155828994	0.05217155098185935	3.4760490926730387E-4	-0.009993956715288159	0.0015
12	0.005956731200385784	0.06850397753236191	0.007218714189426918	0.006920272064837225	0.0015
13	0.05697553458889149	0.032930590893635814	-0.004078236953752134	-0.009130606954033806	0.0015
14	0.05589906635116281	0.07393182093494732	-0.004950263948722231	-0.00868877936409833	0.0015
15	0.051269121973745724	0.08390212281074882	-0.008772485972729623	0.0019922699399636196	0.0015
16	0.041432695750310285	0.006822400269768056	-0.009596805366823643	0.0028109298730677984	0.0015
17	0.014749354751776892	0.002975661205993559	-0.009154655094769591	0.00402396447496858	0.0015
18	0.008152399653318841	0.04132961957783763	0.0032967074718620246	-0.009440959688769415	0.0015
19	0.06682521902336674	0.057602637997405656	0.0045169563047275	0.008921721007809115	0.0015
20	0.11045306910874758	0.027968295655752276	0.00493981150520417	0.008694726119496376	0.0015
21	0.03353670922306148	0.06426396339380955	-0.0018056646374311717	0.009835627850682973	0.0015
22	0.023529678633520502	0.05147945161134518	0.0039601443552777634	0.009182442849555975	0.0015
23	0.010817280348805752	0.059264187629363745	0.0024200238089604233	-0.009702756554921116	0.0015
24	0.09983506954291561	0.008331798344286188	0.009937601457704937	-0.0011153821174022334	0.0015
25	0.1074692427807592	0.010585582563787395	-0.009575062617639341	-0.0028841248010940275	0.0015
26	0.08678009711686616	0.06632848605443523	-0.008206282172768834	-0.005714624475929841	0.0015
27	0.048780936634392605	0.032741784657640355	1.4233307200875754E-4	-0.009998987013523548	0.0015
28	0.11106491130514959	0.03439451302170165	-0.005567823674773633	-0.00830658410699791	0.0015
29	0.09367712788924863	0.010768122464057171	-8.256111498239119E-4	-0.009965860034602455	0.0015
30	0.012569175246680468	0.013379293836131071	-0.004798025703778046	0.008773764833062555	0.0015
31	0.09788922999826427	0.03316884983002622	-0.00775826949034256	0.005606753441085957	0.0015
32	0.006257105454684905	0.03477324962096646	0.008189788174647373	-0.005738237504182451	0.0015
33	0.043217493603788806	0.07059286341495433	-0.0035305855383660303	-0.00935601227854478	0.0015
34	0.08830818160908147	0.07262482820101508	0.005592338611901231	-0.008290099447524053	0.0015
35	0.09788141642262269	0.07527140802143772	-0.004579580666109642	-0.008889737955788955	0.0015
36	0.03140045780364521	0.022172510796590494	0.009943501048464837	-0.0010615021899076274	0.0015
37	0.0580454657668225	0.040766743737054245	-0.0081535636107928	0.005789594151989885	0.0015
38	0.05344114813433291	0.012944561728134626	5.422855184777597E-4	-0.00998528549498958	0.0015
39	0.04187062492696118	0.08721632052784938	-0.009650125302278904	0.0026220376904835824	0.0015
40	0.013922601108842907	0.03039645083592945	4.978521878993974E-4	-0.01290053740514725	0.0015
41	0.0939703071157006	0.048433417398813086	0.007304571346754534	0.006829585451560927	0.0015
42	0.11747254170895453	0.0021820832683093674	0.00843280435292698	-0.0053747382024853805	0.0015
43	0.07092594862916717	0.027711719389947678	0.005943698965078662	0.008041917844178889	0.0015
44	0.09984855475515761	0.05839433956189426	-0.0019760571849249163	-0.009802815820054288	0.0015
45	0.02299049013070461	0.03797442403041221	-0.004511857398002056	0.012625704721036664	0.0015
46	0.06441701994566215	0.08454950669113305	4.3598055757679743E-4	0.009990491527117925	0.0015
47	0.03166833980180964	0.010277148210003662	0.009559466901638768	-0.0029354033038873706	0.0015
48	0.025533621417407896	0.06489499920390776	0.00915306387915522	0.004027582603014369	0.0015
49	0.10522377910941197	0.08835009321636099	-0.006889576338947773	-0.007248016133385123	0.0015
50	0.06606936633593076	0.004390964179117426	0.008936312995698328	-0.0044880184985039	0.0015
51	0.03836014881365166	0.03439019446143189	-0.008967782156423437	0.004424803181491059	0.0015
52	0.08347914040255026	0.03036303554132091	0.009320592304333995	0.0036230593559021247	0.0015
53	0.056575170374179556	0.04818859146519716	0.009872809145797143	-0.001589855204307709	0.0015
54	0.07264788254038404	0.05738614650313651	-0.008016532540600986	0.005977893109238864	0.0015
55	0.01580867685909843	0.06141093721767626	0.00532889851678323	-0.008461846169591213	0.0015
56	0.0672939742828158	0.013980037287741975	0.009994468008567148	-3.3257965320781266E-4	0.0015
57	0.07115267796029451	0.005723471460564587	0.003721502789945918	-0.009281724892735441	0.0015
58	0.10451488430580344	0.04590375004262075	0.00973978796490135	0.002266391492827935	0.0015
59	0.009544170075014385	0.03649685829046893	-0.005361193124133483	-0.008441422171988787	0.0015
60	0.10019624162883574	0.014874355824301317	-0.005669939028935322	-0.008237219883441014	0.0015
61	0.11626006032493122	0.023668207358506423	-0.006023982824664355	0.00798195658520822	0.0015
62	0.0957659350270629	0.02572803946732729	-0.0010649897454423855	-0.009943128121577363	0.0015
63	0.08716010371482018	0.02545311070457974	0.009863968859868769	-0.001643812133894639	0.0015
64	0.059810183033466684	0.06179073546457791	0.0020991288472567023	0.009777200932916064	0.0015
65	0.08208222807925675	0.06183869498348866	0.009679788735235338	0.00251031672129456	0.0015
66	0.04649868494696601	0.060033220748358054	0.009727535949565358	-0.0023184141886025455	0.0015
67	0.06551721087007957	0.0389037289295982	-0.004226942828584901	0.009062723339254855	0.0015
68	0.10452161768999461	0.04468045535814833	-0.004074649804362008	0.009132208329413683	0.0015
69	0.11682060322768507	0.007264042803921948	3.41617100508423E-4	-0.0099941631844112	0.0015
70	0.1018609029488351	0.03614101163120944	0.0060433387292102	-0.007967311780269933	0.0015
71	0.02406747978712844	0.06975159667403891	0.008398967360285824	0.005427462324222377	0.0015
72	0.0228511745405224	0.04439974511074784	-0.005361884695070616	-0.00844098291176848	0.0015
73	0.026904274774308453	0.00918373163545359	-0.007377152615326738	0.006751119854526202	0.0015
74	0.006523801350854208	0.08683525715375019	-0.0063641682825329275	-0.007713453316874478	0.0015
75	0.05144166567023215	0.005007937002013675	0.004399631173359069	0.008980158436152845	0.0015
76	0.040942563951868655	0.038325357476330875	-0.007916460047489521	0.00610980034997071	0.0015
77	0.11695660572918493	0.049498640060011125	-0.006634540201480853	0.005046773977754861	0.0015
78	0.11724537845762105	0.060040977691336705	-0.007877118564401852	-0.0061604385495154235	0.0015
79	0.05974668898101366	0.026488437931143895	0.009534959013917337	-0.0030140598207262785	0.0015
80	0.09992699128813413	0.029109005758004767	-3.7822695957633566E-4	-0.010403389579033395	0.0015
81	0.010072468024545972	0.0047160931177513046	0.006062506714513291	-0.007952736154084409	0.0015
82	0.022205945069731385	0.006809037398777469	-0.005206968446273941	-0.008537416447585742	0.0015
83	0.005839134909227633	0.07172285765524365	0.008810179096280398	0.004730829133615368	0.0015
84	0.03463977938572985	0.08135155750794228	0.004310897996154594	-0.009023090294724435	0.0015
85	0.006330948504090922	0.05209658847511873	0.0037462329511224013	-0.009271771064684716	0.0015
86	0.08729959404512716	0.01872329431420978	-0.009904806098726484	-0.0013765232096229422	0.0015
87	0.11719620010378591	0.0711911090892014	-0.00640078191021697	-0.007683097743608317	0.0015
88	0.07167564933113856	0.03849966079123348	0.0067700126575387515	0.00735981851792319	0.0015
89	0.0580125960960704	0.0885	-0.0038578346852309125	0.009225893536207173	0.0015
90	0.025867578881901453	0.036378597104286016	0.004455158800817278	6.215168354816256E-4	0.0015
91	0.012010216431704029	0.03460725675784764	0.003920545819563888	0.004237640656556466	0.0015
92	0.006171889692476837	0.006652669593980811	0.007991479287553298	0.006011344175524026	0.0015
93	0.1096824536361167	0.03968397843674795	0.009528402099568836	0.003034724605121888	0.0015
94	0.04796204422607413	0.052348148913312874	0.0087915666423037	0.004765328527387471	0.0015
95	0.06758646208853149	0.08520654962531345	-0.0034399407368658035	-0.009389718192089214	0.0015
96	0.10370782086552265	0.08197103515097315	2.13304473764505E-5	-0.00999997725057486	0.0015
97	0.09996825757508922	0.06941474652122452	-0.0033483727543983767	-0.009422759675254518	0.0015
98	0.030911079316655387	0.07951406390627773	0.00893714127180599	0.004486368897870749	0.0015
99	0.017362534717448468	0.0727980364479436	0.008070122387588426	0.005905347123526618	0.0015
