   100
   0.0015   0.01   1.0   1.5784772620197247
   0.0015   0.01   1.0   2.819512195181869
   0.0015   0.01   1.0   4.1841050250584315
   0.0015   0.01   1.0   5.112452863492194
   0.0015   0.01   1.0   5.7239278106690845
   0.0015   0.01   1.0   5.2036328188606715
   0.0015   0.01   1.0   3.9772180075987182
   0.0015   0.01   1.0   3.4727986398399864
   0.0015   0.01   1.0   4.88834839365895
   0.0015   0.01   1.0   1.4769231767586783
   0.0015   0.01   1.0   0.786089725132302
   0.0015   0.01   1.0   3.8176962349871753
   0.0015   0.01   1.0   4.871114322331461
   0.0015   0.01   1.0   2.019714841587853
   0.0015   0.01   1.0   2.258536571637312
   0.0015   0.01   1.0   6.0701455594190845
   0.0015   0.01   1.0   0.6586863748672811
   0.0015   0.01   1.0   3.3462375659110597
   0.0015   0.01   1.0   2.844011115051349
   0.0015   0.01   1.0   1.37859869136501
   0.0015   0.01   1.0   4.926667817821908
   0.0015   0.01   1.0   5.5449082956799725
   0.0015   0.01   1.0   5.470142390321448
   0.0015   0.01   1.0   1.9438118703997622
   0.0015   0.01   1.0   5.217416867750497
   0.0015   0.01   1.0   3.8642912838636274
   0.0015   0.01   1.0   5.142427704435934
   0.0015   0.01   1.0   0.3717965212675137
   0.0015   0.01   1.0   0.5484374446502023
   0.0015   0.01   1.0   1.657780205237809
   0.0015   0.01   1.0   5.581082962340734
   0.0015   0.01   1.0   2.176616779025185
   0.0015   0.01   1.0   2.5519747540606845
   0.0015   0.01   1.0   4.3833854078579515
   0.0015   0.01   1.0   1.6869428147400989
   0.0015   0.01   1.0   4.640507781661009
   0.0015   0.01   1.0   2.4913122490891193
   0.0015   0.01   1.0   5.264758270844086
   0.0015   0.01   1.0   0.5334860403747413
   0.0015   0.01   1.0   5.6825460040504225
   0.0015   0.01   1.0   1.5203207374506549
   0.0015   0.01   1.0   5.476137522128798
   0.0015   0.01   1.0   6.227867017655485
   0.0015   0.01   1.0   0.8767986024648871
   0.0015   0.01   1.0   0.889720013400863
   0.0015   0.01   1.0   5.936720865515504
   0.0015   0.01   1.0   6.007382919012003
   0.0015   0.01   1.0   5.650435682534061
   0.0015   0.01   1.0   4.907535751086122
   0.0015   0.01   1.0   3.281065324138286
   0.0015   0.01   1.0   1.9143513085920254
   0.0015   0.01   1.0   2.0083179491573206
   0.0015   0.01   1.0   5.429760818206111
   0.0015   0.01   1.0   5.1522348447052435
   0.0015   0.01   1.0   2.905985357076552
   0.0015   0.01   1.0   2.041128180661285
   0.0015   0.01   1.0   0.8973251916349222
   0.0015   0.01   1.0   6.192208505051802
   0.0015   0.01   1.0   3.297657299354346
   0.0015   0.01   1.0   0.43950113460872053
   0.0015   0.01   1.0   3.588744011706669
   0.0015   0.01   1.0   6.156510391095361
   0.0015   0.01   1.0   4.565476988951558
   0.0015   0.01   1.0   0.9203879009993702
   0.0015   0.01   1.0   1.133970420903154
   0.0015   0.01   1.0   2.802291261894664
   0.0015   0.01   1.0   0.782794075305702
   0.0015   0.01   1.0   1.2104884514864231
   0.0015   0.01   1.0   0.1331379172137101
   0.0015   0.01   1.0   1.2283120924477775
   0.0015   0.01   1.0   2.0075816272185523
   0.0015   0.01   1.0   1.8302193218619873
   0.0015   0.01   1.0   0.32461601406833596
   0.0015   0.01   1.0   2.0752887011428873
   0.0015   0.01   1.0   5.304708641840826
   0.0015   0.01   1.0   5.114904842366902
   0.0015   0.01   1.0   1.0438474292191087
   0.0015   0.01   1.0   2.7178606774630913
   0.0015   0.01   1.0   5.796487143101524
   0.0015   0.01   1.0   1.1047637128154069
   0.0015   0.01   1.0   4.079540362031519
   0.0015   0.01   1.0   4.4012695353295275
   0.0015   0.01   1.0   4.168963306299398
   0.0015   0.01   1.0   1.8840066779920448
   0.0015   0.01   1.0   1.3872731803471872
   0.0015   0.01   1.0   2.426740351544197
   0.0015   0.01   1.0   2.5086475111735633
   0.0015   0.01   1.0   2.9086391289272706
   0.0015   0.01   1.0   3.0818909008683613
   0.0015   0.01   1.0   2.518229335970974
   0.0015   0.01   1.0   4.992381814900282
   0.0015   0.01   1.0   3.6995652554170015
   0.0015   0.01   1.0   0.5222930901974994
   0.0015   0.01   1.0   3.0822184655108815
   0.0015   0.01   1.0   3.536339970137358
   0.0015   0.01   1.0   6.213641628933485
   0.0015   0.01   1.0   5.72701430576192
   0.0015   0.01   1.0   6.042269959301597
   0.0015   0.01   1.0   0.6747478044250373
   0.0015   0.01   1.0   0.07221215956158314
