   100
   6
   0.0015   0.01   1.0   3.001015753275348
   0.0015   0.01   1.0   4.557591429000208
   0.0015   0.01   1.0   2.7322627655678224
   0.0015   0.01   1.0   4.016756579419259
   0.0015   0.01   1.0   5.893688400718492
   0.0015   0.01   1.0   1.9994624503198541
   0.0015   0.01   1.0   1.4977361785239436
   0.0015   0.01   1.0   5.54562590126792
   0.0015   0.01   1.0   5.907674217421336
   0.0015   0.01   1.0   5.29636692261716
   0.0015   0.01   1.0   4.733717491158851
   0.0015   0.01   1.0   4.747156475255969
   0.0015   0.01   1.0   0.7642935517414603
   0.0015   0.01   1.0   4.2923197173688
   0.0015   0.01   1.0   4.194523770902083
   0.0015   0.01   1.0   5.390700597563025
   0.0015   0.01   1.0   2.856659826591927
   0.0015   0.01   1.0   2.7274595723214032
   0.0015   0.01   1.0   5.048343784987741
   0.0015   0.01   1.0   1.1021313357870568
   0.0015   0.01   1.0   1.0541336874461735
   0.0015   0.01   1.0   1.7523586780649258
   0.0015   0.01   1.0   1.1636239829562482
   0.0015   0.01   1.0   4.956818025765175
   0.0015   0.01   1.0   6.1714145207821565
   0.0015   0.01   1.0   3.434161102996826
   0.0015   0.01   1.0   3.749879512676346
   0.0015   0.01   1.0   4.726622768209964
   0.0015   0.01   1.0   4.121881824888355
   0.0015   0.01   1.0   4.629733782456592
   0.0015   0.01   1.0   2.0712260026540945
   0.0015   0.01   1.0   4.753219340125801
   0.0015   0.01   1.0   5.672018122328719
   0.0015   0.01   1.0   4.351550806372216
   0.0015   0.01   1.0   5.305850330822204
   0.0015   0.01   1.0   4.23669210013537
   0.0015   0.01   1.0   6.176834722762216
   0.0015   0.01   1.0   2.5241407751896685
   0.0015   0.01   1.0   4.766644146107454
   0.0015   0.01   1.0   2.8762874879207736
   0.0015   0.01   1.0   4.121008326233127
   0.0015   0.01   1.0   0.7518052708431617
   0.0015   0.01   1.0   5.715746725543276
   0.0015   0.01   1.0   0.9343144290845418
   0.0015   0.01   1.0   4.513474106200592
   0.0015   0.01   1.0   0.7282540257794238
   0.0015   0.01   1.0   1.5271844474150498
   0.0015   0.01   1.0   5.985257083445791
   0.0015   0.01   1.0   0.4145283383732034
   0.0015   0.01   1.0   2.330846254837074
   0.0015   0.01   1.0   5.817761185899011
   0.0015   0.01   1.0   2.6832300513403964
   0.0015   0.01   1.0   0.3707407300637673
   0.0015   0.01   1.0   6.123522288490347
   0.0015   0.01   1.0   2.5008520519994857
   0.0015   0.01   1.0   5.274401042762279
   0.0015   0.01   1.0   6.249921207742121
   0.0015   0.01   1.0   5.093713608576714
   0.0015   0.01   1.0   0.2286256490170034
   0.0015   0.01   1.0   4.146555814608204
   0.0015   0.01   1.0   4.109537135912826
   0.0015   0.01   1.0   2.2172986709543956
   0.0015   0.01   1.0   4.605687652211886
   0.0015   0.01   1.0   6.118054648822839
   0.0015   0.01   1.0   1.3593104683126118
   0.0015   0.01   1.0   0.2537459083448867
   0.0015   0.01   1.0   6.049215053822683
   0.0015   0.01   1.0   2.007212521456824
   0.0015   0.01   1.0   1.9904727534065059
   0.0015   0.01   1.0   4.74655733850776
   0.0015   0.01   1.0   5.361318507359076
   0.0015   0.01   1.0   0.5737033944192687
   0.0015   0.01   1.0   4.146473886596962
   0.0015   0.01   1.0   2.4004761615546424
   0.0015   0.01   1.0   2.260640285509316
   0.0015   0.01   1.0   1.1152387250966933
   0.0015   0.01   1.0   2.48429468193904
   0.0015   0.01   1.0   1.8177271315187558
   0.0015   0.01   1.0   5.61947485267501
   0.0015   0.01   1.0   5.977018441207072
   0.0015   0.01   1.0   2.59532352071329
   0.0015   0.01   1.0   5.363726537299668
   0.0015   0.01   1.0   4.164722008418843
   0.0015   0.01   1.0   0.4927867666995315
   0.0015   0.01   1.0   5.158089199115227
   0.0015   0.01   1.0   5.096379429248745
   0.0015   0.01   1.0   3.279683433266211
   0.0015   0.01   1.0   5.406989011874473
   0.0015   0.01   1.0   0.8271158353474557
   0.0015   0.01   1.0   1.9668532048459928
   0.0015   0.01   1.0   2.421898649356249
   0.0015   0.01   1.0   6.24705952025445
   0.0015   0.01   1.0   0.6449198860579916
   0.0015   0.01   1.0   0.308334875714178
   0.0015   0.01   1.0   0.49670675851250573
   0.0015   0.01   1.0   4.361221711986431
   0.0015   0.01   1.0   4.714522026739854
   0.0015   0.01   1.0   4.3709564486852575
   0.0015   0.01   1.0   0.46523953461883943
   0.0015   0.01   1.0   0.6317212629840715
