   50
   0.0015   0.01   1.0   3.043565066988096
   0.0015   0.01   1.0   0.6898465135352109
   0.0015   0.01   1.0   1.5645026637839188
   0.0015   0.01   1.0   0.1931657806933008
   0.0015   0.01   1.0   4.625420133924109
   0.0015   0.01   1.0   3.364863917407631
   0.0015   0.01   1.0   3.503782400003481
   0.0015   0.01   1.0   2.629115093853887
   0.0015   0.01   1.0   4.570975496995291
   0.0015   0.01   1.0   2.26238404448048
   0.0015   0.01   1.0   5.150524033382351
   0.0015   0.01   1.0   5.130887683454585
   0.0015   0.01   1.0   1.182055547862707
   0.0015   0.01   1.0   6.087729555745678
   0.0015   0.01   1.0   2.144267628737219
   0.0015   0.01   1.0   4.91488963243048
   0.0015   0.01   1.0   1.2333675827632335
   0.0015   0.01   1.0   3.049773638607458
   0.0015   0.01   1.0   0.3510583349390478
   0.0015   0.01   1.0   3.9233902125356117
   0.0015   0.01   1.0   2.6287250050254136
   0.0015   0.01   1.0   2.39841775143436
   0.0015   0.01   1.0   6.268110202464962
   0.0015   0.01   1.0   3.141029732922962
   0.0015   0.01   1.0   5.686032782550057
   0.0015   0.01   1.0   5.776823714300003
   0.0015   0.01   1.0   5.320549250001615
   0.0015   0.01   1.0   6.027230060609761
   0.0015   0.01   1.0   2.3754033134476438
   0.0015   0.01   1.0   2.8656977754190494
   0.0015   0.01   1.0   5.65528393650937
   0.0015   0.01   1.0   6.053908936266148
   0.0015   0.01   1.0   5.128302748472321
   0.0015   0.01   1.0   4.538901368882564
   0.0015   0.01   1.0   2.456436363405596
   0.0015   0.01   1.0   1.7963964424066654
   0.0015   0.01   1.0   4.2259710294366055
   0.0015   0.01   1.0   0.920280621722115
   0.0015   0.01   1.0   5.145914314443965
   0.0015   0.01   1.0   3.2400393458966916
   0.0015   0.01   1.0   1.5456490267284753
   0.0015   0.01   1.0   1.153861985147053
   0.0015   0.01   1.0   5.233290201126229
   0.0015   0.01   1.0   3.696713092188359
   0.0015   0.01   1.0   3.5492058316356876
   0.0015   0.01   1.0   2.479709291867013
   0.0015   0.01   1.0   1.6163104742679821
   0.0015   0.01   1.0   5.5406948001480725
   0.0015   0.01   1.0   4.0352065530564705
   0.0015   0.01   1.0   4.451893980514105
